Time (s),Volume (m^3),Ar,Ne,N2,X(1),CH4(2),O2(3),CO2(4),H2O(5),H2(6),CO(7),C2H6(8),CH2O(9),CH3(10),C3H8(11),H(12),C2H5(13),CH3OH(14),HCO(15),CH3CHO(16),OH(17),C2H4(18),CH4X(55),OX(20),CH3X(21),HOX(22),HX(19),H2OX(23),H2X(56),CH3OO(84)
0.0,0.11640260799999998,0.8585084662769803,0.0,0.0,0.33756756319999998,0.11866996602996532,0.022821567693054285,0.0,0.0,0.0,0.0,0.0,0.0,0.0,0.0,0.0,0.0,0.0,0.0,0.0,0.0,0.0,0.0,0.0,0.0,0.0,0.0,0.0,0.0,0.0
6.669155158375245e-24,0.11640260799999998,0.8585084662769803,0.0,0.0,0.33756756319999998,0.11866996602996532,0.022821567693054285,1.4518251162944576e-133,1.2401471263088567e-63,1.1144967882993274e-43,1.6269634474021398e-70,3.1202041666622924e-57,6.1639391995183823e-47,1.4105190724314117e-26,-7.7206654260407115e-109,1.4105190722451572e-26,4.0866953639960968e-69,4.8919732346904545e-71,4.579448991068038e-71,3.193425127181651e-100,6.163939206113001e-47,3.4010003303865411e-86,2.6894754702805677e-18,1.2931237063348532e-19,4.9843974463619924e-23,5.5047778062115896e-38,4.9843974463621723e-23,1.8575897551355422e-54,7.1253914794653769e-60,7.0317670591727286e-44
1.8673634443450684e-23,0.11640260799999998,0.8585084662769803,0.0,0.0,0.33756756319999998,0.11866996602996532,0.022821567693054285,1.1202933021139246e-131,1.4790863925138268e-62,6.7315606013287763e-43,1.9315310049813477e-69,4.7152525366727277e-56,3.7230192769837898e-46,3.9494534034114209e-26,4.4662633953765857e-108,3.949453402286443e-26,6.1758140361935325e-68,1.5381146692744611e-69,5.4367218428307706e-70,7.1435642732993066e-99,3.7230192848129202e-46,9.5913650949225857e-85,7.530531316785592e-18,3.6207463777375891e-19,1.3956312849812992e-22,3.3248857941924072e-37,1.3956312849814085e-22,2.2053305568288683e-53,8.4592647644222319e-59,4.2471873042817306e-43
4.2682593013601564e-23,0.11640260799999998,0.8585084662769803,0.0,0.0,0.33756756319999998,0.11866996602996531,0.022821567693054285,1.2209504445334563e-129,1.4665450239449734e-61,3.2409566603756796e-42,1.8963885949910663e-68,5.0724535096732678e-55,1.7924735199319734e-45,9.0273220677853045e-26,2.6207340914514328e-106,9.0273220623690237e-26,6.6436589255041239e-67,3.4314492148877396e-68,5.3378057459567681e-69,1.4114479213957827e-97,1.7924735276186602e-45,2.086331410952633e-83,1.7212643009795624e-17,8.2759917205430603e-19,3.1900143656712657e-22,1.6007893849072397e-36,3.1900143656717909e-22,2.1652066171350403e-52,8.3053563084676925e-58,2.0448378616195311e-42
9.070051015390332e-23,0.11640260799999998,0.8585084662769803,0.0,0.0,0.33756756319999998,0.1186699660299653,0.022821567693054285,9.9881327681843343e-128,1.3227040924887251e-60,1.4154109211414107e-41,1.6773342372018873e-67,4.6624586821712948e-54,7.8282027907459621e-45,1.9183059406188542e-25,1.032545074761667e-104,1.9183059382534212e-25,6.1066671613952955e-66,6.4267246076702878e-67,4.7212287359640145e-68,2.511596163985703e-96,7.828202858733834e-45,3.8677068258716004e-82,3.657686639581563e-17,1.7586482406154002e-18,6.7787805270502588e-22,6.9910678021181074e-36,6.7787805270525553e-22,1.9151007309075457e-51,7.3459935996755437e-57,8.9303441735410777e-42
1.8673634443450684e-22,0.11640260799999998,0.8585084662769803,0.0,0.0,0.33756756319999992,0.11866996602996525,0.022821567693054285,7.1885317540979995e-126,1.1548141558204642e-59,5.9090619715743714e-41,1.4099004947672277e-66,3.9888315642180402e-53,3.2681205702064992e-44,3.949453412161688e-25,3.6483144183952609e-103,3.949453402286472e-25,5.2243823364091846e-65,1.1100568525310894e-65,3.9684772319732562e-67,4.2361740373425197e-95,3.2681206273544026e-44,6.6475998455760638e-81,7.530531316785539e-17,3.6207463777375891e-18,1.3956312849804496e-21,2.9186331822598344e-35,1.3956312849814078e-21,1.6097575548362628e-50,6.1747502498517121e-56,3.7282429023259199e-41
3.788080129957139e-22,0.11640260799999998,0.8585084662769803,0.0,0.0,0.33756756319999986,0.11866996602996517,0.022821567693054282,4.8726209750596618e-124,1.0173053920114965e-58,2.4140446233374524e-40,1.1559216105545769e-65,3.2980430737305117e-52,1.335133891978981e-43,8.0117483706961029e-25,1.2256820682505775e-101,8.0117483303526234e-25,4.3196203659146951e-64,1.8443760558359246e-64,3.2535974066659547e-66,6.9579285904615178e-94,1.3351339388322849e-43,1.1017909282795086e-79,1.5276220671193384e-16,7.3449426519819622e-18,2.8311377495297961e-21,1.1923568829674475e-34,2.8311377495337108e-21,1.3197764960442097e-49,5.0624333175344088e-55,1.5231088784795318e-40
7.62951350118128e-22,0.11640260799999998,0.8585084662769803,0.0,0.0,0.3375675631999997,0.11866996602996502,0.022821567693054278,3.2083525563287704e-122,9.3805921780345212e-58,9.7579543400976968e-40,9.3609529331590418e-65,2.6819138550374224e-51,5.3968246843779117e-43,1.6136338349559924e-24,4.0179559937521066e-100,1.613633818648513e-24,3.5126435765078523e-63,3.0067984448354555e-63,2.6348475458155067e-65,1.1279102127027367e-92,5.3968250638081114e-43,1.7939809225463751e-78,3.0767599380008659e-16,1.4793335200470701e-17,5.7021506786224852e-21,4.8196971248939752e-34,5.7021506786383102e-21,1.0687892161323306e-48,4.0996897530017296e-54,6.1566496377243327e-40
1.5312380243629562e-21,0.11640260799999998,0.8585084662769803,0.0,0.0,0.33756756319999937,0.11866996602996471,0.022821567693054271,2.0825692021663986e-120,9.388993391209096e-57,3.9236305231431193e-39,7.5345093662333052e-64,2.1630606830780615e-50,2.1700394883540576e-42,3.2385518554467532e-24,1.3012822274936028e-98,3.2385517898750955e-24,2.8330743525625129e-62,4.8559874467893971e-62,2.120754548633785e-64,1.816464640321601e-91,2.1700397937524878e-42,2.8954924950437766e-77,6.1750356797637547e-16,2.9690120297448138e-17,1.144417653678385e-20,1.9379789859450729e-33,1.1444176536847484e-20,8.6025453101754652e-48,3.2997869781879021e-53,2.475561762914252e-39
3.0678113728526126e-21,0.11640260799999998,0.8585084662769803,0.0,0.0,0.3375675631999987,0.11866996602996409,0.022821567693054257,1.3422707414505826e-118,1.0484924135003985e-55,1.5735513284704718e-38,6.0459693576782688e-63,1.7374879729163899e-49,8.7028290734811e-42,6.4883879953002595e-24,4.1891325538760175e-97,6.4883877323285838e-24,2.2756794756927769e-61,7.8058577608616479e-61,1.7017719924352257e-63,2.9158280798553391e-90,8.7028315241110997e-42,4.6529788791437124e-76,1.2371587163288867e-15,5.9483690491402876e-17,2.2928228253010523e-20,7.772162273881351e-33,2.2928228253265723e-20,6.903000638439674e-47,2.6478712367098933e-52,9.9281100639092392e-39
6.140958069831926e-21,0.11640260799999998,0.8585084662769803,0.0,0.0,0.33756756319999742,0.11866996602996285,0.022821567693054226,8.6208192684756301e-117,1.3129238356083282e-54,6.3024129142365257e-38,4.8441329459204817e-62,1.3928116681346842e-48,3.4856711221301933e-41,1.2988060670495217e-23,1.3445409691379754e-95,1.2988059617236861e-23,1.824238911100913e-60,1.2518470367069823e-59,1.3634885139685747e-62,4.6729279531209435e-89,3.4856730856162338e-41,7.4609562846800296e-75,2.4764690130336435e-15,1.1907083087931185e-16,4.5896331685079667e-20,3.1129186539801349e-32,4.5896331686101794e-20,5.530800403123508e-46,2.1215191674999774e-51,3.9764226385063964e-38
1.2287251463790551e-20,0.11640260799999998,0.8585084662769803,0.0,0.0,0.33756756319999481,0.11866996602996037,0.022821567693054167,5.5270374980062832e-115,1.8082787443268763e-53,2.5226076220669711e-37,3.8782520486621899e-61,1.1153789544290814e-47,1.3951769379832006e-40,2.59874076028369e-23,4.3089724713083061e-94,2.5987403387058601e-23,1.4608708739105521e-59,2.0052859669925869e-58,1.0916199414137378e-61,7.4827735748720853e-88,1.3951785099657347e-40,1.1950498224502093e-73,4.9550896064420936e-15,2.3824511165512752e-16,9.1832538547681093e-20,1.2459785563941505e-31,9.1832538551772261e-20,4.4280027635259e-45,1.6985053085782662e-50,1.5916054517058701e-37
2.4579838251707802e-20,0.11640260799999998,0.8585084662769803,0.0,0.0,0.3375675631999896,0.11866996602995541,0.022821567693054049,3.5404181324144767e-113,2.6590585772940513e-52,1.0093716338182959e-36,3.1037807217952142e-60,8.9275523228185055e-47,5.5825258304673912e-40,5.1986107795327348e-23,1.3799031260677882e-92,5.1986090926722836e-23,1.1692891532439954e-58,3.2103227552333257e-57,8.7362783211989343e-61,1.1977312361822704e-86,5.582538411102312e-40,1.9131181835338435e-72,9.9123307932547381e-15,4.765936732067502e-16,1.8370495226673647e-19,4.985535945704446e-31,1.8370495228310649e-19,3.5437471351059775e-44,1.3593204574612204e-49,6.3684958544692557e-37
4.9165011827542306e-20,0.11640260799999998,0.8585084662769803,0.0,0.0,0.33756756319997921,0.11866996602994551,0.02282156769305381,2.2668682503229083e-111,4.067035416803106e-51,4.0381437996683691e-36,2.4834967950006288e-59,7.1438505739870141e-46,2.23337446567212e-39,1.0398353349153653e-22,4.4173445872892419e-91,1.0398346600613431e-22,9.3566878909168724e-58,5.1380072049155682e-56,6.9903518178897678e-60,1.9167604086483357e-85,2.2333845320868139e-39,3.0618214566114962e-71,1.9826813166863003e-14,9.5329079630996014e-16,3.6744977968025734e-19,1.9945380230459403e-30,3.6744977974574816e-19,2.8355347890818745e-43,1.0876628945305331e-48,2.5478137418802709e-36
9.833535897921131e-20,0.11640260799999998,0.8585084662769803,0.0,0.0,0.33756756319995845,0.11866996602992567,0.022821567693053334,1.4511206107847828e-109,6.3572429397593719e-50,1.6153889827437104e-35,1.9869871170299051e-58,5.7158040323904089e-45,8.9342299094451484e-39,2.0797848612886804e-22,1.4138168383532451e-89,2.0797821616528933e-22,7.4863071264589462e-57,8.2219984119430772e-55,5.5928153535836355e-59,3.067130196314517e-84,8.9343104483343607e-39,4.8995846427823848e-70,3.9655777914011461e-14,1.9066850425162406e-15,7.3493943440893978e-19,7.9787934639496127e-30,7.3493943467092451e-19,2.2686410806576182e-42,8.7021293618383139e-48,1.0192090078745634e-35
1.9667605328254933e-19,0.11640260799999998,0.8585084662769803,0.0,0.0,0.33756756319991688,0.11866996602988601,0.02282156769305238,9.2882712685957139e-108,1.0051546981405491e-48,6.4618188711737629e-35,1.5896668082284669e-57,4.5729326705751643e-44,3.5738413607145027e-38,4.1596879638318358e-22,4.5246518361760816e-88,4.159677164849278e-22,5.9894393810735088e-56,1.3156128008430804e-53,4.474469339003202e-58,4.9076628723992565e-83,3.573905794764796e-38,7.8398855630860485e-69,7.9313707408036082e-14,3.8134735349282391e-15,1.4699187434728673e-18,3.1916408933704701e-29,1.4699187445208492e-18,1.8149955992680103e-41,6.9620339943041131e-47,4.0770064612278999e-35
3.9335744188922534e-19,0.11640260799999998,0.8585084662769803,0.0,0.0,0.33756756319983372,0.1186699660298067,0.022821567693050472,5.9449215297770488e-106,1.5986391397808687e-47,2.5847801415130043e-34,1.271766274290452e-56,3.6584619142029866e-43,1.4295688101167803e-37,8.3195103681042294e-22,1.4479659569609555e-86,8.3194671712951787e-22,4.7917264715242883e-55,2.1050488368745231e-52,3.5796678720588612e-57,7.8524761167314579e-82,1.4296203583887751e-37,1.2544301334303095e-67,1.5862956639499605e-13,7.6270505197499933e-15,2.9398773600269745e-18,1.2766772424443202e-28,2.9398773642189871e-18,1.4520254628707562e-40,5.569759408817932e-46,1.6308393922901954e-34
7.867202191025774e-19,0.11640260799999998,0.8585084662769803,0.0,0.0,0.33756756319966746,0.11866996602964806,0.022821567693046659,3.8049841270054522e-104,2.5501217148476336e-46,1.0339225785615487e-33,1.0174293203722873e-55,2.9268158373169946e-42,5.71835886005416e-37,1.66392199733932e-21,4.6336615331247092e-85,1.6639047184399511e-21,3.8334791490363494e-54,3.3681133319573377e-51,2.863780180255979e-56,1.2564172183684379e-80,5.7187712480557878e-37,2.0071411481802799e-66,3.1726128436455895e-13,1.5254204489384518e-14,5.8797945868401932e-18,5.1067202054344218e-28,5.8797946036084194e-18,1.1616253857689012e-39,4.4558604257678005e-45,6.523452955448941e-34
1.5734457735292815e-18,0.11640260799999998,0.8585084662769803,0.0,0.0,0.33756756319933495,0.11866996602933079,0.022821567693039033,2.4353895184372796e-102,4.0739893230719388e-45,4.1357113842847451e-33,8.1395504821904427e-55,2.3414711830179984e-41,2.2873755379166374e-36,3.3278898370946769e-21,1.4828288398361883e-83,3.3278207211458296e-21,3.0668672832379145e-53,5.3889471109101632e-50,2.2910567722391849e-55,2.010296534110624e-79,2.287705445366012e-36,3.2115135595536773e-65,6.3452472028625686e-13,3.0508512428617662e-14,1.1759629015286656e-17,2.0426659019896037e-27,1.1759629082359932e-17,9.2929179015527327e-39,3.5647095204929002e-44,2.6094176755756888e-33
3.1468968823826896e-18,0.11640260799999998,0.8585084662769803,0.0,0.0,0.33756756319866987,0.11866996602869626,0.022821567693023778,1.5588727837645711e-100,6.5132758748630078e-44,1.6542887885567601e-32,6.5117678977090869e-54,1.8731843367343792e-40,9.1496882989136124e-36,6.6559291913947581e-21,4.7453349233599957e-82,6.6556527268976354e-21,2.4535990534635812e-52,8.6220884114254344e-49,1.8328813088632287e-54,3.2165365315780621e-78,9.1523274877885396e-36,5.1386370738066867e-64,1.2690515920599406e-12,6.1017128306940264e-14,2.351929777145967e-17,8.170423838920073e-27,2.3519298039753717e-17,7.4341318609968872e-38,2.8517761207773293e-43,1.0437883017787373e-32
6.2937991000895054e-18,0.11640260799999998,0.8585084662769803,0.0,0.0,0.33756756319733977,0.11866996602742717,0.022821567692993268,9.9795437582605628e-99,1.0416699276652925e-42,6.6171637905284495e-32,5.2095951536926765e-53,1.4985504015626714e-39,3.6600102765427432e-35,1.331242259914527e-20,1.5186747702228492e-80,1.3311316739761436e-20,1.9630359629481652e-51,1.3794521262835489e-47,1.4663559472663511e-53,5.1466325575653838e-77,3.6621215051043825e-35,8.2224562761474584e-63,2.5381053353284616e-12,1.2203436006301081e-13,4.703863488092607e-17,3.2679652710757073e-26,4.7038635954105715e-17,5.9469551135111953e-37,2.2814243502260033e-42,4.1753071331212843e-32
1.2587603535503138e-17,0.11640260799999998,0.8585084662769803,0.0,0.0,0.33756756319467951,0.11866996602488902,0.022821567692932251,6.3904051597164645e-97,1.6661624716765852e-41,2.6468673767576569e-31,4.1679561863281701e-52,1.1988414557877735e-38,1.4641092840287444e-34,2.6627068211191005e-20,4.8608106925807259e-79,2.6622644770929817e-20,1.5706748765383442e-50,2.2068534690501555e-46,1.1731635878717265e-52,8.2351496033154839e-76,1.4657980670926692e-34,1.315792659297858e-61,5.0762128207501123e-12,2.4406882357285315e-13,9.407730748834041e-17,1.3070202330291826e-25,9.4077311781078253e-17,4.7569930016800616e-36,1.8251409445760465e-41,1.6702428087681131e-31
2.5175212406330403e-17,0.11640260799999998,0.8585084662769803,0.0,0.0,0.33756756318935904,0.11866996601981271,0.022821567692810216,4.0943247640566394e-95,2.6649852752408615e-40,1.0587474294404582e-30,3.3348093410501688e-51,9.590735571118054e-38,5.8572729390241807e-34,5.3262994621006271e-20,1.5561290609670003e-77,5.3245300855029649e-20,1.2569318479848731e-49,3.5300960564922001e-45,9.3865595429538425e-52,1.3177943697491258e-74,5.8707799930453614e-34,2.1059038704104732e-60,1.0152427787131857e-11,4.8813775058334367e-13,1.8815464625709562e-16,5.2267494178834146e-25,1.8815466342818519e-16,3.8046767412507713e-35,1.4601134741430934e-40,6.6819245085731583e-31
5.0350430147984935e-17,0.11640260799999998,0.8585084662769803,0.0,0.0,0.33756756317871811,0.11866996600966009,0.022821567692566148,2.6260793041832607e-93,4.2617830053418052e-39,4.2349915282610903e-30,2.6685570161892958e-50,7.672589045482357e-37,2.3435767009956908e-33,1.0656138817989185e-19,4.9838949080720489e-76,1.0649061311028165e-19,1.006171976933616e-48,5.6453684566582753e-44,7.5112448017601709e-51,2.1090151224885142e-73,2.3543772049675814e-33,3.3714778982992065e-59,2.0304857702049104e-11,9.7627560456754497e-13,3.7630929801031626e-16,2.0896343195351119e-24,3.7630936669574444e-16,3.0422724586531472e-34,1.1680912790657112e-39,2.6735311479686595e-30
1.00700865631294e-16,0.11640260799999998,0.8585084662769803,0.0,0.0,0.33756756315743625,0.11866996598935486,0.02282156769207801,2.2361616170758392e-91,6.8123258238322164e-38,1.6939976558237946e-29,2.1359802885666995e-49,6.1380699016797335e-36,9.3796447721629354e-33,2.1326433822554521e-19,1.5980944959344255e-74,2.1298123796899497e-19,8.0594026904664568e-48,9.02368501544808e-43,6.0121896380218593e-50,3.3761644190241202e-72,9.4659666654909221e-33,5.4008676899075165e-58,4.0609717460498666e-11,1.9525513123888425e-12,7.5261849837962681e-16,8.3500238619266282e-24,7.5261877312983484e-16,2.4314702400099422e-33,9.3447356292632522e-39,1.0700212797587563e-29
2.0140173659791213e-16,0.11640260799999998,0.8585084662769803,0.0,0.0,0.33756756311487246,0.11866996594874439,0.022821567691101736,1.4526595284836629e-89,1.087927689501798e-36,6.7759981716898723e-29,1.7105994736658348e-48,4.9104528752370953e-35,3.7561278347879373e-32,4.2709488979546113e-19,5.1331587714628773e-73,4.2596248907925889e-19,6.4635787564653199e-47,1.4409479000581219e-41,4.8148611146138526e-49,5.4074310264652219e-71,3.8250542804601325e-32,8.6622153266191155e-57,8.1219436691857951e-11,3.9051027274430565e-12,1.5052364865699575e-15,3.3332178056397096e-23,1.5052375856384017e-15,1.9414299112013488e-32,7.475796098477365e-38,4.2849551701656449e-29
4.0280347853114836e-16,0.11640260799999998,0.8585084662769803,0.0,0.0,0.33756756302974489,0.11866996586752344,0.022821567689149183,9.5031301715265656e-88,1.7342081608070157e-35,2.7104051458396443e-28,1.3713838700051503e-47,3.9283570621951116e-34,1.5058669823053753e-31,8.5645459698608885e-19,1.6549659801765447e-71,8.5192499687113565e-19,5.1966022781384046e-46,2.2964737328556562e-40,3.8600636641807995e-48,8.6697067692137331e-70,1.5607995761765116e-31,1.3926315129784313e-55,1.6243887401241734e-10,7.8102055551983075e-12,3.0104708127593215e-15,1.3278844808775021e-22,3.0104752095706163e-15,1.5471826929513708e-31,5.9806486150023422e-37,1.7178780009696916e-28
6.0420522046438455e-16,0.11640260799999998,0.8585084662769803,0.0,0.0,0.33756756294461732,0.1186699657863025,0.02282156768719663,4.7253706357177791e-87,6.3716335011302906e-35,5.759620791930342e-28,3.9260712463989778e-47,1.1662301086842936e-33,3.2049843359452256e-31,1.2875129063668084e-18,7.9346303821475964e-71,1.2778875102343616e-18,1.5470866056807671e-45,8.7397123062268295e-40,1.1050797153199819e-47,3.1941824033564368e-69,3.3617160892659506e-31,5.2807674124768532e-55,2.4365831019081752e-10,1.1715308380600384e-11,4.5157034887592509e-15,2.8138565100500032e-22,4.5157128327694899e-15,4.4142251184349807e-31,1.7100938737658104e-36,3.6562128674890108e-28
1.007008704330857e-15,0.11640260799999998,0.8585084662769803,0.0,0.0,0.33756756277436223,0.11866996562386062,0.022821567683291528,1.5692643401335239e-85,4.8713568615864199e-34,1.5923723926184848e-27,1.8109007070151676e-46,5.4628529378849379e-33,8.8966046432171715e-31,2.1564239189619399e-18,1.2163487717123252e-69,2.1298125592462089e-18,7.3167083053589586e-45,7.1337048407960198e-39,5.0971811627079697e-47,2.4662997122551701e-68,9.6121931472742292e-31,4.2057449627634737e-54,4.0609717797898133e-10,1.9525514021996714e-11,7.5261622400162809e-15,7.7237509498648219e-22,7.5261880789992752e-15,2.0152018545008916e-30,7.858985056940038e-36,1.0149145464535962e-27
1.3695318398106823e-15,0.11640260799999998,0.8585084662769803,0.0,0.0,0.33756756262113263,0.11866996547766293,0.022821567679776937,7.3540756811687063e-85,1.3377042778781515e-33,2.8355519772434703e-27,4.0845941036872653e-46,1.2606067106966767e-32,1.5884435386756951e-30,2.9439320335658786e-18,4.4732757123160799e-69,2.8965451213580384e-18,1.6983170459786389e-44,2.0725444690465579e-38,1.1496994870330304e-46,6.803223524655532e-68,1.7489393715022578e-30,1.1857445096716673e-53,5.5229215529798421e-10,2.6554699091654161e-11,1.0235569784367155e-14,1.3688413758342713e-21,1.0235615802434286e-14,4.5195521836807016e-30,1.7690535050729574e-35,1.8120772993421196e-27
1.7320549752905076e-15,0.11640260799999998,0.8585084662769803,0.0,0.0,0.33756756246790304,0.11866996533146523,0.022821567676262346,2.1448195665926897e-84,3.0032101271536698e-33,4.4263502720190667e-27,7.7365585329675203e-46,2.427218379455359e-32,2.4862320765367143e-30,3.7372492860098216e-18,1.2056222276497164e-68,3.6632777025237361e-18,3.2872505451250583e-44,4.7271147167573366e-38,2.1776257707151958e-46,1.5350315849806822e-67,2.7884327213724875e-30,2.727274238037245e-53,6.9848712871083299e-10,3.3583884153286857e-11,1.2944971685150504e-14,2.1265795540620294e-21,1.2945043530152213e-14,8.5094660253720014e-30,3.3436340354576709e-35,2.8362620384058994e-27
2.0945781107703327e-15,0.11640260799999998,0.8585084662769803,0.0,0.0,0.33756756231467344,0.11866996518526757,0.022821567672747754,5.7969752131520105e-84,5.7551458471898861e-33,6.3455144167441041e-27,1.2956924439775771e-45,4.1268618231557748e-32,3.5732804194569749e-30,4.5360538742500129e-18,2.7892018362775159e-68,4.4300103016878301e-18,5.6194175421666534e-44,9.3156232585547884e-38,3.6470133937273947e-46,2.9551111326087803e-67,4.0766209946033559e-30,5.3416854661334494e-53,8.4468209843390533e-10,4.0613069207325295e-11,1.5654368254996796e-14,3.0347625336491177e-21,1.5654471263805176e-14,1.4172477872707762e-29,5.5887698045232888e-35,4.0763507716198707e-27
2.8196243817299833e-15,0.11640260799999998,0.8585084662769803,0.0,0.0,0.33756756200821431,0.11866996489287222,0.022821567665718568,2.8654813380636322e-83,1.4813462445904554e-32,1.0932686335708686e-26,2.7750014826511601e-45,9.1245086234669636e-32,6.1826722484867108e-30,6.1461767886273021e-18,1.0225854188603854e-67,5.9634755410610324e-18,1.2551835240817259e-43,2.5880008488857698e-37,7.8108563789593709e-46,7.6616775525421159e-67,7.2511426588457543e-30,1.4293561887353878e-52,1.1370720294655828e-09,5.4671439298076059e-11,2.1073149237615942e-14,5.1888229532063651e-21,2.1073326750034556e-14,3.0082149108451733e-29,1.1931430968921007e-34,7.0531037700018162e-27
3.544670652689634e-15,0.11640260799999998,0.8585084662769803,0.0,0.0,0.33756756170175517,0.11866996460047687,0.022821567658689382,9.145629113226996e-83,3.1238982392037448e-32,1.6733661784725067e-26,5.0612201392928471e-45,1.7094600280311292e-31,9.5024203948907422e-30,7.7765830402380011e-18,2.7617726251957124e-67,7.4969408469636381e-18,2.3738667905012741e-43,5.7627090607818588e-37,1.4245925243722968e-45,1.6263759479533096e-66,1.1434923298324744e-29,3.1231844257423588e-52,1.429461946858345e-09,6.8729809360778589e-11,2.6491910515011218e-14,7.8833494609294366e-21,2.6492182273843393e-14,5.4404023787024032e-29,2.1696092237381415e-34,1.0840215118330668e-26
4.269716923649284e-15,0.11640260799999998,0.8585084662769803,0.0,0.0,0.33756756139529603,0.11866996430808154,0.022821567651660195,2.4932226850532896e-82,5.8848875491152337e-32,2.3830790802486219e-26,8.3977722939390989e-45,2.8930915246569657e-31,1.3589556915728636e-29,9.4286483281192507e-18,6.4625462411739024e-67,9.0304062239081819e-18,4.0564451608974784e-43,1.1321237537872704e-36,2.3637390435098676e-45,3.0842257679244356e-66,1.6768960261569804e-29,6.0810149931559061e-52,1.7218518496870966e-09,8.2788179393538719e-11,3.1910650750695697e-14,1.11424248199461e-20,3.1911037850355304e-14,8.9499441703144248e-29,3.5889710006787365e-34,1.5502743516848469e-26
5.719809465568585e-15,0.11640260799999998,0.8585084662769803,0.0,0.0,0.33756756078237787,0.11866996372329094,0.022821567637601826,1.6090778088765604e-81,1.7622266060067514e-31,4.1986676503318659e-26,1.9518130029632489e-44,6.8800866128772954e-31,2.4166042523076822e-29,1.2798976008858682e-17,3.0122737928225973e-66,1.2097337194926252e-17,9.8694113287008751e-43,3.5564257678311866e-36,5.4938100928161121e-45,9.411124949073082e-66,3.1402079100235089e-29,1.9537387504904459e-51,2.3066316108319012e-09,1.1090491936762477e-10,4.274806691172179e-14,1.9308504717124141e-20,4.2748749241987973e-14,2.0365040637749846e-28,8.2786991471385343e-34,2.7568168916236362e-26
7.169902007487886e-15,0.11640260799999998,0.8585084662769803,0.0,0.0,0.33756756016945977,0.1186699631385004,0.022821567623543457,6.093081850992291e-81,4.1013136600129502e-31,6.540838911964625e-26,3.7760060315251268e-44,1.343646694089268e-30,3.7989734765799653e-29,1.6257290893648318e-17,9.2905104203898441e-66,1.5164268454547122e-17,1.9679891403852591e-42,8.46515931486157e-36,1.0628405533033378e-44,2.2265818082252089e-65,5.1717151461613533e-29,4.7763393309477709e-51,2.891411312811464e-09,1.3902165922025706e-10,5.3585397593384143e-14,2.9594392491507328e-20,5.3586461021352554e-14,3.8626744279997098e-28,1.5903668139947557e-33,4.3337892084373909e-26
1.0070087091326489e-14,0.11640260799999998,0.8585084662769803,0.0,0.0,0.33756755894362372,0.11866996196891949,0.022821567595426716,5.7888984457169038e-80,1.5680614936634953e-30,1.280607828942042e-25,1.055636243669171e-43,3.7573717516830374e-30,7.5816844758181961e-29,2.3438054243737604e-17,5.8885435659469235e-65,2.1298131840173177e-17,5.7619321640745585e-42,3.269466126739135e-35,2.9713221025228762e-44,8.8747753556465826e-65,1.1251009681604894e-28,2.0067396624301704e-50,4.0609705391568472e-09,1.9525513856144179e-10,7.5259802351652429e-14,5.6001848794048582e-20,7.5261886272044742e-14,1.0320173542026146e-27,4.3744633207549991e-33,8.6489897506560054e-26
1.5870457259003693e-14,0.11640260799999998,0.8585084662769803,0.0,0.0,0.33756755649195236,0.11866995962975838,0.02282156753919324,1.2772584208489436e-78,9.8168681766574606e-30,3.1661007921945221e-25,4.3522525341603098e-43,1.5120701846017723e-29,1.9496441471880902e-28,3.8856131224458956e-17,7.6023703981301699e-64,3.3565862077091264e-17,2.5473560757916913e-41,2.0091001002511136e-34,1.225037927463922e-43,6.1051729625788057e-64,3.323044557456052e-28,1.4889301299244638e-49,6.4000882813666072e-09,3.0772209579077745e-10,1.1860758543311284e-13,1.2924181030195763e-19,1.186127464594117e-13,3.8588144314693149e-27,1.740764633501253e-32,2.2240837296608656e-25
2.74711975943581e-14,0.11640260799999998,0.8585084662769803,0.0,0.0,0.33756755158861235,0.11866995495143902,0.022821567426726287,5.5259195902906648e-77,8.6309527267838441e-29,9.4674749135274397e-25,2.4960389714675835e-42,8.1175417577435306e-29,6.2965554504168808e-28,7.3918464662819988e-17,1.7685739208127117e-62,5.8101336414141139e-17,1.6353661857615897e-40,1.6986027722985738e-33,7.0256550716026971e-43,6.4723642738042116e-63,1.2806704309224194e-27,1.7693529852055391e-48,1.1078320923752944e-08,5.3265600445324187e-10,2.0529904588203601e-13,3.3896158316608041e-19,2.0531452404672947e-13,1.8251653296784685e-26,9.2970231444393883e-32,7.1827506231608599e-25
5.067267826506692e-14,0.11640260799999998,0.8585084662769803,0.0,0.0,0.33756754178194381,0.11866994559481164,0.022821567201792386,3.6786739021308221e-75,8.7711651100037889e-28,3.2195880117474217e-24,1.8327196524464009e-41,5.2361498202470811e-28,2.4633893521271334e-27,1.6094643452657704e-16,6.6690499292058383e-61,1.0717234054144066e-16,1.4478521541313156e-39,1.6546179771723371e-32,5.1585961276081281e-42,9.1843379395403123e-62,5.8670482687011866e-27,3.0189490169901667e-47,2.0434774840357786e-08,9.8252379869026311e-10,3.7866554534057521e-13,9.1742718353132701e-19,3.7871840200220543e-13,9.499806606044419e-26,5.9874281839203718e-31,2.8099895665398461e-24
9.707563960648455e-14,0.11640260799999998,0.8585084662769803,0.0,0.0,0.33756752216865255,0.11866992688160238,0.022821566751924635,3.2293133307479742e-73,8.9695791645626743e-27,1.1818790988889413e-23,1.6347537566958594e-40,3.7455481303374894e-27,1.1418231623153246e-26,4.0260386020252344e-16,3.9439214555348779e-59,2.0531457061052671e-16,1.7329370362111626e-38,1.6273965212693808e-31,4.6013778062090423e-41,1.6121456382256347e-60,2.9004021289482562e-26,7.069065002094347e-46,3.9147637200889634e-08,1.8822592951618039e-09,7.2533287022883893e-13,2.3599148398951696e-18,7.2552779959038119e-13,4.8639170135198631e-25,4.2832101578856303e-30,1.3023827160776955e-23
1.434786009479022e-13,0.11640260799999998,0.8585084662769803,0.0,0.0,0.33756750255542206,0.11866990816845373,0.022821566302056947,2.8253353746994023e-72,3.1341374236983032e-26,2.5826933043743871e-23,5.7046079844625843e-40,1.1513130902497358e-26,2.9289400120294506e-26,7.3438109896145122e-16,3.1105361551397905e-58,3.034570964339873e-16,7.4100728552693308e-38,5.6975914050661723e-31,1.6056888821913503e-40,7.3576876711124975e-60,7.3685895024090187e-26,3.792969296668498e-45,5.786043893130766e-08,2.7819946694027939e-09,1.0719126452444306e-12,3.974031755492515e-18,1.0723395951806168e-12,1.2192311403803627e-24,1.3170366857282553e-29,3.3406143388421749e-23
2.3628452363073746e-13,0.11640260799999998,0.8585084662769803,0.0,0.0,0.33756746332914361,0.11866987074233833,0.022821565402321754,1.1354972295453857e-70,1.6207009757617108e-25,7.0102052950917483e-23,3.3467031864014684e-39,5.1464637787091555e-26,1.0586077584600082e-25,1.6681780535327717e-15,1.2036663962268674e-56,4.9974303535768645e-16,6.2942103155955373e-37,2.8639275048717462e-30,9.420043703638212e-40,7.203324269522689e-59,2.4424710603148293e-25,5.3641970232054564e-44,9.5285860502750257e-08,4.5814650506138697e-09,1.7648096626001081e-12,7.2275446639142984e-18,1.7659708700284041e-12,3.7360340810292907e-24,5.8937681318376635e-29,1.2072429918654535e-22
3.2909044631357274e-13,0.11640260799999998,0.8585084662769803,0.0,0.0,0.33756742410310842,0.11866983331646544,0.022821564502586805,8.2039154631354378e-70,4.5136755148689628e-25,1.3608883843268066e-22,1.0429919808410644e-38,1.3513887050501383e-25,2.5147376104012827e-25,2.9621769103505971e-15,8.7308887718579705e-56,6.9603015733126163e-16,2.4887763582694775e-36,7.8957376199235038e-30,2.9357345899516133e-39,2.9026266268557029e-58,5.3779394377841727e-25,2.6240543031984949e-43,1.327110395560503e-07,6.3809349425745702e-09,2.4573567577659679e-12,1.0491809842216744e-17,2.4596124127020514e-12,7.6137792476335692e-24,1.5490473311216086e-28,2.8675209873129716e-22
4.21896368996408e-13,0.11640260799999998,0.8585084662769803,0.0,0.0,0.33756738487731663,0.11866979589083504,0.022821563602852105,3.9475465070431148e-69,9.6073227986519088e-25,2.2383513901161647e-22,2.4719918203310683e-38,2.7860675008403141e-25,4.8715623999670758e-25,4.6162028669324984e-15,4.2931281051841366e-55,8.9231846237516429e-16,7.173831787473977e-36,1.6737039814221128e-29,6.9579764213755361e-39,8.3795748321620553e-58,9.7549366909557432e-25,8.8585224172295608e-43,1.7013597609271141e-07,8.1804043453681361e-09,3.1495541055115658e-12,1.3740217297574178e-17,3.1532642497937346e-12,1.2794895253370822e-23,3.1964294546980587e-28,5.5544268921790273e-22
5.147022916792432e-13,0.11640260799999998,0.8585084662769803,0.0,0.0,0.33756734565176821,0.11866975846544715,0.022821562703117644,1.4776035279123699e-68,1.7507386391008304e-24,3.3339012525739253e-22,4.9917682695423108e-38,4.9835902054561159e-25,8.3450602963443928e-25,6.6300763782157257e-15,1.6659836135678866e-54,1.0886079505104097e-15,1.7120279910940311e-35,3.0470760697282648e-29,1.4050456935717478e-38,2.0029835513369277e-57,1.5789066990066882e-24,2.4154469510876346e-42,2.0756067011428347e-07,9.9798732590732986e-09,3.8414018853479192e-12,1.6981085120231122e-17,3.8469263729499916e-12,1.9217755816192651e-23,5.7227463470467198e-28,9.5138965359745501e-22
7.003141370449138e-13,0.11640260799999998,0.8585084662769803,0.0,0.0,0.33756726720140129,0.1186696836153989,0.022821560903649462,1.3062559974812799e-67,4.3821214658070389e-24,6.181080431691593e-22,1.5084453649024403e-37,1.2275753648755349e-24,1.9440391191069066e-24,1.1736702418969933e-14,1.6301221543844651e-53,1.4811904761326205e-15,6.8445906608475e-35,7.6690347048830223e-29,4.2458618310418482e-38,8.1350670144158132e-57,3.36262466396225e-24,1.2146268542381567e-41,2.8240933061790053e-07,1.3578809619046395e-08,5.2240494048127394e-12,2.3459355817503174e-17,5.234281458325046e-12,3.5577031457094886e-23,1.4121715970062617e-27,2.2159073213057721e-21
8.859259824105843e-13,0.11640260799999998,0.8585084662769803,0.0,0.0,0.33756718875200781,0.11866960876632064,0.022821559104182262,6.2348865116552981e-67,8.7847628673474972e-24,9.9063605650115354e-22,3.5590610814075413e-37,2.4542991314787589e-24,3.7527036196383708e-24,1.8280619955730799e-14,8.178197042500717e-53,1.873777734365934e-15,1.9910750744724764e-34,1.5535302827365967e-28,1.0017790521269496e-37,2.4225392244165164e-56,6.0615530335134011e-24,4.1504605834929889e-41,3.5725702107931829e-07,1.7177744022371538e-08,6.6053007509648409e-12,2.993906266563169e-17,6.621677656359684e-12,5.6251663156988604e-23,2.8283029490307265e-27,4.2767214616555803e-21
1e-12,0.11640260799999998,0.8585084662769803,0.0,0.0,0.33756714053877085,0.11866956276577728,0.022821557998259509,1.4594030003422917e-66,1.2552493720722606e-23,1.2633316333443693e-21,5.5822264107281661e-37,3.5147535470730469e-24,5.2896477116318495e-24,2.3014862513250683e-14,1.9727211182053949e-52,2.1150578183932352e-15,3.4936324007860378e-34,2.2376940370941073e-28,1.5712456960906345e-37,4.3501463476373499e-56,8.2528553586148718e-24,7.9787249753452392e-41,4.0325671151001342e-07,1.9389589529526675e-08,7.4535032786944321e-12,3.3923624079471288e-17,7.4743691632039655e-12,7.0916153680686499e-23,4.0547660900443049e-27,6.0275931014611353e-21
1.0715378277762549e-12,0.11640260799999998,0.8585084662769803,0.0,0.0,0.33756711030358755,0.11866953391821237,0.022821557304716036,2.2934307135698244e-66,1.5382180262800599e-23,1.4513883241531256e-21,7.2204583772219892e-37,4.3165771396454653e-24,6.442030715259333e-24,2.6260319958203804e-14,3.1378581116635966e-52,2.266369725387198e-15,4.7985048493975537e-34,2.7565148650505015e-28,2.0323640798211556e-37,6.0556982598240058e-56,9.8572445068037713e-24,1.1477619406318055e-40,4.3210374151160676e-07,2.0776676469154431e-08,7.9851574325480134e-12,3.6423736038159953e-17,8.009114963414777e-12,8.0818765781809528e-23,4.9830944901162494e-27,7.3402291548225432e-21
1.442761518507596e-12,0.11640260799999998,0.8585084662769803,0.0,0.0,0.33756695340966714,0.11866938422490575,0.022821553705786517,2.4974130295155612e-65,3.6489867423252099e-23,2.6391773678788354e-21,2.2729165828366135e-36,1.048140865798865e-23,1.5167424137299127e-23,4.6521209275496441e-14,3.9825367608749645e-51,3.0515679064815995e-15,2.0748009804964432e-33,6.7686671935120528e-28,6.3976552841110973e-37,3.0844235321739244e-55,2.1443891793152426e-23,6.9994569834378242e-40,5.8179427233966006e-07,2.7974535493327604e-08,1.0740692658980206e-11,4.9393745394503038e-17,1.0784112918456976e-11,1.4030831622822692e-22,1.2146774990536275e-26,1.7275226833766092e-20
1.813985209238937e-12,0.11640260799999998,0.8585084662769803,0.0,0.0,0.33756679651963989,0.11866923453547892,0.022821550106860912,1.3457753552318442e-64,7.0260689242883649e-23,4.1846836328089933e-21,5.521868926067376e-36,2.0782662336412542e-23,2.9522388094665926e-23,7.2507715347184121e-14,2.253814922533495e-50,3.8367850207854482e-15,6.2947744251964384e-33,1.351427971143171e-27,1.5542612276541844e-36,1.0928518539557831e-54,3.9525045144128784e-23,2.6441821822708392e-39,7.314809232032995e-07,3.5172386691784642e-08,1.3490666736921041e-11,6.2367571981562422e-17,1.3559275324624296e-11,2.1149924695495134e-22,2.4176193524519076e-26,3.3611760669564444e-20
2.5564325907016192e-12,0.11640260799999998,0.8585084662769803,0.0,0.0,0.33756648275126461,0.11866893516826427,0.022821542909021438,2.0938480685576454e-63,1.831859621548658e-22,8.3615845594618653e-21,2.133823362142734e-35,5.7960584613523312e-23,8.0666754029942108e-23,1.4161148547753244e-13,3.9101686008676602e-49,5.4072760544568619e-15,3.4777595058687711e-32,3.8020101499044038e-27,6.0061721259683721e-36,8.8814969895598632e-54,1.0071775804948906e-22,2.1681309345467918e-38,1.0308425854390978e-06,4.9568065612011799e-08,1.8973977530864938e-11,8.8328695779038759e-17,1.9110093485902462e-11,3.8162576460979852e-22,6.795849123523515e-26,9.1764741752834501e-20
3.2988799721643014e-12,0.11640260799999998,0.8585084662769803,0.0,0.0,0.33756616899846065,0.11866863581656761,0.022821535711197615,1.3613243405633461e-62,3.6721135398767997e-22,1.4007622334935733e-20,5.7933549756142948e-35,1.2416010657367661e-22,1.7097236914627587e-22,2.3347940204274609e-13,2.5850277478636411e-48,6.9778428372952785e-15,1.1985167260430088e-31,8.189881914373769e-27,1.6306878244314571e-35,4.1185790958741473e-53,2.0453494277506675e-22,9.3902376726851349e-38,1.3301887290242123e-06,6.3963713231043398e-08,2.4435182025205546e-11,1.1430893217751566e-16,2.46615694405113e-11,5.7821495167687911e-22,1.4667473197211908e-25,1.9434054944500497e-19
4.041327353626984e-12,0.11640260799999998,0.8585084662769803,0.0,0.0,0.33756585526122729,0.11866833648038815,0.022821528513389443,6.0740112680706378e-62,6.3118973659999288e-22,2.1148332177021058e-20,1.2827072752662631e-34,2.275900768391557e-22,3.1149036996248522e-22,3.4801963064806117e-13,1.1643183809217668e-47,8.5484853801923198e-15,3.1990316562641156e-31,1.5074638116010345e-26,3.6105196849611361e-35,1.4338240382373209e-52,3.6203001532014102e-22,2.9806135491007988e-37,1.6295193547636649e-06,7.8359329550192841e-08,2.987437203694966e-11,1.4030782833990253e-16,3.0213703183954328e-11,7.9248433685769684e-22,2.7084189395880788e-25,3.5378942292083609e-19
4.783774735089665e-12,0.11640260799999998,0.8585084662769803,0.0,0.0,0.33756554153956347,0.11866803715972506,0.022821521315596921,2.14924638555926e-61,9.8090817203898219e-22,2.9809261611527643e-20,2.486359881479948e-34,3.7635781746347432e-22,5.1322760602942397e-22,4.8514071611058794e-13,4.1706397412011322e-47,1.0119203694040786e-14,7.2534316969015666e-31,2.5013042500400149e-26,6.9985447451446679e-35,4.1605601902776766e-52,5.8421205003452827e-22,7.813980270892883e-37,1.92883446346254e-06,9.2754914570828584e-08,3.529163900398262e-11,1.6632543254727825e-16,3.57664947112145e-11,1.0187172810692218e-21,4.5115958054404756e-25,5.8247117388076096e-19
6.26866949801503e-12,0.11640260799999998,0.8585084662769803,0.0,0.0,0.33756491414294104,0.11866743856494481,0.022821506920058816,1.9501158159038987e-60,1.949698031227873e-21,5.1794045977944886e-20,7.2660321577788318e-34,8.4166605842192018e-22,1.1440916368740637e-21,8.2676216693704875e-13,3.9865944564210036e-46,1.326086767816874e-14,2.7894935052155814e-30,5.625959178870142e-26,2.0452436148851136e-34,2.6595086963117962e-51,1.2663774125002051e-21,4.009163173544696e-36,2.5274181329591207e-06,1.2154599072210717e-07,4.606076702599692e-11,2.1841692646036664e-16,4.6874051097122515e-11,1.4952231799801924e-21,1.0242599944411578e-24,1.2963725105727946e-18
7.605074784647858e-12,0.11640260799999998,0.8585084662769803,0.0,0.0,0.33756434953922004,0.11866689988270056,0.022821493964128036,8.4215280431652248e-60,3.1428663218107394e-21,7.7036022027115073e-20,1.5600200763342462e-33,1.4947411416790623e-21,2.0307304228327409e-21,1.2105384790523359e-12,1.744630290344708e-45,1.6088624509825931e-14,7.1964899377768318e-30,1.0035285519850765e-25,4.3911844406729669e-34,9.5073403209123715e-51,2.2110682618582517e-21,1.2360312008452587e-35,3.0660903753041586e-06,1.4745785223121253e-07,5.5678914785337638e-11,2.6536344904838709e-16,5.6873101415001638e-11,1.9376753039778047e-21,1.8432214008890568e-24,2.2977732704837223e-18
8.941480071280685e-12,0.11640260799999998,0.8585084662769803,0.0,0.0,0.33756378498593043,0.11866636125071683,0.022821481008247949,2.8943536880372604e-59,4.647669269583969e-21,1.0760129845570833e-19,2.958758544860214e-33,2.4162469757401215e-21,3.2848626444065175e-21,1.6660718754166297e-12,5.9856513638756931e-45,1.8916627008786959e-14,1.5911989976613154e-29,1.6287254126808182e-25,8.3284689957283865e-34,2.7870371376791513e-50,3.5345202241566496e-21,3.1757758532241966e-35,3.6047123549583717e-06,1.7336961235462127e-07,6.5227436506902312e-11,3.1237078600192705e-16,6.6874282874908986e-11,2.386150528099883e-21,3.0188018124565825e-24,3.7116007733862202e-18
1e-11,0.11640260799999998,0.8585084662769803,0.0,0.0,0.33756333785878606,0.11866593465481191,0.022821470746384031,6.8862127274139964e-59,6.0628143400056134e-21,1.3568765732241765e-19,4.6064114641657251e-33,3.3655931371868898e-21,4.5803980757371657e-21,2.0774676715937917e-12,1.42537013575154e-44,2.1156763363595871e-14,2.7559885003988145e-29,2.2755029288909925e-25,1.2966476643511469e-33,5.9200397791254248e-50,4.8929656277051941e-21,6.1065065323817313e-35,4.03130033450934e-06,1.9389334014824071e-07,7.2741415565211681e-11,3.4964683040946106e-16,7.4797381718486608e-11,2.743848191599352e-21,4.2484588141213241e-24,5.1696820396709974e-18
1.0277885357913512e-11,0.11640260799999998,0.8585084662769803,0.0,0.0,0.33756322048306731,0.11866582266898899,0.02282146805241855,8.4244958627466402e-59,6.4672424423395098e-21,1.4363921072222199e-19,5.1325659375451996e-33,3.6500032509193229e-21,4.9691129783818654e-21,2.1928423997375333e-12,1.7442867330508874e-44,2.1744875238581777e-14,3.1489779140617977e-29,2.4696851810892878e-25,1.4447567370516998e-33,7.0787920951271288e-50,5.2993691436285797e-21,7.1441936243002882e-35,4.1432840766163029e-06,1.9928127110037846e-07,7.4706852049273571e-11,3.5943895924449131e-16,7.6877595447833126e-11,2.8379258933378464e-21,4.6197687095332764e-24,5.6067881577684183e-18
1.161429064454634e-11,0.11640260799999998,0.8585084662769803,0.0,0.0,0.33756265603062524,0.11866528413751233,0.022821455096639836,2.1612186907728032e-58,8.6031201670247732e-21,1.8529918835900356e-19,8.324771995625237e-33,5.2388354894578329e-21,7.1456443877553574e-21,2.7903340455717865e-12,4.4834178382700489e-44,2.4573369262737996e-14,5.7342567977493072e-29,3.5576209623499043e-25,2.3433517260956278e-33,1.6121459781720443e-49,7.5677886207704545e-21,1.4562044629839276e-34,4.6818055449720427e-06,2.2519282847652719e-07,8.4117677322113164e-11,4.0656798959188753e-16,8.6883039104769046e-11,3.2918800968933208e-21,6.7167774784912195e-24,8.0513483337998708e-18
1.2950695931179167e-11,0.11640260799999998,0.8585084662769803,0.0,0.0,0.33756209162859907,0.11866474565628211,0.022821442140911804,5.0218112184794894e-58,1.1056283266180964e-20,2.3273075428723988e-19,1.2811862331193205e-32,7.2245979247390802e-21,9.8761639984959255e-21,3.458034706029413e-12,1.0435798687975115e-43,2.7402109144780823e-14,9.7859232448641451e-29,4.9234643765957036e-25,3.6064734676731302e-33,3.3694479567231585e-49,1.0401495895868777e-20,2.7499864977341389e-34,5.2202767647192299e-06,2.5110428449110874e-07,9.3460424336443234e-11,4.537578953319073e-16,9.689061381671944e-11,3.7474457354847002e-21,9.3823610679636535e-24,1.1112388073880407e-17
1.562350650444482e-11,0.11640260799999998,0.8585084662769803,0.0,0.0,0.3375609629757737,0.11866366884454238,0.022821416229607757,2.1807745692697513e-57,1.6917825375070887e-20,3.4550717785414326e-19,2.6929140959969859e-32,1.2549935382010898e-20,1.7243900703433373e-20,5.0020325707984016e-12,4.5456100587525526e-43,3.3060326736616185e-14,2.4580380393456029e-28,8.6113103889503138e-25,7.5806230818243727e-33,1.2123761721435214e-48,1.8009544770449026e-20,8.2472605012187389e-34,6.2970684771604087e-06,3.0292689246773178e-07,1.1194371371030331e-10,5.4832041153501104e-16,1.1691215628969159e-10,4.6617070012514408e-21,1.6718113519442762e-23,1.9348182706346532e-17
1.8296317077710475e-11,0.11640260799999998,0.8585084662769803,0.0,0.0,0.33755983452454957,0.11866259223373224,0.022821390318506385,7.4204397553418307e-57,2.4056573209812237e-20,4.8316649599980397e-19,5.0336492891075441e-32,1.9942453959949662e-20,2.7557183376111769e-20,6.8208143927367819e-12,1.5457033747017284e-42,3.8719528522243648e-14,5.3363448198083148e-28,1.3775262825816951e-24,1.4170291966442277e-32,3.5528440184494214e-48,2.8608446864318641e-20,2.0787625402737581e-33,7.3736592514801642e-06,3.547490950945587e-07,1.3016074102277417e-10,6.4312666660504526e-16,1.3694222263485437e-10,5.5793201532128129e-21,2.7244014877645211e-23,3.0833616490832957e-17
2.096912765097613e-11,0.11640260799999998,0.8585084662769803,0.0,0.0,0.33755870627488516,0.11866151582381415,0.022821364407607653,2.1339663834765522e-56,3.2476047209072947e-20,6.4690827230060111e-19,8.6419760596781975e-32,2.9703521161184802e-20,4.1293541896267615e-20,8.9104212804716057e-12,4.433060174456427e-42,4.4379715009780787e-14,1.0423941936309417e-27,2.0652860903643879e-24,2.4328977461801137e-32,8.9924447060388143e-48,4.2675794451791939e-20,4.6227666350609596e-33,8.4500491252114319e-06,4.0657089243588593e-07,1.4811546443040688e-10,7.381768197796803e-16,1.569808126203916e-10,6.5000859623901717e-21,4.1608075402664706e-23,4.6073691993088635e-17
2.3641938224241784e-11,0.11640260799999998,0.8585084662769803,0.0,0.0,0.33755757822673882,0.11866043961475063,0.022821338496911529,5.4432296820214059e-56,4.2180212323033339e-20,8.3793355804188372e-19,1.3906681888586453e-31,4.2120708628428575e-20,5.8923616137102378e-20,1.1266953285205817e-11,1.1273724492038119e-41,5.0040886707308943e-14,1.8792736678251402e-27,2.9477430309868094e-24,3.9151721436513077e-32,2.0444514709233014e-47,6.0682281883581817e-20,9.3606475691485403e-33,9.5262381358801099e-06,4.5839228455599766e-07,1.6581178316076893e-10,8.3347102428402287e-16,1.770279260145686e-10,7.4233666415304891e-21,6.0488049740054742e-23,6.5559929774269165e-17
2.631474879750744e-11,0.11640260799999998,0.8585084662769803,0.0,0.0,0.33755645038006926,0.11865936360650413,0.022821312586417973,1.2637032482605821e-55,5.3172951784673071e-20,1.0574448356366229e-18,2.1263954397098161e-31,5.7468912134300616e-20,8.0911544523113656e-20,1.3886566076728064e-11,2.60994113005685e-41,5.5703044122874634e-14,3.1803733181609289e-27,4.0478339223700195e-24,5.9867284205775332e-32,4.2730843785786005e-47,8.3092094588311056e-20,1.7609985354986539e-32,1.0602226321005305e-05,5.1021327151916594e-07,1.8325354083558791e-10,9.2900944362613679e-16,1.9708356258571205e-10,8.3486117838637217e-21,8.4590278798949031e-23,8.9771209666901024e-17
2.8987559370773093e-11,0.11640260799999998,0.8585084662769803,0.0,0.0,0.33755532273483507,0.11865828779903709,0.022821286676126963,2.7134303734674919e-55,6.5457374250660265e-20,1.3066460335091969e-18,3.11973501499458e-31,7.6010582910068275e-20,1.0771497040957182e-19,1.676547088880497e-11,5.5883546477574127e-41,6.1366187764488846e-14,5.1132114474913229e-27,5.3881017312448954e-24,8.7838121418342746e-32,8.3336901829929605e-47,1.1036291545808266e-19,3.1198078467136409e-32,1.1678013718099269e-05,5.6203385338964941e-07,2.0044452552530203e-10,1.0247922182018022e-15,2.1714772210224512e-10,9.2760512549256925e-21,1.1464998267434536e-22,1.1917383206341666e-16
3.229907212502505e-11,0.11640260799999998,0.8585084662769803,0.0,0.0,0.33755392590371602,0.11865695519207695,0.022821254574522273,6.4201841170713288e-55,8.2473369429309427e-20,1.6583820970535952e-18,4.7879899277651012e-31,1.0378510004165311e-19,1.4827707453285442e-19,2.0686381833680029e-11,1.3169308005772181e-40,6.8383980470604715e-14,8.6903342258502278e-27,7.4148768581046606e-24,1.3481721700433188e-31,1.7642003704145927e-46,1.515672745259857e-19,5.9194648097943323e-32,1.301059580054586e-05,6.2623706255837779e-07,2.214012750359457e-10,1.1438026915090407e-15,2.4201828941685012e-10,1.0428672065587451e-20,1.6130500085161502e-22,1.6348052930923158e-16
3.5610584879277005e-11,0.11640260799999998,0.8585084662769803,0.0,0.0,0.33755252938166425,0.11865562289319022,0.022821222473228379,1.3940815578020838e-54,1.0148304512340773e-19,2.0598393150623833e-18,7.0453878237573523e-31,1.3729286178619725e-19,1.977662671093241e-19,2.499261448667739e-11,2.8470943481853267e-40,7.5403288807779822e-14,1.4012674185465385e-26,9.8855291120060289e-24,1.9839291058311561e-31,3.4678833901953321e-46,2.0176867474941507e-19,1.054502089412447e-31,1.4342869796483984e-05,6.9043965011896962e-07,2.4198577748438042e-10,1.2631888266125028e-15,2.6690193890177312e-10,1.1585258442898593e-20,2.1980193720065559e-22,2.1728606374201593e-16
3.892209763352896e-11,0.11640260799999998,0.8585084662769803,0.0,0.0,0.33755113316860152,0.11865429090230561,0.022821190372245215,2.8158474438851539e-54,1.2249306361427596e-19,2.5133169539461818e-18,1.0014450387408048e-30,1.769555563572963e-19,2.5701105304715657e-19,2.9677321321036731e-11,5.7237758028591139e-40,8.2424113741936961e-14,2.1635877106105136e-26,1.2840407321036263e-23,2.8201984499729497e-31,6.4065929200177519e-46,2.6179564807497091e-19,1.7825245955020119e-31,1.5674835777210602e-05,7.5464161619354547e-07,2.6220487915509612e-10,1.3829508948015602e-15,2.9179867011706781e-10,1.2745534444076509e-20,2.9173017600403861e-22,2.8139693794456094e-16
4.2233610387780916e-11,0.11640260799999998,0.8585084662769803,0.0,0.0,0.33754973726444959,0.11865295921935186,0.022821158271572731,5.376719169892983e-54,1.4550994922928276e-19,3.0211177670633813e-18,1.3828322123288187e-30,2.2316972216770761e-19,3.2682540730088669e-19,3.4733779111103407e-11,1.0872836055563021e-39,8.9446456238913764e-14,3.2219074891482893e-26,1.6318994049755254e-23,3.8945349515409999e-31,1.1257994157236717e-45,3.3246217976497498e-19,2.8856361641683187e-31,1.7006493814006189e-05,8.188429609041941e-07,2.8206530205915316e-10,1.5030892004012447e-15,3.1670848262292674e-10,1.3909375159598454e-20,3.7874847384542371e-22,3.5659222320049205e-16
4.554512314203287e-11,0.11640260799999998,0.8585084662769803,0.0,0.0,0.33754834166913067,0.11865162784425769,0.022821126171210845,9.7537316373646046e-54,1.705399993660479e-19,3.5855480174284923e-18,1.8630846513412523e-30,2.7630641397625275e-19,4.0800867036805423e-19,4.0155389826282379e-11,1.9619467593668825e-39,9.6470317264462278e-14,4.6524139625689507e-26,2.0359897912958202e-23,5.2475234661461806e-31,1.8931354114419733e-45,4.1456760377395785e-19,4.5002404340903942e-31,1.8337843978134616e-05,8.8304368437297266e-07,3.0157364304043356e-10,1.6236040872705853e-15,3.416313759796768e-10,1.5076895780082914e-20,4.825854142975841e-22,4.4362335530503864e-16
4.885663589628483e-11,0.11640260799999998,0.8585084662769803,0.0,0.0,0.33754694638256671,0.11865029677695185,0.022821094071159509,1.6929207212276872e-53,1.9758955933830205e-19,4.2089174680097104e-18,2.4576219387707281e-30,3.3671321484586816e-19,5.0134603748718344e-19,4.5935676446177839e-11,3.3870127453623842e-39,1.0349569778424914e-13,6.5425985954427463e-26,2.5000890183957589e-23,6.9226857612135057e-31,3.0651586914863655e-45,5.0889709249989492e-19,6.796656126124669e-31,1.9668886340843197e-05,9.472437867219063e-07,3.2073637795927959e-10,1.7444958147601782e-15,3.6656734974790098e-10,1.6248176482072962e-20,6.0503911110387712e-22,5.4321535179679936e-16
5.2168148650536784e-11,0.11640260799999998,0.8585084662769803,0.0,0.0,0.33754555140468018,0.11864896601736312,0.022821061971418657,2.8362079945008452e-53,2.2666508945045453e-19,4.893539394772301e-18,3.1828719608603333e-30,4.0471586041539837e-19,6.0760894175556958e-19,5.2068279683195599e-11,5.6423388166178367e-39,1.1052259876385545e-13,8.9921334062004201e-26,3.0278933645131571e-23,8.9664098978533639e-31,4.8083793390936412e-45,6.162220403322135e-19,9.9873417000205035e-31,2.0999620973362659e-05,1.0114432680729882e-06,3.3955986496888574e-10,1.8657646447646833e-15,3.9151640348835066e-10,1.7423195149959319e-20,7.4797735949412911e-22,6.560678113383628e-16
5.547966140478874e-11,0.11640260799999998,0.8585084662769803,0.0,0.0,0.3375441567353934,0.1186476355654203,0.022821029871988235,4.5993039850098013e-53,2.5777308432238758e-19,5.6417305823934774e-18,4.056275929253682e-30,4.8061782636096185e-19,7.275549824421883e-19,5.8546958595768082e-11,9.0977300659166923e-39,1.175510211687768e-13,1.2112599016524296e-25,3.6230176337772469e-23,1.1427963534303101e-30,7.3325727835831802e-45,7.372999918835703e-19,1.4325090791034511e-30,2.2330047946907188e-05,1.0756421285481797e-06,3.5805034390226748e-10,1.9874109767318434e-15,4.1647853676181062e-10,1.8601908066243106e-20,9.1333757161400542e-22,7.8285472196129579e-16
5.87911741590407e-11,0.11640260799999998,0.8585084662769803,0.0,0.0,0.33754276237462894,0.11864630542105219,0.022820997772868171,7.2457965635584067e-53,2.9091999839946284e-19,6.4558113281212531e-18,5.0962622497228094e-30,5.6470176232992511e-19,8.6192829544169024e-19,6.5365587419271261e-11,1.4250624588545673e-38,1.2458096596442343e-13,1.6028165220834079e-25,4.2889978687480159e-23,1.4359425271146055e-30,1.0904347425197117e-44,8.728750128627471e-19,2.011067889233057e-30,2.366016733267439e-05,1.1398403682694109e-06,3.7621393944040007e-10,2.1094350295212718e-15,4.4145374912941605e-10,1.9784324251326788e-20,1.1031267553096085e-21,9.2422540011852603e-16
6.210268691329266e-11,0.11640260799999998,0.8585084662769803,0.0,0.0,0.33754136832230958,0.11864497558418756,0.022820965674058408,1.1131840895823676e-52,3.2611227697129064e-19,7.3381054442889595e-18,6.3222201334392238e-30,6.5723094989519381e-19,1.0114599271483413e-18,7.2518152367687513e-11,2.1766380335122208e-38,1.3161243411612013e-13,2.0876276280398326e-25,5.0292940990395724e-23,1.7815615287426855e-30,1.5861141750877936e-44,1.0236780643684939e-18,2.7700718918020113e-30,2.4989979201845307e-05,1.20403798735858e-06,3.9405666430960917e-10,2.2318371195796879e-15,4.6644204015237327e-10,2.0970474203748893e-20,1.3194214671822262e-21,1.0808054329266035e-15
6.622361903280446e-11,0.11640260799999998,0.8585084662769803,0.0,0.0,0.33753963395817815,0.11864332113012317,0.022820925729902589,1.8417810169864204e-52,3.7277262935752284e-19,8.5348310385890792e-18,8.1383443942595644e-30,7.8453836688928904e-19,1.2197931671757769e-18,8.1876428577606598e-11,3.574860475507506e-38,1.4036470378514625e-13,2.8441048575919623e-25,6.059427332698159e-23,2.293650202968751e-30,2.4603800999611357e-44,1.233690692732235e-18,4.0301791944312573e-30,2.6644402142987029e-05,1.2839262984086527e-06,4.1582141770800359e-10,2.3846858727528095e-15,4.9755637961307954e-10,2.245176691521418e-20,1.6288470369194973e-21,1.297805332340212e-15
7.034455115231627e-11,0.11640260799999998,0.8585084662769803,0.0,0.0,0.33753790007143541,0.11864166715201011,0.022820885786227086,2.9560163149286284e-52,4.2262302207594426e-19,9.8452885325909545e-18,1.0315226340104679e-29,9.2573429377209267e-19,1.4540682987542632e-18,9.1731560209968514e-11,5.6948615225839692e-38,1.4911933587154744e-13,3.8005691521529078e-25,7.2162499355796929e-23,2.9075875751797729e-30,3.7154516868874259e-44,1.4697527871656892e-18,5.7293291389269302e-30,2.8298349112550815e-05,1.3638136487740671e-06,4.3710954524289677e-10,2.5381210301139282e-15,5.2869097109958467e-10,2.3938821632810407e-20,1.9869331665295216e-21,1.5404012517206233e-15
7.446548327182808e-11,0.11640260799999998,0.8585084662769803,0.0,0.0,0.33753616666193298,0.1186400136497113,0.022820845843031783,4.6169878301244192e-52,4.7567600038570721e-19,1.1273978990433299e-17,1.2896261096436358e-29,1.0812106318365755e-18,1.7156120914032208e-18,1.0207265985483152e-10,8.8281761440665323e-38,1.5787633223505966e-13,4.9925127820009802e-25,8.5059577622921381e-23,3.6356638808772585e-30,5.4783438929424715e-44,1.7331908580390094e-18,7.9793925569454072e-30,2.9951820247603239e-05,1.4437000386895314e-06,4.579319324303268e-10,2.6921431309687321e-15,5.5984581376744046e-10,2.5431651151556525e-20,2.3981322755087955e-21,1.8096519711100146e-15
7.858641539133989e-11,0.11640260799999998,0.8585084662769803,0.0,0.0,0.3375344337295233,0.11863836062308973,0.02282080590031656,7.0376554969631183e-52,5.3194412004163333e-19,1.2825411921190543e-17,1.5926989995278115e-29,1.2513204825612519e-18,2.0057221617556294e-18,1.1288908950090348e-10,1.3355551958748805e-37,1.6663569473521424e-13,6.4588898409760195e-25,9.9345804224226417e-23,4.4907859416531852e-30,7.9069587822136835e-44,2.0253022291213933e-18,1.0911165936877518e-29,3.1604815685171192e-05,1.5235854683896764e-06,4.7829921543955428e-10,2.846753117646509e-15,5.9102090677219382e-10,2.6930286094742188e-20,2.8670632554220667e-21,2.1065649197139476e-15
8.27073475108517e-11,0.11640260799999998,0.8585084662769803,0.0,0.0,0.33753270127405838,0.11863670807200838,0.022820765958081295,1.0494574346490677e-51,5.9144000327046171e-19,1.4504105282218753e-17,1.9455041814924044e-29,1.4363812314095123e-18,2.3256678056325717e-18,1.2417045341749705e-10,1.9765975319679439e-37,1.7539742523133801e-13,8.2422365493609426e-25,1.150798780129641e-22,5.4864619326978467e-30,1.1195225627337454e-43,2.3473558705977206e-18,1.4676629581035152e-29,3.3257335562241937e-05,1.6034699381090601e-06,4.9822178820905448e-10,3.0019515335121085e-15,6.2221624927018557e-10,2.8434718600786715e-20,3.398511304100517e-21,2.4320982206553101e-15
8.68282796303635e-11,0.11640260799999998,0.8585084662769803,0.0,0.0,0.33753096929539111,0.11863505599633034,0.022820726016325874,1.5343309247877632e-51,6.5417630919982271e-19,1.6314585488366864e-17,2.3530099096287597e-29,1.636675593503715e-18,2.6766904761197704e-18,1.3590659406453685e-10,2.8680414454368826e-37,1.841615255825534e-13,1.0388671510215395e-24,1.3231892500759531e-22,6.6367929253709092e-30,1.5578826426800834e-43,2.7005928776857843e-18,1.9450260477383249e-29,3.4909380015763114e-05,1.6833534480821658e-06,5.1770980653532283e-10,3.1577379653188527e-15,6.5343184041910834e-10,2.9944931724677258e-20,3.9974279567059678e-21,2.7871618713602689e-15
9.094921174987531e-11,0.11640260799999998,0.8585084662769803,0.0,0.0,0.3375292377933744,0.1186334043959187,0.022820686075050178,2.2032938710625321e-51,7.2016568407898886e-19,1.8261387410450882e-17,2.8203833832966916e-29,1.8524552597878008e-18,3.0600046933808385e-18,1.4808758430962317e-10,4.0874596113891931e-37,1.9292799764777849e-13,1.2948043597363026e-24,1.5111857724897294e-22,7.9564561964935145e-30,2.1340943576406539e-43,3.0862273814642904e-18,2.5431802258922256e-29,3.6560949182642704e-05,1.7632359985434003e-06,5.3677319585360486e-10,3.3141133521568513e-15,6.8466767937569255e-10,3.1460948388516685e-20,4.6689307998449898e-21,3.1726199436461319e-15
9.507014386938712e-11,0.11640260799999998,0.8585084662769803,0.0,0.0,0.33752750676786147,0.11863175327063659,0.022820646134254094,3.1125542582576987e-51,7.8942080144391293e-19,2.0349054385678956e-17,3.3529883447981137e-29,2.0839411536069898e-18,3.4767983861794345e-18,1.607037245061139e-10,5.7308082839703053e-37,2.0169684328572707e-13,1.5973882985281494e-24,1.7153298870475069e-22,9.4606993980534514e-30,2.8818712630173208e-43,3.5054468907766271e-18,3.2847273206605211e-29,3.8212043199749123e-05,1.8431175897270941e-06,5.5542165415897265e-10,3.4710804078955257e-15,7.1592376529528556e-10,3.2982790984283376e-20,5.4183035555613825e-21,3.5892914192414765e-15
9.919107598889892e-11,0.11640260799999998,0.8585084662769803,0.0,0.0,0.33752577621870561,0.11863010262034715,0.022820606193937495,4.3318691508285124e-51,8.61954390792776e-19,2.2582138221824302e-17,3.9563807086413457e-29,2.3313252973771287e-18,3.9282335109662569e-18,1.7374553719698381e-10,7.9157244473536674e-37,2.1046806435490863e-13,1.9523440009491549e-24,1.9361488244001745e-22,1.116532947188751e-29,3.8410414830682234e-43,3.9594129120411483e-18,4.1950955965651397e-29,3.9862662203911171e-05,1.922998221867506e-06,5.7366465730097608e-10,3.6286385789682614e-15,7.4720009733689108e-10,3.4510453084371078e-20,6.2509959698109842e-21,4.0379516749893202e-15
9.999999999999999e-11,0.11640260799999998,0.8585084662769803,0.0,0.0,0.33752543657410888,0.11862977865944838,0.022820598353854669,4.6146662400813207e-51,8.7657850697408596e-19,2.3037950341838375e-17,4.0836264210041285e-29,2.3817672176400075e-18,4.0210141189902441e-18,1.7635477800019379e-10,8.4199791204670433e-37,2.1219010227004256e-13,2.0286876219513742e-24,1.981496991511886e-22,1.1524866976265757e-29,4.0580264440176385e-43,4.0527026230334758e-18,4.3960108369696743e-29,4.0186616959127e-05,1.9386783873082495e-06,5.7719888591297509e-10,3.6596357699168371e-15,7.533419048583899e-10,3.4811009982486165e-20,6.4247132405782626e-21,4.1298417364556059e-15
1.0331200810841073e-10,0.11640260799999998,0.8585084662769803,0.0,0.0,0.3375240461457607,0.11862845244491363,0.022820566254100269,5.9465963984062185e-51,9.3777920934245624e-19,2.4965199202551096e-17,4.6363041883325065e-29,2.5947726876673067e-18,4.4154466715097269e-18,1.8720376181402891e-10,1.078455545627322e-36,2.1924166271362851e-13,2.3657726863949246e-24,2.1741557025683332e-22,1.3086701545065035e-29,5.0582268950397354e-43,4.4492615695830456e-18,5.302735845209975e-29,4.151280633191811e-05,2.0028778951988273e-06,5.9151146428293478e-10,3.7867833627442749e-15,7.7849667466384789e-10,3.6043927440768117e-20,7.1726237246847632e-21,4.5193339793424601e-15
1.1155387234743434e-10,0.11640260799999998,0.8585084662769803,0.0,0.0,0.33752058742791979,0.11862515351806734,0.022820486375863456,1.0799798672028609e-50,1.0993536141028268e-18,3.0199536126413242e-17,6.2496294559599161e-29,3.1703952562158231e-18,5.5016308411310684e-18,2.1533345401277439e-10,1.929228631800209e-36,2.3679599873188398e-13,3.3943655210780162e-24,2.7037205444481596e-22,1.7647759828285963e-29,8.4922735897814744e-43,5.5410284742483776e-18,8.2401700782362103e-29,4.4811670506425652e-05,2.1626343663705365e-06,6.2605247652429833e-10,4.1048547406522329e-15,8.4115056178911582e-10,3.9128356573799007e-20,9.3059766450653811e-21,5.5829969422480287e-15
1.1701455735080588e-10,0.11640260799999998,0.8585084662769803,0.0,0.0,0.33751829688676255,0.11862296884423788,0.022820433453226176,1.5650223127086487e-50,1.2137344338526136e-18,3.4025960079745587e-17,7.5244039645308853e-29,3.5878914701425664e-18,6.3067688724264752e-18,2.3483414574247609e-10,2.7679299993217813e-36,2.4843195336639982e-13,4.2465273985396457e-24,3.0954350195933398e-22,2.1253478363274137e-29,1.1717987499308064e-42,6.3500925476403358e-18,1.0835124260116735e-28,4.6996302767817858e-05,2.2684796391579521e-06,6.4811907542751284e-10,4.3169016514983373e-15,8.8270677900414214e-10,4.1184852549963975e-20,1.0951668894797714e-20,6.3638334038827009e-15
1.2247524235417742e-10,0.11640260799999998,0.8585084662769803,0.0,0.0,0.33751600718068508,0.11862078500317667,0.022820380531429735,2.2288008825590913e-50,1.3339916515922733e-18,3.8150536732838492e-17,8.9808133839244058e-29,4.0343743005461498e-18,7.1828729411830839e-18,2.5499987567492655e-10,3.9029344968597398e-36,2.6007209642652727e-13,5.2554744260179536e-24,3.5209633193244517e-22,2.5374662419060723e-29,1.5925270942875541e-42,7.2303021180687436e-18,1.4063123777680545e-28,4.9180102225398007e-05,2.3743232301357286e-06,6.6955612220052221e-10,4.5299816290350417e-15,9.2429853882282202e-10,4.3251618917957284e-20,1.2799541063573008e-20,7.2069021930490082e-15
1.2793592735754896e-10,0.11640260799999998,0.8585084662769803,0.0,0.0,0.33751371830934979,0.11861860199456598,0.022820327610473867,3.1241668920691876e-50,1.4601552642406821e-18,4.2583985274605973e-17,1.0634450142216123e-28,4.5099492717428959e-18,8.1322880150257317e-18,2.7581166005094177e-10,5.416978609356878e-36,2.7171643223352607e-13,6.4402820156469608e-24,3.9813397664925479e-22,3.0055939543018079e-29,2.1345374136141446e-42,8.1840006887691432e-18,1.8037421770828056e-28,5.1363069196939434e-05,2.4801651398477947e-06,6.9038259744810609e-10,4.7441156986417119e-15,9.659258392718032e-10,4.5328644073876482e-20,1.4864774179458683e-20,8.1134286785418482e-15
1.333966123609205e-10,0.11640260799999998,0.8585084662769803,0.0,0.0,0.33751143027242031,0.11861641981808811,0.022820274690358289,4.3161424169132629e-50,1.5922552986576824e-18,4.7337051127442696e-17,1.2501406290678371e-28,5.0146679251503468e-18,9.1572921427565348e-18,2.9725108759297259e-10,7.4103260298892479e-36,2.8336496510802717e-13,7.821199637859562e-24,4.477565842856713e-22,3.5343428934293166e-29,2.8249517785660234e-42,9.2134647662037817e-18,2.2884674923154492e-28,5.3545204000093717e-05,2.586005368837873e-06,7.1061690939822989e-10,4.9593029652852491e-15,1.0075886784008224e-09,4.7415964875223616e-20,1.7163058991472299e-20,9.0845348010904709e-15
1.3885729736429203e-10,0.11640260799999998,0.8585084662769803,0.0,0.0,0.33750914306956054,0.11861423847342557,0.022820221771082741,5.8839116614674442e-50,1.7303218627099882e-18,5.2420505967726412e-17,1.4598258781442774e-28,5.5485328512624452e-18,1.0260098540051426e-17,3.1930030166214765e-10,1.0003270983595384e-35,2.9501769937003373e-13,9.419648120453777e-24,5.0106045722683362e-22,4.1284704909871865e-29,3.6953338680325291e-42,1.032090594813331e-17,2.874575948689188e-28,5.5726506952390719e-05,2.6918439176494906e-06,7.3027691174016609e-10,5.1755130255369411e-15,1.049287054290264e-09,4.9513615224954164e-20,1.9710595593348511e-20,1.012124387954606e-14
1.4565386210084175e-10,0.11640260799999998,0.8585084662769803,0.0,0.0,0.33750629749929761,0.11861152465495563,0.0228201559070242,8.5062953668169084e-50,1.9105446285579652e-18,5.9225385178733357e-17,1.7555012814526688e-28,6.2536461444362319e-18,1.1744614166111645e-17,3.4756922692498094e-10,1.4286636317938611e-35,3.0952698641858022e-13,1.1747222827728724e-23,5.726873572504908e-22,4.9666842160397949e-29,5.0856416657995517e-42,1.1811431853986093e-17,3.7693799774617146e-28,5.8440273458603095e-05,2.8235720316889387e-06,7.5397032827196599e-10,5.4460974749011766e-15,1.101235988479405e-09,5.2138845708339383e-20,2.3254816278536106e-20,1.1504603688248913e-14
1.5245042683739146e-10,0.11640260799999998,0.8585084662769803,0.0,0.0,0.33750345321994346,0.11860881212396282,0.022820090044266005,1.2086176944006224e-49,2.1001154578658303e-18,6.6579681603573322e-17,2.0928205014591998e-28,7.0036722829310193e-18,1.3356995773121471e-17,3.7672372761095318e-10,2.005486236998238e-35,3.2404279693256827e-13,1.4492876800664082e-23,6.5033566564618865e-22,5.9235239809587659e-29,6.8938267517811963e-42,1.3430088539374745e-17,4.878982729511988e-28,6.115275243261166e-05,2.9552975448212161e-06,7.7683311761458165e-10,5.7182996158168733e-15,1.1532399665174155e-09,5.4780081353123054e-20,2.7244395490779167e-20,1.2992620581607217e-14
1.5924699157394118e-10,0.11640260799999998,0.8585084662769803,0.0,0.0,0.33750061023085454,0.11860610087983575,0.022820024182807642,1.6903173291204769e-49,2.2990928800918747e-18,7.4504334732601999e-17,2.4752755262876705e-28,7.7983540633082626e-18,1.510111665122102e-17,4.0673274502944311e-10,2.7712095248500039e-35,3.3856513923727115e-13,1.770537422744704e-23,7.3416955272820647e-22,7.0090605308102676e-29,9.21666803611833e-42,1.5180745713275263e-17,6.240890362812423e-28,6.3863944485852546e-05,3.0870204580927524e-06,7.9889633335954493e-10,5.9921439653490793e-15,1.2052989846273571e-09,5.7437362496376859e-20,3.1713870444404614e-20,1.4586688278083656e-14
1.660435563104909e-10,0.11640260799999998,0.8585084662769803,0.0,0.0,0.33749776853138852,0.11860339092196327,0.022819958322648576,2.3299929272125428e-49,2.5075356030150591e-18,8.3020347284276805e-17,2.9064607158780598e-28,8.6373567389940398e-18,1.6980714332351481e-17,4.3756638187961954e-10,3.7744696584367325e-35,3.5309402165645697e-13,2.1436171852491659e-23,8.2434901239695245e-22,8.2336794956477947e-29,1.2167213399393155e-41,1.7067137167425456e-17,7.8968591489333353e-28,6.6573850229470366e-05,3.2187407725494773e-06,8.201898679038876e-10,6.2676012623586019e-15,1.2574130390888428e-09,6.011072714651224e-20,3.6698997097475479e-20,1.6288008369383013e-14
1.728401210470406e-10,0.11640260799999998,0.8585084662769803,0.0,0.0,0.33749492812090492,0.1186006822497345,0.022819892463788276,3.1692407317062292e-49,2.7255025141371164e-18,9.2148785269246079e-17,3.3900692027993351e-28,9.5202773541468227e-18,1.8999395689474796e-17,4.6919585862615129e-10,5.0732589662489846e-35,3.6762945251238895e-13,2.5739376898430749e-23,9.2102714848089768e-22,9.6080726178845687e-29,1.5876540075273019e-41,1.9092865880633293e-17,9.8931226246379339e-28,6.9282470274318312e-05,3.3504584892367216e-06,8.407424960631622e-10,6.5447055197410547e-15,1.3095821261209075e-09,6.2800188651182694e-20,4.2236749139058758e-20,1.8097601522698244e-14
1.7963668578359032e-10,0.11640260799999998,0.8585084662769803,0.0,0.0,0.33749208899876454,0.11859797486253891,0.022819826606226241,4.2581229868522852e-49,2.9530526599958368e-18,1.0191077805123861e-16,3.9298894402848084e-28,1.0446653175141253e-17,2.1160641827330202e-17,5.015934716581625e-10,6.7361411802910276e-35,3.8217144012582669e-13,3.0671700759195841e-23,1.0243521706605942e-21,1.1143229363767633e-28,2.0495598611456978e-41,2.1261408915685924e-17,1.2280614201267886e-27,7.1989805230958319e-05,3.4821736091993286e-06,8.6058191690182832e-10,6.8234343882739634e-15,1.3618062420016589e-09,6.5505771703377698e-20,4.8365317004019765e-20,2.0016318114349484e-14
1.8643325052014003e-10,0.11640260799999998,0.8585084662769803,0.0,0.0,0.33748925116432921,0.1185952687597662,0.022819760749961924,5.6564174450872758e-49,3.1902452334413501e-18,1.1232751841209121e-16,4.5298018900160317e-28,1.1415969287020911e-17,2.3467812775188529e-17,5.3473255314195421e-10,8.8435523973584253e-35,3.9671999281602544e-13,3.6292408868928949e-23,1.1344643478795437e-21,1.2850428898476122e-28,2.6197146192456799e-41,2.3576122116797831e-17,1.5115185564731798e-27,7.4695855709661131e-05,3.6138861334815685e-06,8.7973479387038249e-10,7.1038122192553983e-15,1.4140853829651359e-09,6.8227506167090328e-20,5.512410689808815e-20,2.2044848315089437e-14
1.9322981525668975e-10,0.11640260799999998,0.8585084662769803,0.0,0.0,0.33748641461696238,0.11859256394080643,0.022819694894994816,7.4349872364975755e-49,3.4371395907602136e-18,1.234202626107072e-16,5.1937758312725009e-28,1.2427665525042355e-17,2.5924152007572582e-17,5.6858743234536415e-10,1.1489187428515191e-34,4.1127511890073827e-13,4.266326796306509e-23,1.251499922062535e-21,1.4741232373272617e-28,3.3177767469340909e-41,2.6040244635953375e-17,1.845782106611201e-27,7.7400622320406481e-05,3.745596063127218e-06,8.9822679347139298e-10,7.3858208665185679e-15,1.466419545290562e-09,7.0965422097441047e-20,6.2553739821678457e-20,2.4183731696002512e-14
2.0002637999323946e-10,0.11640260799999998,0.8585084662769803,0.0,0.0,0.33748357935602857,0.11858986040504992,0.022819629041324396,9.6772734365518116e-49,3.693795245171377e-18,1.3521033044683825e-16,5.9258662829407993e-28,1.348114283606362e-17,2.8532790805034472e-17,6.0313339833034494e-10,1.4781468142543913e-34,4.2583682669621555e-13,4.9848491595949714e-23,1.3755890830014762e-21,1.6827475499277538e-28,4.1659977175044959e-41,2.8656903298128397e-17,2.2374847743805769e-27,8.0104105672883398e-05,3.8773033991794756e-06,9.1608262255771152e-10,7.6694819663612771e-15,1.5188087252200185e-09,7.3719540928768833e-20,7.0696050597103901e-20,2.643336639538838e-14
2.0682294472978918e-10,0.11640260799999998,0.8585084662769803,0.0,0.0,0.33748074538089362,0.11858715815188722,0.022819563188950145,1.2480913983074714e-48,3.9602718622662112e-18,1.4771910532106175e-16,6.7302110395776477e-28,1.4575769076760832e-17,3.1296752453352384e-17,6.38346664027771e-10,1.884509178039202e-34,4.4040512451720582e-13,5.7914684154365459e-23,1.5068584343544362e-21,1.9121261409648783e-28,5.1894401292853435e-41,3.1429116805651095e-17,2.6938140538538074e-27,8.2806306376490157e-05,4.009008142681046e-06,9.3332606424892338e-10,7.9547811573577554e-15,1.5712529190342457e-09,7.6489889788795813e-20,7.9594086906890914e-20,2.8794017849421131e-14
2.136195094663389e-10,0.11640260799999998,0.8585084662769803,0.0,0.0,0.33747791269092436,0.11858445718070929,0.022819497337871527,1.595949442458461e-48,4.23662925256347e-18,1.6096803429902948e-16,7.6110278213197946e-28,1.5710884257954552e-17,3.4218956281440281e-17,6.7420433169196016e-10,2.3822659183520577e-34,4.5498002067695667e-13,6.693078349642608e-23,1.6454286412536479e-21,2.163495380911437e-28,6.4162036485479324e-41,3.4359799780256796e-17,3.2225322564983865e-27,8.550722504033445e-05,4.1407102946740674e-06,9.4998001246848283e-10,8.2417362369220489e-15,1.6237521229844346e-09,7.9276495652969834e-20,8.9292108343551129e-20,3.1265827089452531e-14
2.204160742028886e-10,0.11640260799999998,0.8585084662769803,0.0,0.0,0.33747508128548892,0.11858175749090727,0.022819431488088033,2.0244435826174974e-48,4.5229273784710777e-18,1.749786281713906e-16,8.5726115319898654e-28,1.6885805286950532e-17,3.7302221545948223e-17,7.1068435966667781e-10,2.9876382726082844e-34,4.6956152348721474e-13,7.696800257899156e-23,1.7914169461274184e-21,2.4381170395179836e-28,7.8776587248133757e-41,3.7451766652427098e-17,3.8319960488847488e-27,8.8206862273233584e-05,4.272409856200176e-06,9.6606650516981583e-10,8.5303359189909116e-15,1.6763063333534919e-09,8.2079386304069621e-20,9.9835585466841625e-20,3.3848818627778891e-14
2.2721263893943832e-10,0.11640260799999998,0.8585084662769803,0.0,0.0,0.33747225116395657,0.11857905908187268,0.022819365639599139,2.5487023994314681e-48,4.8192263475122009e-18,1.8977246151737787e-16,9.6193316186962588e-28,1.809983027007829e-17,4.0549271172038931e-17,7.4776553038147909e-10,3.7189872454856422e-34,4.8414964125822676e-13,8.8099770535062274e-23,1.9449355157812105e-21,2.7372776532250977e-28,9.6086878620605096e-41,4.0707735406054424e-17,4.5311755002587794e-27,9.090521868371473e-05,4.4041068283004567e-06,9.8160675633244156e-10,8.8205953509251578e-15,1.7289155464004862e-09,8.4898586096407463e-20,1.112711988668347e-19,3.6542907959601135e-14
2.34009203675988e-10,0.11640260799999998,0.8585084662769803,0.0,0.0,0.3374694223256976,0.11857636195299724,0.022819299792404324,3.1860583684684204e-48,5.1255864124276669e-18,2.053711727648763e-16,1.0755629528911939e-27,1.9352242415157621e-17,4.3962735356040664e-17,7.8542741952963763e-10,4.5969998361464515e-34,4.9874438229874007e-13,1.0040167353472796e-22,2.1060935769921519e-21,3.0622879167246705e-28,1.1647934184363013e-40,4.4130331185453827e-17,5.3296726310727727e-27,9.3602294880014777e-05,4.53580121201548e-06,9.9662118677689668e-10,9.1125057707280952e-15,1.7815797584110093e-09,8.7734122207696318e-20,1.2364683823423514e-19,3.9347908700084798e-14
2.408057684125377e-10,0.11640260799999998,0.8585084662769803,0.0,0.0,0.33746659477008334,0.11857366610367304,0.022819233946503075,3.9562801737753145e-48,5.4420679655071408e-18,2.2179646425396157e-16,1.1986016262723392e-27,2.0642313556631408e-17,4.7545155033257655e-17,8.236503663995922e-10,5.6448827038237646e-34,5.1334575491600304e-13,1.1395139562497959e-22,2.2749957960345047e-21,3.4144820980227876e-28,1.4038057105141663e-40,4.772208976680531e-17,6.2377394564673624e-27,9.629809147008081e-05,4.6674930083852736e-06,1.0111294538264761e-09,9.4060799913111357e-15,1.8342989656516572e-09,9.0586020890540111e-20,1.3701160143932109e-19,4.2263539368232737e-14
2.4760233314908744e-10,0.11640260799999998,0.8585084662769803,0.0,0.0,0.33746376849648629,0.11857097153329241,0.022819168101894865,4.8818203295944211e-48,5.7687315419144479e-18,2.3907010229720377e-16,1.3315070017296271e-27,2.1969307328642593e-17,5.1298985215120169e-17,8.6241544532413794e-10,6.888563129727747e-34,5.2795376741576539e-13,1.2882865972315466e-22,2.4517440847546543e-21,3.7952174762076401e-28,1.6825994960385406e-40,5.1485460899310932e-17,7.2662955264735027e-27,9.8992609061570035e-05,4.7991822184493512e-06,1.0251504798515875e-09,9.7013113276429385e-15,1.8870731644111145e-09,9.3454309187425687e-20,1.5141579361921662e-19,4.5289429830558039e-14
2.5439889788563715e-10,0.11640260799999998,0.8585084662769803,0.0,0.0,0.33746094350427963,0.11856827824124799,0.022819102258579176,5.9880785037566547e-48,6.1056378140818905e-18,2.5721391724290676e-16,1.4747433919619117e-27,2.3332482018311817e-17,5.5226598201249183e-17,9.017044381996773e-10,8.356897119544556e-34,5.4256842810227968e-13,1.4511516897116965e-22,2.6364363095852738e-21,4.205873800865343e-28,2.0063234450715946e-40,5.5422811520652514e-17,8.4269449681327086e-27,0.00010168584826185002,4.930868843246691e-06,1.0387024797443541e-09,9.9982107258703513e-15,1.9399023509629973e-09,9.633901261118413e-20,1.6691092627262341e-19,4.8425127421060518e-14
2.6119546262218687e-10,0.11640260799999998,0.8585084662769803,0.0,0.0,0.33745811979283802,0.11856558622693272,0.022819036416555489,7.303680902350196e-48,6.4528475927935403e-18,2.7624980353549229e-16,1.6287813843723374e-27,2.4731093129952774e-17,5.9330286671821126e-17,9.4149980802946107e-10,1.0081884460425084e-33,5.5718974527830042e-13,1.6289454865140622e-22,2.8291678994287964e-21,4.6478527721248215e-28,2.3806086708844843e-40,5.9536428853045699e-17,9.7319930338861952e-27,0.00010437780967799871,5.0625528838157511e-06,1.0518029873695532e-09,1.0296773201348467e-14,1.9927865215994248e-09,9.9240158074901846e-20,1.8354971636180777e-19,5.1670102753855395e-14
2.679920273587366e-10,0.11640260799999998,0.8585084662769803,0.0,0.0,0.33745529736153657,0.11856289548973978,0.022818970575823293,8.8607760602078474e-48,6.8104218225904437e-18,2.9619971977853195e-16,1.7940976309298919e-27,2.6164395684212374e-17,6.3612266664600762e-17,9.8178467345345922e-10,1.2098890536048053e-33,5.718177272450864e-13,1.82252288819166e-22,3.0300307326504617e-21,5.122577540516271e-28,2.8115969811454391e-40,6.3828523383439856e-17,1.1194462160266525e-26,0.00010706849391680485,5.1942343411944543e-06,1.0644688810292053e-09,1.0597008154655353e-14,2.0457256726006828e-09,1.0215777175321352e-19,2.0138608542218775e-19,5.5023755242150045e-14
2.747885920952863e-10,0.11640260799999998,0.8585084662769803,0.0,0.0,0.33745247620975144,0.11856020602906271,0.022818904736382067,1.069534737964692e-47,7.1784215835971168e-18,3.1708568879529874e-16,1.9711746458956207e-27,2.7631646272154651e-17,6.8074680440538976e-17,1.022542784231527e-09,1.4446874711584822e-33,5.8645238230239977e-13,2.0327568776824071e-22,3.2391144783473708e-21,5.6314922259295032e-28,3.3059697575068131e-40,6.8301231732512857e-17,1.2828107542775727e-26,0.00010975790158476782,5.3259132164202145e-06,1.0767164079741585e-09,1.0898911995773419e-14,2.0987198002625991e-09,1.0509188038632361e-19,2.2047515867971797e-19,5.8485418335687973e-14
2.81585156831836e-10,0.11640260799999998,0.8585084662769803,0.0,0.0,0.33744965633685986,0.11855751784429529,0.022818838898231289,1.2847542753403126e-47,7.5569080871068556e-18,3.3892979769160771e-16,2.1605006111259987e-27,2.9132104884291369e-17,7.271959924200753e-17,1.0637584976450348e-09,1.7168625106655971e-33,6.0109371874850653e-13,2.2605379643363071e-22,3.4565056627076327e-21,6.1760614549324926e-28,3.8709774486667544e-40,7.2956619415859098e-17,1.4647432234951705e-26,0.00011244603328809792,5.4575895105299092e-06,1.088561207997477e-09,1.1202492863923251e-14,2.1517689008718119e-09,1.0804250997725282e-19,2.4087326417592317e-19,6.205436448895344e-14
2.8838172156838573e-10,0.11640260799999998,0.8585084662769803,0.0,0.0,0.33744683774223966,0.1185548309348316,0.022818773061370437,1.5362021592642839e-47,7.945942676585933e-18,3.6175419791646461e-16,2.362569188656816e-27,3.0665036534669919e-17,7.7549025947873559e-17,1.1054167557810103e-09,2.031099957109162e-33,6.1574174488017949e-13,2.5067736383089591e-22,3.6822888327282394e-21,6.7577699156895946e-28,4.5144696618587189e-40,7.7796683502194601e-17,1.6667701780531975e-26,0.00011513288963271657,5.5892632245598985e-06,1.1000183361455736e-09,1.1507748310198469e-14,2.204872970728083e-09,1.1100968722435194e-19,2.6263793190038475e-19,6.5729809872693991e-14
2.9517828630493544e-10,0.11640260799999998,0.8585084662769803,0.0,0.0,0.33744402042526989,0.11855214530006603,0.022818707225799005,1.828831956595259e-47,8.3455868239607354e-18,3.8558110532471062e-16,2.5778793402869693e-27,3.2229712698342106e-17,8.2564897629389198e-17,1.14750306366479e-09,2.3925172673414638e-33,6.3039646899269461e-13,2.7723878361849598e-22,3.9165457866302327e-21,7.3781219297651713e-28,5.2449258376732663e-40,8.2823355171998938e-17,1.8904958387814334e-26,0.00011781847122425629,5.7209343595460148e-06,1.1111022845810787e-09,1.1814685440099443e-14,2.2580320061241472e-09,1.1399343837243652e-19,2.8582789293064821e-19,6.9510918840708767e-14
3.0197485104148516e-10,0.11640260799999998,0.8585084662769803,0.0,0.0,0.33744120438532998,0.11854946093939318,0.022818641391516473,2.1681231344590906e-47,8.7559021306787305e-18,4.1043280023777474e-16,2.8069351539044167e-27,3.3825412578135637e-17,8.7769088010549211e-17,1.1900034682099305e-09,2.8066888512619343e-33,6.4505789937983646e-13,3.0583204185060471e-22,4.1593565570229267e-21,8.0386410401644342e-28,6.0714864937569223e-40,8.8038502180759462e-17,2.1376034655737149e-26,0.00012050277866806107,5.8526029165235821e-06,1.1218270036286862e-09,1.2123302738212555e-14,2.3112460033638795e-09,1.1699379001230051e-19,3.1050307857960509e-19,7.3396808162898289e-14
3.0877141577803487e-10,0.11640260799999998,0.8585084662769803,0.0,0.0,0.33743838962180073,0.11854677785220807,0.022818575558522316,2.5601211641112328e-47,9.1769503242698751e-18,4.3633162750615552e-16,3.0502456763081098e-27,3.5451424215157778e-17,9.3163409836405172e-17,1.232904537955543e-09,3.2796719168501212e-33,6.5972604433389439e-13,3.3655266597286544e-22,4.4107987676021427e-21,8.740869614998589e-28,7.0039850237869892e-40,9.3443931229848625e-17,2.4098566861939994e-26,0.00012318581256918622,5.9842688965273833e-06,1.1322059220337974e-09,1.2433606465229688e-14,2.3645149587458969e-09,1.2001076837114316e-19,3.367246195503497e-19,7.7386551034987024e-14
3.155679805145846e-10,0.11640260799999998,0.8585084662769803,0.0,0.0,0.33743557613406322,0.1185440960379059,0.022818509726816028,3.0114794818768708e-47,9.608793259041355e-18,4.6329999657025865e-16,3.3083247522829617e-27,3.7107045456740033e-17,9.8749617152777865e-17,1.2761933435616037e-09,3.8180328609903937e-33,6.7440091214566646e-13,3.6949767510446409e-22,4.6709484686784064e-21,9.4863684661730448e-28,8.0529800386990844e-40,9.9041390248899272e-17,2.7091007823668526e-26,0.00012586757353239884,6.1159323005917e-06,1.142251966463406e-09,1.2745595868421494e-14,2.4178388685783356e-09,1.2304440001592958e-19,3.645548450984428e-19,8.1479180875082272e-14
3.223645452511343e-10,0.11640260799999998,0.8585084662769803,0.0,0.0,0.3374327639214994,0.11854141549588224,0.022818443896397089,3.5295033338459159e-47,1.0051492913118546e-17,4.9136038152271926e-16,3.5816908696909026e-27,3.8791584794722654e-17,1.0452940750072518e-16,1.3198574390335265e-09,4.4288741882650697e-33,6.8908251110445731e-13,4.0476553164241966e-22,4.9398796119933421e-21,1.0276716482514965e-27,9.2297882375186842e-40,1.0483257059265835e-16,3.0372639342670992e-26,0.0001285480621621777,6.2475931297502824e-06,1.1519775802779171e-09,1.305927651817574e-14,2.4712177291655122e-09,1.2609471126933534e-19,3.9405728220152292e-19,8.5673694916934903e-14
3.29161109987684e-10,0.11640260799999998,0.8585084662769803,0.0,0.0,0.33742995298349238,0.11853873622553282,0.022818378067264989,4.1221955299735515e-47,1.0505111389037883e-17,5.2053532116930774e-16,3.8708670103518823e-27,4.0504362085827671e-17,1.1050442402896992e-16,1.3638848436485904e-09,5.1198619401563734e-33,7.0377084949808103e-13,4.424560942152415e-22,5.2176647589059792e-21,1.1113510276787155e-27,1.0546517795596428e-39,1.1081910915587237e-16,3.3963584245380119e-26,0.00013122727906271343,6.379251385036371e-06,1.1613947416013188e-09,1.3374648284405539e-14,2.5246515368199436e-09,1.2916172864184167e-19,4.2529665473623867e-19,8.9969057609293286e-14
3.3595767472423373e-10,0.11640260799999998,0.8585084662769803,0.0,0.0,0.33742714331942553,0.11853605822625381,0.022818312239419204,4.7983041323615614e-47,1.0969710911071556e-17,5.5084741909111276e-16,4.1763805064995732e-27,4.2244709164737396e-17,1.1667625752733752e-16,1.4082640245581217e-09,5.8992536175174245e-33,7.1846593561286008e-13,4.8267057200410629e-22,5.5043746492036168e-21,1.1998363846065582e-27,1.2016102258623311e-39,1.1700259040894464e-16,3.7884818029851646e-26,0.00013390522483790887,6.5109070674826759e-06,1.1705149807157699e-09,1.3691716174083865e-14,2.578140287851497e-09,1.3224547847072358e-19,4.5833888266248985e-19,9.4364203830249492e-14
3.4275423946078345e-10,0.11640260799999998,0.8585084662769803,0.0,0.0,0.3374243349286829,0.11853338149744154,0.022818246412859226,5.5673721016473165e-47,1.1445353825621559e-17,5.8231934370550586e-16,4.4987629026043385e-27,4.4011970359638724e-17,1.2304644838414221e-16,1.4529838800403019e-09,6.7759265796878325e-33,7.3316777773362657e-13,5.2551148044229694e-22,5.8000787984507813e-21,1.2932908244980204e-27,1.3652334931378724e-39,1.2338454835759067e-16,4.2158180131110195e-26,0.00013658190009137891,6.6425601781214026e-06,1.179349396805752e-09,1.4010480564927192e-14,2.6316839785771564e-09,1.3534598725095919e-19,4.9325108121494875e-19,9.8858041925092312e-14
3.4955080419733316e-10,0.11640260799999998,0.8585084662769803,0.0,0.0,0.33742152781064977,0.11853070603849276,0.022818180587584537,6.4397889245967034e-47,1.1932102598885785e-17,6.1497382832819451e-16,4.8385498223625283e-27,4.5805502919305488e-17,1.2961648847036978e-16,1.498033723379237e-09,7.759406904136948e-33,7.4787638414372292e-13,5.7108259829789816e-22,6.1048451480526628e-21,1.3918791271336288e-27,1.546990375066756e-39,1.2996646842908504e-16,4.6806384816646737e-26,0.00013925730542645084,6.774210717984227e-06,1.1879086740761187e-09,1.4330946004411431e-14,2.6852826053122189e-09,1.3846328136124072e-19,5.3010156010181825e-19,1.0344945657586481e-13
3.563473689338829e-10,0.11640260799999998,0.8585084662769803,0.0,0.0,0.33741872196471168,0.11852803184880439,0.022818114763594622,7.4268442451521062e-47,1.2430019817139266e-17,6.4883367123423182e-16,5.1962808406581957e-27,4.7624677360095272e-17,1.3638782295340336e-16,1.5434032673467902e-09,8.8598986910011211e-33,7.6259176312500189e-13,6.1948892613965536e-22,6.4187405700285365e-21,1.4957677163652624e-27,1.7484426632371485e-39,1.3674978928808305e-16,5.1853031723811141e-26,0.00014193144144616435,6.905858688102321e-06,1.1962030972675497e-09,1.4653113284016918e-14,2.738936164378214e-09,1.4159738726926745e-19,5.6895982271079734e-19,1.081373115104912e-13
3.631439336704326e-10,0.11640260799999998,0.8585084662769803,0.0,0.0,0.33741591739025484,0.11852535892777367,0.022818048940888968,8.5407835204111668e-47,1.2939168184650231e-17,6.8392173571995278e-16,5.5724993603112078e-27,4.9468877740516903e-17,1.4336185204292895e-16,1.5890826092646283e-09,1.0088313797384448e-32,7.7731392295782737e-13,6.7083664618097574e-22,6.7418305843076245e-21,1.6051246310173856e-27,1.9712487283023836e-39,1.4373590458444476e-16,5.7322616050800012e-26,0.00014460430875327189,7.0375040895063324e-06,1.2042425665919363e-09,1.4976986576808114e-14,2.7926446520957583e-09,1.4474833136913413e-19,6.0989656532221852e-19,1.1292045205898198e-13
3.699404984069823e-10,0.11640260799999998,0.8585084662769803,0.0,0.0,0.33741311408666641,0.11852268727479814,0.022817983119467061,9.7948657222633485e-47,1.3459610523839064e-17,7.2026095016401811e-16,5.9677524934330778e-27,5.1337501870364055e-17,1.5053993267155135e-16,1.6350622166248296e-09,1.1456301986836757e-32,7.9204287192107581e-13,7.2523308349252119e-22,7.0741797836815647e-21,1.7201194968933759e-27,2.2171671466812864e-39,1.5092616463578775e-16,6.3240538412881746e-26,0.00014727590795023853,7.1691469232263939e-06,1.2120366121093636e-09,1.5302567011077425e-14,2.8464080647909841e-09,1.4791614011956698e-19,6.5298367632933311e-19,1.1779770756388641e-13
3.76737063143532e-10,0.11640260799999998,0.8585084662769803,0.0,0.0,0.33741031205333383,0.11852001688927569,0.022817917299328389,1.12034231047166e-46,1.3991409773446922e-17,7.5787430808924502e-16,6.3825909472183959e-27,5.3229961460844307e-17,1.5792338011256061e-16,1.6813329132481809e-09,1.2976281479987199e-32,8.0677861829213507e-13,7.8278666857002018e-22,7.4158516067408664e-21,1.8409234998463105e-27,2.488060371939528e-39,1.5832187804703627e-16,6.9633114375414882e-26,0.00014994623963924237,7.3007871902921247e-06,1.21959440756753e-09,1.5629858455061881e-14,2.9002263987897427e-09,1.5110083993422759e-19,6.982942354657138e-19,1.2276789365185478e-13
3.8353362788008173e-10,0.11640260799999998,0.8585084662769803,0.0,0.0,0.33740751128964552,0.11851734777060437,0.022817851480472436,1.2781923056252105e-46,1.4534628988606444e-17,7.9678486822367567e-16,6.8175689140058467e-27,5.5145682221622451e-17,1.6551346953720005e-16,1.7278858659600533e-09,1.4661469892872844e-32,8.2152117034690649e-13,8.4360690124076254e-22,7.7669086957996563e-21,1.9677093598751828e-27,2.7858984500353763e-39,1.6592431326947912e-16,7.6527583675091828e-26,0.00015261530442217441,7.4324248917326326e-06,1.2269247837237276e-09,1.5958862310960555e-14,2.9540996504228116e-09,1.5430245725980969e-19,7.4590251303974081e-19,1.2782981437288697e-13
3.9033019261663145e-10,0.11640260799999998,0.8585084662769803,0.0,0.0,0.33740471179499032,0.11851467991818256,0.022817785662898684,1.4547032055899119e-46,1.508933133921492e-17,8.3701575456230981e-16,7.2732439654490369e-27,5.7084103910208611e-17,1.7331143751370023e-16,1.774712571764484e-09,1.6525915550055805e-32,8.3627053635980447e-13,9.0780431588947349e-22,8.1274127160193754e-21,2.1006513062090557e-27,3.1127627776569082e-39,1.7373470010146004e-16,8.3952119140681257e-26,0.00015528310290063884,7.5640600285765054e-06,1.2340362411687419e-09,1.6289582199042486e-14,3.0080278160212048e-09,1.5752101852053764e-19,7.9588396917613773e-19,1.329822642135602e-13
3.9712675735318116e-10,0.11640260799999998,0.8585084662769803,0.0,0.0,0.33740191356875754,0.11851201333140898,0.022817719846606629,1.6516681751089385e-46,1.565558010992694e-17,8.7859015642819117e-16,7.7501769506434737e-27,5.9044680338658371e-17,1.813184834502567e-16,1.8218048454978391e-09,1.8584529160178552e-32,8.5102672460375806e-13,9.7549044798178966e-22,8.4974246564941528e-21,2.2399250533432329e-27,3.4708499029207672e-39,1.8175423113300973e-16,9.193583532436554e-26,0.00015794963567595334,7.6956926018518251e-06,1.2409369626712923e-09,1.6622019744036155e-14,3.0620108919203799e-09,1.6075655015899906e-19,8.4831525306453319e-19,1.3822402999025189e-13
4.039233220897309e-10,0.11640260799999998,0.8585084662769803,0.0,0.0,0.33739911661033745,0.11850934800968264,0.022817654031595754,1.8710137174769123e-46,1.6233438698718381e-17,9.2153132853404988e-16,8.2489318980617895e-27,6.1026879342128336e-17,1.8953577098404582e-16,1.8691548079441299e-09,2.0853115842166602e-32,8.6578974335021039e-13,1.0467778018614214e-21,8.8770046870574496e-21,2.3857077779929499e-27,3.8624753677445088e-39,1.8998406313640039e-16,1.0050879685457691e-25,0.0001606149033491488,7.8273226125861492e-06,1.2476348250609269e-09,1.695617836465996e-14,3.1160488744564475e-09,1.640090786092423e-19,9.032742022150123e-19,1.4355389262810777e-13
4.107198868262806e-10,0.11640260799999998,0.8585084662769803,0.0,0.0,0.33739632091912064,0.11850668395240273,0.022817588217865552,2.1148067118673529e-46,1.6822970616818659e-17,9.6586259104339852e-16,8.7700759211548451e-27,6.3030182713449789e-17,1.979644293182976e-16,1.9167548743947324e-09,2.334840749084438e-32,8.8055960086912005e-13,1.1217798197953141e-21,9.2662124114536098e-21,2.5381780969314495e-27,4.2900775912447586e-39,1.9842531840474801e-16,1.0970202652102822e-25,0.00016327890652096996,7.9589500618065367e-06,1.254137410666634e-09,1.7292059866249289e-14,3.1701417599695738e-09,1.6727863030950693e-19,9.6083984172063132e-19,1.4897062883125607e-13
4.175164515628303e-10,0.11640260799999998,0.8585084662769803,0.0,0.0,0.33739352649449822,0.11850402115896884,0.022817522405415503,2.3852616679139232e-46,1.7424239487436566e-17,1.011607329632094e-15,9.3141791274815691e-27,6.5054086107531889e-17,2.0660555450936681e-16,1.9645977436358752e-09,2.6088095471276923e-32,8.9533630542896143e-13,1.2006108522396714e-21,9.6651067550229803e-21,2.6975160456805938e-27,4.7562217935521552e-39,2.0707908604051217e-16,1.1954751310240958e-25,0.00016594164579187507,8.0905749505395287e-06,1.2604520183277775e-09,1.7629667503830336e-14,3.2242895448009135e-09,1.7056523170018918e-19,1.0210923835268641e-18,1.5447301264953192e-13
4.2431301629938e-10,0.11640260799999998,0.8585084662769803,0.0,0.0,0.33739073333586211,0.11850135962878076,0.022817456594245104,2.6847481991309002e-46,1.8037309045643719e-17,1.0587889955494347e-15,9.8818145312356079e-27,6.7098098919078326e-17,2.1546021070567391e-16,2.012676387347915e-09,2.9090863631686782e-32,9.101198652967252e-13,1.2833861292985058e-21,1.0073746177558936e-20,2.8639030580233909e-27,5.2636039594712804e-39,2.1594642319585205e-16,1.3007821894698538e-25,0.00016860312176203641,8.2221972798111516e-06,1.2665856739933505e-09,1.7969003229169256e-14,3.2784922252953604e-09,1.7386890921858637e-19,1.0841132257079486e-18,1.6005981694674248e-13
4.3110958103592974e-10,0.11640260799999998,0.8585084662769803,0.0,0.0,0.33738794144260459,0.11849869936123866,0.022817390784353835,3.0157987167105246e-46,1.8662243137246151e-17,1.1074311056796468e-15,1.0473557969041682e-26,6.9161744136797588e-17,2.2452943134031479e-16,2.0609840399009896e-09,3.2376421625322353e-32,9.2491028873791891e-13,1.3702217333454013e-21,1.0492188586001957e-20,3.0375219463090297e-27,5.8150548414498654e-39,2.2502835626656172e-16,1.4132808731608131e-25,0.00017126333503134021,8.353817050646925e-06,1.2725451409249447e-09,1.8310070164449002e-14,3.332749797799066e-09,1.7718968931023684e-19,1.1499849517501061e-18,1.6572981477528463e-13
4.3790614577247945e-10,0.11640260799999998,0.8585084662769803,0.0,0.0,0.33738515081411852,0.11849604035574293,0.022817324975741189,3.3811163451879468e-46,1.92991057186303e-17,1.1575572426029788e-15,1.1089988018899462e-26,7.1244558177008508e-17,2.338142202790717e-16,2.1095141885322395e-09,3.5965538532171151e-32,9.3970758401656701e-13,1.4612345727784081e-21,1.0920491513351213e-20,3.2185568825221335e-27,6.4135440013561512e-39,2.343258820413901e-16,1.5333204950019995e-25,0.00017392228619938688,8.4854342640718571e-06,1.2783369295182373e-09,1.8652870380031206e-14,3.3870622586616671e-09,1.8052759841185906e-19,1.218791329841601e-18,1.7148178066171097e-13
4.4470271050902916e-10,0.11640260799999998,0.8585084662769803,0.0,0.0,0.33738236144979733,0.11849338261169422,0.022817259168406656,3.7835830614214762e-46,1.9947960855760547e-17,1.2091910546571201e-15,1.1731685922157239e-26,7.334609069928819e-17,2.4331555292549293e-16,2.1582605638903185e-09,3.988007677191576e-32,9.5451175939521326e-13,1.5565423568774112e-21,1.1358712051552786e-20,3.4071933800890199e-27,7.0621838905965414e-39,2.4383996880835193e-16,1.6612603171724502e-25,0.00017657997586549109,8.6170489211104477e-06,1.2839673067572763e-09,1.8997406890369805e-14,3.4414296042342752e-09,1.8388266297263858e-19,1.2906173121696158e-18,1.7731449180764126e-13
4.514992752455789e-10,0.11640260799999998,0.8585084662769803,0.0,0.0,0.3373795733490349,0.11849072612849354,0.022817193362349726,4.226268058293522e-46,2.0608872723997144e-17,1.2623562559982849e-15,1.2399235508402057e-26,7.5465904406574855e-17,2.5303437728464782e-16,2.2072171309334787e-09,4.4143026300021377e-32,9.6932282313491913e-13,1.6562635717329326e-21,1.1806907001910342e-20,3.6036182763948068e-27,7.7642339681374775e-39,2.5357155741969304e-16,1.7974696180207415e-25,0.00017923640462868211,8.7486610227866853e-06,1.2894423053152734e-09,1.9343681861771913e-14,3.4958518308712765e-09,1.8725490943016049e-19,1.3655490342239031e-18,1.8322672921021971e-13
4.582958399821286e-10,0.11640260799999998,0.8585084662769803,0.0,0.0,0.33737678651122566,0.11848807090554216,0.022817127557569879,4.7124363344989491e-46,2.1281905607205433e-17,1.3170766266625667e-15,1.309322312315729e-26,7.7603574831920886e-17,2.6297161498710096e-16,2.256378080167979e-09,4.8778539079319865e-32,9.8414078349526558e-13,1.7605174572150757e-21,1.22651328241689e-20,3.8080197159861413e-27,8.523104856025997e-39,2.6352156231700666e-16,1.942327756963337e-25,0.00018189157308770348,8.8802705701240447e-06,1.2947677323151407e-09,1.9691698221389117e-14,3.5503289349287098e-09,1.9064436423642773e-19,1.4436738141071969e-18,1.8921727870613219e-13
4.650924047186783e-10,0.11640260799999998,0.8585084662769803,0.0,0.0,0.33737400093576453,0.11848541694224157,0.022817061754066614,5.2455575117496793e-46,2.1967123897553387e-17,1.3733760126270103e-15,1.3814237558282622e-26,7.9758690113892165e-17,2.7312816227459394e-16,2.3057378192141331e-09,5.381196381991622e-32,9.9896564873435252e-13,1.8694239849512227e-21,1.2733445762976082e-20,4.0205871344353654e-27,9.3423625320326651e-39,2.7369087251803702e-16,2.0962242374726456e-25,0.00018454548184101377,9.0118775641455029e-06,1.2999491777624803e-09,2.0041458213060436e-14,3.6048609127657152e-09,1.9405105383020699e-19,1.5250801518523429e-18,1.9528493194302051e-13
4.71888969455228e-10,0.11640260799999998,0.8585084662769803,0.0,0.0,0.33737121662204694,0.11848276423799364,0.022816995951839419,5.8293148806897065e-46,2.2664592094718368e-17,1.4312783258709062e-15,1.4562869984975416e-26,8.1930850762425771e-17,2.8350489094886722e-16,2.3552909646876968e-09,5.9269880980691083e-32,1.013797427108802e-12,1.9831038372810887e-21,1.3211901809860803e-20,4.2415112428427231e-27,1.0225732559068507e-38,2.8408035256655911e-16,2.2595587682390047e-25,0.00018719813148678611,9.1434820058735184e-06,1.304992022663275e-09,2.0392964693233853e-14,3.6594477607432323e-09,1.9747500466563574e-19,1.6098577287461255e-18,2.014284872819574e-13
4.786855341917777e-10,0.11640260799999998,0.8585084662769803,0.0,0.0,0.33736843356946894,0.1184801127922005,0.022816930150887784,6.4676146767808379e-46,2.3374374805670873e-17,1.4908075444368469e-15,1.5339713889276181e-26,8.4119669416790298e-17,2.9410264928499891e-16,2.4050323343848544e-09,6.5180138026103194e-32,1.0286361268737551e-12,2.1016783871578764e-21,1.3700556809591161e-20,4.4709840129541892e-27,1.1177104351054255e-38,2.9469084344675621e-16,2.4327413225881625e-25,0.00018984952262290886,9.2750838963300485e-06,1.3099014468380763e-09,2.0746219968324652e-14,3.7140894752251592e-09,2.00916243183243e-19,1.6980974066597605e-18,2.0764675063448347e-13
4.854820989283275e-10,0.11640260799999998,0.8585084662769803,0.0,0.0,0.33736565177742678,0.11847746260426453,0.022816864351211198,7.164595587388506e-46,2.4096536743967342e-17,1.5519877124919633e-15,1.6145365009984484e-26,8.6324770597138438e-17,3.0492226291058906e-16,2.4549569397594133e-09,7.1571884932411279e-32,1.0434817562828755e-12,2.2252696789644722e-21,1.4199466432352233e-20,4.7091986628732563e-27,1.2200535474945706e-38,3.0552316346338608e-16,2.6161921962331691e-25,0.00019249965584698531,9.4066832365365368e-06,1.3146824364440243e-09,2.1101226837552903e-14,3.7687860525773063e-09,2.0437479583884509e-19,1.7898912273860253e-18,2.1393853623755033e-13
4.922786636648772e-10,0.11640260799999998,0.8585084662769803,0.0,0.0,0.33736287124531722,0.11847481367358839,0.022816798552809159,7.924638491266805e-46,2.4831142729525452e-17,1.6148429403889612e-15,1.6980421278895161e-26,8.8545790450998335e-17,3.1596453565206541e-16,2.5050599786812962e-09,7.8475609937834217e-32,1.0583343235883481e-12,2.3540004102139308e-21,1.470868626322486e-20,4.9563496433458309e-27,1.3300255988643266e-38,3.1657810908904779e-16,2.810342063436995e-25,0.00019514853175633422,9.538280027513924e-06,1.3193397912156375e-09,2.1457987657774283e-14,3.8235374891683319e-09,2.0785068907488804e-19,1.8853324119829903e-18,2.2030266736956269e-13
4.990752284014269e-10,0.11640260799999998,0.8585084662769803,0.0,0.0,0.33736009197253786,0.11847216599957509,0.022816732755681145,8.752376431614371e-46,2.5578257687992296e-17,1.6793974047273069e-15,1.7845482763268095e-26,9.0782376495920826e-17,3.2723025034934059e-16,2.5553368284658179e-09,8.5923175531552023e-32,1.0731938370408812e-12,2.4879939141038642e-21,1.5228271782356182e-20,5.2126326245981912e-27,1.4480672814536932e-38,3.2785645577974972e-16,3.0156320316595442e-25,0.0001977961509479896,9.6698742702826477e-06,1.3238781314348721e-09,2.1816505181911164e-14,3.8783437813688978e-09,2.1134394934855893e-19,1.9845153601243437e-18,2.2673797701056948e-13
5.058717931379766e-10,0.11640260799999998,0.8585084662769803,0.0,0.0,0.33735731395848628,0.11846951958162788,0.022816666959826662,9.6527048238458398e-46,2.6337946650515812e-17,1.7456753484142407e-15,1.8741151610447943e-26,9.3034187359378459e-17,3.3872016964000444e-16,2.6057830391636091e-09,9.3947854676816927e-32,1.0880603048897058e-12,2.6273741428947754e-21,1.5758278440263607e-20,5.4782444837086232e-27,1.5746374148459947e-38,3.3935895875999161e-16,3.2325136947602658e-25,0.00020044251401870103,9.8014659658626355e-06,1.3283019046405902e-09,2.217678180742105e-14,3.9332049255524218e-09,2.1485460310441476e-19,2.0875356494562485e-18,2.3324330844951481e-13
5.126683578745263e-10,0.11640260799999998,0.8585084662769803,0.0,0.0,0.33735453720256076,0.11846687441915028,0.022816601165245188,1.0630791899199272e-45,2.7110274753179389e-17,1.8137010807259111e-15,1.9668031994553589e-26,9.5300892516902752e-17,3.5043503671419074e-16,2.6563943271014522e-09,1.0258436726379728e-31,1.1029337353825775e-12,2.772265652082877e-21,1.6298761644211003e-20,5.7533832924941274e-27,1.7102133903845515e-38,3.5108635377847671e-16,3.4614491848249341e-25,0.00020308762156493379,9.9330551152733e-06,1.3326153920871643e-09,2.2538820249785926e-14,3.9881209180943951e-09,2.1838267680079968e-19,2.194490034960738e-18,2.3981751584132849e-13
5.19464922611076e-10,0.11640260799999998,0.8585084662769803,0.0,0.0,0.33735176170416015,0.11846423051154611,0.022816535371936217,1.1692089385276001e-45,2.7895307236772821e-17,1.8834989773683653e-15,2.0626730065159675e-26,9.7582172029346223e-17,3.623755760412142e-16,2.7071665686646361e-09,1.1186891678811209e-31,1.1178141367657757e-12,2.9227935853384351e-21,1.6849776821604759e-20,6.0382483058941811e-27,1.8552916190900529e-38,3.6303935783557161e-16,3.7029112226827902e-25,0.00020573147418286904,1.0064641719533568e-05,1.336822714961607e-09,2.29026229390963e-14,4.0430917553729853e-09,2.219281968844111e-19,2.3054764483255941e-18,2.4645946471650788e-13
5.262614873476257e-10,0.11640260799999998,0.8585084662769803,0.0,0.0,0.33734898746268327,0.11846158785821952,0.022816469579899249,1.2842343424587938e-45,2.8693109446285501e-17,1.9550934805386328e-15,2.1617853897895944e-26,9.9877716280061357e-17,3.7454249406903444e-16,2.7580957943118149e-09,1.2183922725133536e-31,1.1327015172841034e-12,3.0790836601812982e-21,1.7411379411131093e-20,6.3330399508342926e-27,2.010387983062971e-38,3.7521866988355452e-16,3.9573831671777293e-25,0.00020837407246840372,1.0196225779661846e-05,1.340927840368249e-09,2.3268192560564924e-14,4.0981174337685069e-09,2.2549118981462738e-19,2.4205939973206982e-18,2.53168032445724e-13
5.330580520841755e-10,0.11640260799999998,0.8585084662769803,0.0,0.0,0.33734621447752994,0.11845894645857483,0.022816403789133778,1.4087605732166169e-45,2.9503746830679769e-17,2.0285090989856938e-15,2.2642013446892571e-26,1.0218722571270617e-16,3.8693647989756229e-16,2.8091781828136559e-09,1.3253458028005575e-31,1.1475958851808918e-12,3.2412621543658237e-21,1.7983624916140743e-20,6.6379598155525917e-27,2.1760382903561107e-38,3.8762497150068399e-16,4.2253590632549087e-25,0.00021101541701715111,1.0327807296676045e-05,1.3449345870896632e-09,2.3635531570466872e-14,4.1531979496638763e-09,2.2907168204030889e-19,2.5399429651808137e-18,2.5994210866186576e-13
5.398546168207252e-10,0.11640260799999998,0.8585084662769803,0.0,0.0,0.33734344274809991,0.11845630631201677,0.02281633799963928,1.5434244993265783e-45,3.0327284942435754e-17,2.1037704080715137e-15,2.3699820499002404e-26,1.0451041057030675e-16,3.9955820592678752e-16,2.8604100557069317e-09,1.4399585246036757e-31,1.1624972486979959e-12,3.4094558929480822e-21,1.8566568899387935e-20,6.9532106393733931e-27,2.3527987333041119e-38,4.0025892754005295e-16,4.5073436889217526e-25,0.00021365550842444042,1.0459386271593554e-05,1.3488466311321917e-09,2.4004642629546002e-14,4.2083332994442007e-09,2.3266970002178736e-19,2.6636248099947821e-18,2.6678059564182814e-13
5.466511815572749e-10,0.11640260799999998,0.8585084662769803,0.0,0.0,0.33734067227379377,0.11845366741795028,0.022816272211415262,1.6888958502183298e-45,3.1163789437329409e-17,2.1809020498319845e-15,2.47918886297338e-26,1.0684699063613771e-16,4.1240832848066803e-16,2.9117878719559804e-09,1.5626555288494686e-31,1.1774056160757982e-12,3.5837922360088546e-21,1.9160267027991599e-20,7.2789963029121795e-27,2.5412463502983479e-38,4.1312118675418509e-16,4.8038526011401014e-25,0.00021629434728531743,1.0590962705431282e-05,1.3526675110641361e-09,2.4375528215048891e-14,4.2635234794971494e-09,2.3628527021004692e-19,2.7917421641011006e-18,2.7368240865024077e-13
5.534477462938246e-10,0.11640260799999998,0.8585084662769803,0.0,0.0,0.33733790305401234,0.11845102977578062,0.022816206424461215,1.8458784043186353e-45,3.2013326074022931e-17,2.2599287330379158e-15,2.5918833160829935e-26,1.0919669497691541e-16,4.2548748840768865e-16,2.9633082228137948e-09,1.6938786091012731e-31,1.192320995553209e-12,3.7643990670065954e-21,1.9764775070850663e-20,7.6155218186970545e-27,2.7419794909971782e-38,4.2621238239626631e-16,5.1154121807040544e-25,0.00021893193419454446,1.0722536599205628e-05,1.3564006331543609e-09,2.4748190967937953e-14,4.3187684862126101e-09,2.3991841906634087e-19,2.9243988334898541e-18,2.8064647624723464e-13
5.602443110303743e-10,0.11640260799999998,0.8585084662769803,0.0,0.0,0.33733513508815666,0.11844839338491327,0.022816140638776621,2.0151112014539076e-45,3.2875960713849186e-17,2.340875233255946e-15,2.7081271119433173e-26,1.1155926168874135e-16,4.387963116589606e-16,3.0149678268752661e-09,1.83408664120642e-31,1.2072433953676651e-12,3.951404781735258e-21,2.038014893651015e-20,7.9629933221921957e-27,2.9556182849629695e-38,4.3953313279889964e-16,5.4425596761558025e-25,0.00022156826974660028,1.0854107953932468e-05,1.3600492763187714e-09,2.5122633382220562e-14,4.374068315982995e-09,2.4356917304372753e-19,3.0616997972109665e-18,2.8767174056224542e-13
5.67040875766924e-10,0.11640260799999998,0.8585084662769803,0.0,0.0,0.33733236837562852,0.11844575824475406,0.022816074854360983,2.1973697796592027e-45,3.3751759320442587e-17,2.4237663929094896e-15,2.8279821198775004e-26,1.1393443764617666e-16,4.5233540984470308e-16,3.0667635253154045e-09,1.9837559649993091e-31,1.222172823755133e-12,4.1449382778625199e-21,2.1006444672519068e-20,8.3216180632093895e-27,3.182805113718678e-38,4.5308404193121001e-16,5.7858432467897798e-25,0.00022420335453568054,1.0985676770627204e-05,1.3636165968818503e-09,2.5498858082862242e-14,4.4294229652029612e-09,2.4723755860436881e-19,3.2037512067887643e-18,2.9475715753575722e-13
5.738374405034737e-10,0.11640260799999998,0.8585084662769803,0.0,0.0,0.33732960291582992,0.11844312435470909,0.0228160090712138,2.3934674364891234e-45,3.4640787959531082e-17,2.5086271213396211e-15,2.9515103720334815e-26,1.1632197825478253e-16,4.661053807699131e-16,3.1186922773056179e-09,2.1433807680413815e-31,1.2371092889501073e-12,4.3451289450246595e-21,2.1643718497313182e-20,8.6916043976942077e-27,3.4242050862180747e-38,4.6686569993512104e-16,6.1458220047932759e-25,0.00022683718915569794,1.1117243050304713e-05,1.3671056331601683e-09,2.5876867577233473e-14,4.48483243026966e-09,2.5092360220332906e-19,3.3506603856427987e-18,3.0190169713080598e-13
5.806340052400235e-10,0.11640260799999998,0.8585084662769803,0.0,0.0,0.33732683870816338,0.11844049171418472,0.022815943289334555,2.6042565149248333e-45,3.5543112798602934e-17,2.5954823948659793e-15,3.0787740597412205e-26,1.1872164720741337e-16,4.8010680895000396e-16,3.1707511556013821e-09,2.313473471381326e-31,1.2520527991856127e-12,4.5521066554550713e-21,2.2292026800938506e-20,9.0731617798738337e-27,3.6805065177249176e-38,4.8087868364157243e-16,6.5230660565698016e-25,0.00022946977420028198,1.1248806793979384e-05,1.3705193098745214e-09,2.6256664477355689e-14,4.5402967075825048e-09,2.5462733030368807e-19,3.5025358285149202e-18,3.0910434351597145e-13
5.942271347131229e-10,0.11640260799999998,0.8585084662769803,0.0,0.0,0.33732131404683791,0.11843523017932475,0.022815811729377865,3.0735214894678359e-45,3.7387916254229935e-17,2.7752768177437902e-15,3.3447572824763038e-26,1.2355646492778868e-16,5.0880631159946997e-16,3.2752481251430183e-09,2.6872057645640634e-31,1.2819609877029643e-12,4.9869450567675884e-21,2.3621973420501092e-20,9.8718329518335688e-27,4.2406859565643602e-38,5.0960087184513124e-16,7.3316856788110318e-25,0.00023473119793625459,1.1511926677375228e-05,1.3771317404236065e-09,2.7021630644434154e-14,4.6513896845564336e-09,2.6208794582396913e-19,3.8216253385146018e-18,3.2367996520422479e-13
6.064609512389123e-10,0.11640260799999998,0.8585084662769803,0.0,0.0,0.33731634612794942,0.11843049906536178,0.02281569332974814,3.5555016719211824e-45,3.909437823583323e-17,2.9441650784991278e-15,3.5975444140182315e-26,1.2794707047375044e-16,5.3543305669672754e-16,3.3697132424874441e-09,3.0648927320254089e-31,1.3089025339708095e-12,5.4028237629077176e-21,2.4857233169532433e-20,1.0632333463363078e-26,4.8032078865128896e-38,5.3624750652261094e-16,8.1244364688043175e-25,0.00023946221170015187,1.17487259094678e-05,1.3828523598544003e-09,2.7716238746774522e-14,4.751560785642784e-09,2.688632462658205e-19,4.1269029019291289e-18,3.3698685494135192e-13
6.186947677647018e-10,0.11640260799999998,0.8585084662769803,0.0,0.0,0.33731138225669294,0.11842577199062643,0.022815574934218683,4.1002635584927633e-45,4.0844953568561829e-17,3.1199071648183529e-15,3.8634084747919299e-26,1.3237365069642031e-16,5.6281825680904271e-16,3.4645592035605758e-09,3.4853394572052977e-31,1.3358670341428224e-12,5.8427334344545277e-21,2.612913119808467e-20,1.1433631041291179e-26,5.4258272443136704e-38,5.6365204955552502e-16,8.982499814832707e-25,0.00024418918605885497,1.1985516940663938e-05,1.3883695400012599e-09,2.8416677878009627e-14,4.8519094225193026e-09,2.7569625602892157e-19,4.4500119477213679e-18,3.504668756406441e-13
6.309285842904912e-10,0.11640260799999998,0.8585084662769803,0.0,0.0,0.33730642242959741,0.11842104895166686,0.022815456542786557,4.7143683958013209e-45,4.2640031790160458e-17,3.3026511684534906e-15,4.1427174875647061e-26,1.3683509654047354e-16,5.909649015619403e-16,3.5597725194683115e-09,3.9522452457746309e-31,1.3628545361809072e-12,6.3074478774488556e-21,2.7438004474104513e-20,1.2276986021637223e-26,6.1134617502271272e-38,5.9181744504883452e-16,9.90960329520597e-25,0.00024891212446419883,1.2222299776861423e-05,1.3936967546014613e-09,2.912296278228427e-14,4.9524355742733348e-09,2.8258712940866036e-19,4.7916274971124236e-18,3.6411463167526247e-13
6.431624008162807e-10,0.11640260799999998,0.8585084662769803,0.0,0.0,0.33730146664319521,0.11841632994503425,0.022815338155448811,5.4048985721256431e-45,4.4480003488754663e-17,3.4925458891220107e-15,4.4358408991331164e-26,1.4133036802642301e-16,6.1987587602904231e-16,3.6553405945461696e-09,4.4695322779636159e-31,1.3898650880315779e-12,6.7977453781976761e-21,2.8784192760872857e-20,1.3163669755906894e-26,6.8713121256570465e-38,6.2074653237036078e-16,1.0909592959904277e-24,0.00025363103036505892,1.2459074423952771e-05,1.3988465840332605e-09,2.9835108516918936e-14,5.0531392200166371e-09,2.8953602078009378e-19,5.1524368238307792e-18,3.7792488293104927e-13
6.553962173420701e-10,0.11640260799999998,0.8585084662769803,0.0,0.0,0.33729651489402301,0.11841161496728268,0.022815219772202518,6.1794861585184657e-45,4.6365260299394227e-17,3.6897408356543354e-15,4.7431495313241746e-26,1.4585849042007952e-16,6.4955396766501673e-16,3.7512516670321252e-09,5.0413532313694263e-31,1.416898737625969e-12,7.3144085990326984e-21,3.0168038742719941e-20,1.4094964514187421e-26,7.70487171865692e-38,6.5044205309155072e-16,1.1986434006918235e-24,0.00025834590720735367,1.2695840887825272e-05,1.4038307746431553e-09,3.0553130156693144e-14,5.1540203388856357e-09,2.965430845123121e-19,5.5331394443209087e-18,3.9189254468348813e-13
6.676300338678596e-10,0.11640260799999998,0.8585084662769803,0.0,0.0,0.33729156717862097,0.11840690401496923,0.02281510139304474,7.0463423305083129e-45,4.8296194900813145e-17,3.8943862271407323e-15,5.0650155352812124e-26,1.5041855056965549e-16,6.8000187277309434e-16,3.8474947537219002e-09,5.6720989707452226e-31,1.4439555328798458e-12,7.8582244856300599e-21,3.158988815017247e-20,1.5072163396892833e-26,8.619936247197267e-38,6.8090665746228867e-16,1.3144211443419024e-24,0.00026305675843404773,1.2932599174360973e-05,1.4086602940911867e-09,3.1277042348373524e-14,5.2550789100418412e-09,3.0360847494711724e-19,5.9344471081578752e-18,4.0601268696486805e-13
6.79863850393649e-10,0.11640260799999998,0.8585084662769803,0.0,0.0,0.33728662349353294,0.1184021970846539,0.022814983017972534,8.0142876566900294e-45,5.0273201012196103e-17,4.1066329940775878e-15,5.4018123487590481e-26,1.5500969340990524e-16,7.1122220254617296e-16,3.9440595982729176e-09,6.3664063035875293e-31,1.4710355216936165e-12,8.4299841846553492e-21,3.3050089870088374e-20,1.6096570254500272e-26,9.622613658297215e-38,7.1214291045881032e-16,1.4387130733633876e-24,0.00026776358748515342,1.3169349289436698e-05,1.4133453830480358e-09,3.200686010810301e-14,5.3563149126709954e-09,3.1073234643561784e-19,6.3570837886618993e-18,4.2028053348807938e-13
6.920976669194384e-10,0.11640260799999998,0.8585084662769803,0.0,0.0,0.33728168383530643,0.1183974941728996,0.022814864646982978,9.0927832786073397e-45,5.2296673390364761e-17,4.326632779513041e-15,5.7539146563242229e-26,1.596311186325792e-16,7.4321748869628235e-16,4.0409366230305198e-09,7.1291658030378733e-31,1.4981387519523423e-12,9.0304829712634141e-21,3.4548996052219439e-20,1.7169499615019329e-26,1.071933410587788e-37,7.4415329741951811e-16,1.571951843443584e-24,0.00027246639779773422,1.3406091238924051e-05,1.4178956033702416e-09,3.2742598602327165e-14,5.4577283259832785e-09,3.17914853356281e-19,6.801785673716095e-18,4.3469146016336161e-13
7.043314834452279e-10,0.11640260799999998,0.8585084662769803,0.0,0.0,0.33727674820049269,0.11839279527627231,0.022814746280073142,1.0291962973883631e-44,5.4367007827206258e-17,4.5545379401920888e-15,6.1216983521955374e-26,1.6428207751861551e-16,7.7599018870992032e-16,4.1381168840555093e-09,7.965529697352974e-31,1.5252652715257476e-12,9.6605201853961542e-21,3.6086962190170539e-20,1.8292276618540446e-26,1.1916860046113771e-37,7.769402293062503e-16,1.7145822820490307e-24,0.00027716519280590677,1.3642825028689413e-05,1.4223198830744684e-09,3.3484272397100211e-14,5.5593191292140095e-09,3.2515615012081196e-19,7.2693011567825225e-18,4.4924099327313293e-13
7.165652999710173e-10,0.11640260799999998,0.8585084662769803,0.0,0.0,0.33727181658564631,0.11838810039134079,0.0228146279172401,1.1622666107010442e-44,5.6484601147139076e-17,4.7905015477010729e-15,6.505540505533923e-26,1.6896186992786106e-16,8.0954269075632556e-16,4.2355920291214316e-09,8.8809198260523527e-31,1.5524151282682334e-12,1.0320899176064414e-20,3.7664347188040445e-20,1.9466236958383548e-26,1.3222296450571251e-37,8.1050604761808701e-16,1.8670614500368157e-24,0.0002818599759408439,1.3879550664593963e-05,1.4266265583422978e-09,3.4231896456012269e-14,5.6610873016226115e-09,3.3245639109049996e-19,7.760390828114725e-18,4.6392480735408998e-13
7.287991164968068e-10,0.11640260799999998,0.8585084662769803,0.0,0.0,0.33726688898732532,0.11838340951467692,0.022814509558480921,1.3096471470523274e-44,5.8649851204830728e-17,5.0346773896115512e-15,6.9058193280095073e-26,1.7366984144216235e-16,8.4387731827307689e-16,4.3333542584729519e-09,9.8810356629383922e-31,1.5795883700188842e-12,1.1012427252870421e-20,3.9281513420458356e-20,2.0692726828421009e-26,1.4643101137411572e-37,8.4485302898212583e-16,2.0298587024839804e-24,0.00028655075063077672,1.4116268152493669e-05,1.4308234127641958e-09,3.4985486078851144e-14,5.7630328224926478e-09,3.3981573061457037e-19,8.2758274661646695e-18,4.7873872282845117e-13
7.410329330225962e-10,0.11640260799999998,0.8585084662769803,0.0,0.0,0.33726196540209152,0.1183787226428554,0.022814391203792694,1.4725732024485847e-44,6.086315688306491e-17,5.2872199706236458e-15,7.3229141435139569e-26,1.7840538065762642e-16,8.7899633424771173e-16,4.4313962881853717e-09,1.0971862406583881e-30,1.6067850446014821e-12,1.1735915644175774e-20,4.0938826772961845e-20,2.1973102876244722e-26,1.6187095221605691e-37,8.799833894399367e-16,2.2034557488290242e-24,0.00029123752030099751,1.4352977498239294e-05,1.4349177139825462e-09,3.5745055744041305e-14,5.8651556711329318e-09,3.4723432316500051e-19,8.8163960291832998e-18,4.9367870341664562e-13
7.532667495483857e-10,0.11640260799999998,0.8585084662769803,0.0,0.0,0.33725704582650973,0.11837403977245387,0.022814272853172491,1.6523610540113574e-44,6.3124918090750413e-17,5.5482845137088156e-15,7.7572053598838191e-26,1.8316791662111121e-16,9.1490194521439265e-16,4.5297113159624811e-09,1.2159679138805247e-30,1.6340051998245168e-12,1.249217946134525e-20,4.2636656675087367e-20,2.3308732161839765e-26,1.7862473684908965e-37,9.1589928844873469e-16,2.3883467124169256e-24,0.00029592028837386198,1.458967870767642e-05,1.4389162478965476e-09,3.6510620312348538e-14,5.967455826876302e-09,3.5471232315667568e-19,9.3828936470134777e-18,5.0874085336298739e-13
7.655005660741751e-10,0.11640260799999998,0.8585084662769803,0.0,0.0,0.33725213025714856,0.11836936090005294,0.022814154506617404,1.8504116152481113e-44,6.5435535761191978e-17,5.8180269612519074e-15,8.2090744425002004e-26,1.8795691640541505e-16,9.5159630498470319e-16,4.6282929892094712e-09,1.3451067051569567e-30,1.6612488834811957e-12,1.3282037668510459e-20,4.4375376138924837e-20,2.4700992121422449e-26,1.9677816066213491e-37,9.5260283261639132e-16,2.585038189537044e-24,0.00030059905826879189,1.4826371786645432e-05,1.4428253505921923e-09,3.7282195264389827e-14,6.0699332690793387e-09,3.6224988489059335e-19,9.9761296130737636e-18,5.2392141450518967e-13
7.777343825999646e-10,0.11640260799999998,0.8585084662769803,0.0,0.0,0.33724721869057961,0.11836468602223611,0.022814036164124515,2.0682141826308937e-44,6.779541185027827e-17,6.0966039761927953e-15,8.6789038896334951e-26,1.927718828174274e-16,9.8908151813117492e-16,4.7271353752218007e-09,1.4852917742754958e-30,1.6885161433494549e-12,1.4106313057322726e-20,4.6155361773545948e-20,2.6151270536108142e-26,2.1642097272813744e-37,9.900960791888997e-16,2.7940493080385321e-24,0.0003052738334022778,1.5063056740981533e-05,1.4466509381564376e-09,3.8059795001743524e-14,6.1725879771240367e-09,3.6984716286852787e-19,1.0596925376531297e-17,5.3921676321671014e-13
7.89968199125754e-10,0.11640260799999998,0.8585084662769803,0.0,0.0,0.33724231112337816,0.11836001513558991,0.022813917825690908,2.3073502739415113e-44,7.0204949334846655e-17,6.3841729431674414e-15,9.1670772094149324e-26,1.9761235223360728e-16,1.0273596432402995e-15,4.8262329333465509e-09,1.6372441581251174e-30,1.7158070271919713e-12,1.4965832226213127e-20,4.7976993789790628e-20,2.7660965505105996e-26,2.3764698513220107e-37,1.0283810393070586e-15,3.0159117855974844e-24,0.00030994461718788141,1.5299733576514746e-05,1.4503985345189708e-09,3.8843434214101313e-14,6.2754199304164029e-09,3.7750431159943307e-19,1.1246114534662203e-17,5.5462340724712933e-13
8.022020156515435e-10,0.11640260799999998,0.8585084662769803,0.0,0.0,0.33723740755212261,0.11835534823670367,0.022813799491313683,2.5694975588907986e-44,7.2664552211513629e-17,6.6808919696481759e-15,9.6739788983285209e-26,2.0247789255726721e-16,1.0664326959501127e-15,4.9255804889873557e-09,1.8017176141951934e-30,1.7431215827561713e-12,1.5861425563728151e-20,4.9840656023154106e-20,2.9231485423166709e-26,2.6055418352248971e-37,1.0674596810474835e-15,3.2511699877003228e-24,0.00031461141303623793,1.5536402299069934e-05,1.4540732974504905e-09,3.9633128617771543e-14,6.3784291083856762e-09,3.8522148533679758e-19,1.1924542825398132e-17,5.70137982482293e-13
8.144358321773329e-10,0.11640260799999998,0.8585084662769803,0.0,0.0,0.33723250797339438,0.1183506853221697,0.022813681160989925,2.8564338825367534e-44,7.5174625495132469e-17,6.9869198870836053e-15,1.0199994421125104e-25,2.0736810129215416e-16,1.1063026517862633e-15,5.0251732093336687e-09,1.9794994711212851e-30,1.7704598577742439e-12,1.6793927235547488e-20,5.1746735929893584e-20,3.0864248962028556e-26,2.8524483889153217e-37,1.107333932261898e-15,3.5003809854009369e-24,0.00031927422435505903,1.5773062914466771e-05,1.4576800428367136e-09,4.042889256809593e-14,6.4816154904866979e-09,3.9299883857095601e-19,1.2633068120057496e-17,5.8575724964357558e-13
8.266696487031223e-10,0.11640260799999998,0.8585084662769803,0.0,0.0,0.33722761238377874,0.11834602638858328,0.022813562834716729,3.1700413820034857e-44,7.7735575217309981e-17,7.3024162520380394e-15,1.0745510192064809e-25,2.1228260372681022e-16,1.1469714488098646e-15,5.1250065807007679e-09,2.1714114863340092e-30,1.7978218999631487e-12,1.7764175174818647e-20,5.3695624568457967e-20,3.2560685055617432e-26,3.1182562059539684e-37,1.1480056832279625e-15,3.7641146129045417e-24,0.00032393305454913522,1.6009715428519773e-05,1.461223267341685e-09,4.123074048680574e-14,6.5849790561984298e-09,4.0083652593790662e-19,1.3372560416260051e-17,6.0147809094406098e-13
8.389034652289118e-10,0.11640260799999998,0.8585084662769803,0.0,0.0,0.33722272077986359,0.11834137143254247,0.022813444512491208,3.5123106969844685e-44,8.0347808425799839e-17,7.627541347329981e-15,1.1310913557399001e-25,2.1722105122425177e-16,1.1884409900897097e-15,5.2250763873726768e-09,2.37831071086667e-30,1.8252077570246306e-12,1.8773011075469693e-20,5.5687716616178794e-20,3.432223288876769e-26,3.4040771061809283e-37,1.1894767891242906e-15,4.0429535250268165e-24,0.00032858790702033794,1.6246359847038316e-05,1.464707169568184e-09,4.2038688382999264e-14,6.6885197850224172e-09,4.0873470165890482e-19,1.4143901831023294e-17,6.1729750671789441e-13
8.511372817547012e-10,0.11640260799999998,0.8585084662769803,0.0,0.0,0.33721783315824033,0.11833672045064844,0.022813326194310452,3.8853452745120942e-44,8.3011733183252448e-17,7.962456183170299e-15,1.1896592779008657e-25,2.2218311961165677e-16,1.230713146010633e-15,5.3253786918473522e-09,2.6010903613778484e-30,1.8526174766452247e-12,1.9821280388188976e-20,5.7723410355521472e-20,3.6150341889245375e-26,3.7110691908867203e-37,1.2317490723414332e-15,4.3374932545719527e-24,0.00033323878516762278,1.6482996175826618e-05,1.4681356698159101e-09,4.2852750628531204e-14,6.7922376564859747e-09,4.1669352016548671e-19,1.4947986594039282e-17,6.3321261203729542e-13
8.633710982804907e-10,0.11640260799999998,0.8585084662769803,0.0,0.0,0.33721294951550351,0.11833207343950507,0.022813207880171556,4.2913657684852709e-44,8.5727758565669472e-17,8.3073224983001095e-15,1.2502937019122455e-25,2.2716850766493013e-16,1.2737897564288827e-15,5.4259098163910498e-09,2.8406806994460499e-30,1.8800511064962755e-12,2.0909832318789076e-20,5.9803107632337767e-20,3.8046471722870559e-26,4.0404380105874852e-37,1.2748243246396808e-15,4.6483422696681836e-24,0.00033788569238703151,1.6719624420683728e-05,1.4715124285304565e-09,4.3672941246135374e-14,6.896132650140865e-09,4.2471313624855045e-19,1.5785721041130435e-17,6.492206333299309e-13
8.756049148062801e-10,0.11640260799999998,0.8585084662769803,0.0,0.0,0.3372080698482508,0.11832743039571933,0.022813089570071637,4.7327145344536473e-44,8.8496294662342089e-17,8.6623027611274383e-15,1.3130336326043402e-25,2.3217693568319271e-16,1.3176726326845924e-15,5.5266663258155798e-09,3.0980499181938558e-30,1.9075086942339375e-12,2.2039519828697203e-20,6.1927213872014818e-20,4.0012092291549418e-26,4.3934377454831209e-37,1.318704309163808e-15,4.9761220310949431e-24,0.00034252863207169472,1.6956244587403582e-05,1.4748408635293952e-09,4.4499276588999698e-14,7.0002047455605818e-09,4.3279370412364464e-19,1.6658023607882857e-17,6.653189050078104e-13
8.878387313320696e-10,0.11640260799999998,0.8585084662769803,0.0,0.0,0.33720319415308292,0.11832279131590095,0.022812971264007803,5.2118602201570647e-44,9.1317752574980621e-17,9.0275601708636949e-15,1.3779181620817378e-25,2.3720814414840212e-16,1.3623635594807925e-15,5.6276450113977136e-09,3.3742050362985247e-30,1.934990287499194e-12,2.3211199637336489e-20,6.4096138064660671e-20,4.2048683734037582e-26,4.7713723986777348e-37,1.3633907623242356e-15,5.3214670496321181e-24,0.00034716760761183439,1.7192856681774962e-05,1.4781241660861972e-09,4.5331771155853208e-14,7.1044539223445093e-09,4.4093537810709629e-19,1.7565824823455972e-17,6.8150486611759207e-13
9.00072547857859e-10,0.11640260799999998,0.8585084662769803,0.0,0.0,0.33719832242660402,0.11831815619666267,0.022812852961977163,5.7314024523160113e-44,9.4192544415877607e-17,9.4032586586600061e-15,1.4449864684781136e-25,2.4226189246548312e-16,1.4078642966378143e-15,5.7288428758649517e-09,3.6701927994453027e-30,1.9624959339178655e-12,2.4425732226182948e-20,6.6310292698270676e-20,4.4157736429266821e-26,5.175597002241983e-37,1.4088853955534099e-15,5.6850249434585808e-24,0.00035180262239476633,1.742946070958153e-05,1.4813653159477521e-09,4.617043839998321e-14,7.2088801601170741e-09,4.4913831317157164e-19,1.8510067304566858e-17,6.977760570210713e-13
9.123063643836485e-10,0.11640260799999998,0.8585084662769803,0.0,0.0,0.33719345466542094,0.1183135250346201,0.02281273466397683,6.2940766201677432e-44,9.7121083308354524e-17,9.7895628887421644e-15,1.5142778147931267e-25,2.4733795777852851e-16,1.4541765807313686e-15,5.8302571193767571e-09,3.9871005892790408e-30,1.9900256811006187e-12,2.5683981844301535e-20,6.8570093778376256e-20,4.6340751002076876e-26,5.6075188361973625e-37,1.4551898969457263e-15,6.0674564956241898e-24,0.00035643367980490293,1.7666056676601807e-05,1.4845670953563802e-09,4.7015295050103957e-14,7.313483438523396e-09,4.5740266356828127e-19,1.949170574964815e-17,7.1413011611355716e-13
9.245401809094379e-10,0.11640260799999998,0.8585084662769803,0.0,0.0,0.33718859086614389,0.11830889782639176,0.022812616370003921,6.9027587562446064e-44,1.0010378338643794e-16,1.0186638259545229e-14,1.5858315478059613e-25,2.5243613385882585e-16,1.5013021266220311e-15,5.9318851264351765e-09,4.3260573399092167e-30,2.0175795766429775e-12,2.6986816515182965e-20,7.0875960822758661e-20,4.8599238331204436e-26,6.0685986605032349e-37,1.5023059327887808e-15,6.4694357116165089e-24,0.00036106078322375524,1.7902644588609203e-05,1.4877321021424276e-09,4.7866355909869456e-14,7.4182637372344578e-09,4.6572858342450785e-19,2.051170693317791e-17,7.3056477658681575e-13
9.367739974352273e-10,0.11640260799999998,0.8585084662769803,0.0,0.0,0.33718373102538618,0.118304274568599,0.022812498080055546,7.5604705148932309e-44,1.031410597924695e-16,1.0594650904848539e-14,1.6596870970604387e-25,2.5755623006065993e-16,1.5492426288833226e-15,6.033724453663254e-09,4.6882344620227647e-30,2.0451576681253367e-12,2.8335108044719221e-20,7.3228316764637756e-20,5.0934719559390465e-26,6.5603519601280807e-37,1.5502351489930583e-15,6.8916498770408163e-24,0.00036568393602993569,1.8139224451371999e-05,1.4908627619490059e-09,4.8723633650881297e-14,7.5232210359472709e-09,4.741162279205313e-19,2.1571049700180286e-17,7.4707786324233135e-13
9.490078139610168e-10,0.11640260799999998,0.8585084662769803,0.0,0.0,0.33717887513976386,0.11829965525786619,0.022812379794128836,8.2703842490348576e-44,1.0623332867798563e-16,1.101376769490888e-14,1.7358839739169597e-25,2.6269807034102857e-16,1.5979997631351022e-15,6.1357728183937901e-09,5.0748467746583547e-30,2.0727600031129692e-12,2.9729732030170903e-20,7.5627587976586498e-20,5.3348726105476131e-26,7.0843502032868855e-37,1.5989791724268187e-15,7.3347996154296089e-24,0.00037030314159916083,1.837579627065338e-05,1.4939613396463328e-09,4.9587145366671425e-14,7.628355314378288e-09,4.8256575141145878e-19,2.2670724960895566e-17,7.6366728935980874e-13
9.612416304868062e-10,0.11640260799999998,0.8585084662769803,0.0,0.0,0.33717402320589657,0.11829503989082051,0.022812261512220905,9.0358281856677434e-44,1.0938100720422378e-16,1.144415623759317e-14,1.8144617706668467e-25,2.6786149233958869e-16,1.6475751872885531e-15,6.2380280880147444e-09,5.4871534446948405e-30,2.1003866291560379e-12,3.1171567869993251e-20,7.8074204288698182e-20,5.5842799678364874e-26,7.6422221129270035e-37,1.6485396121625372e-15,7.7995989461956966e-24,0.00037491840330425346,1.8612360052211411e-05,1.497029949989375e-09,5.0456906436280283e-14,7.7336665522695309e-09,4.9107730773486176e-19,2.3811735685618297e-17,7.803310536251079e-13
9.734754470125957e-10,0.11640260799999998,0.8585084662769803,0.0,0.0,0.33716917522040646,0.118290428464092,0.022812143234328886,9.8602917006131437e-44,1.1258451353887198e-16,1.1885984879512226e-14,1.8954601597049479e-25,2.7304634651533291e-16,1.6979705427086146e-15,6.3404882700210847e-09,5.9264589341057094e-30,2.128037593789608e-12,3.2661498774400278e-20,8.0568598854858957e-20,5.8418492292736486e-26,8.2356549515450922e-37,1.6989180606406483e-15,8.2867753427410777e-24,0.00037952972451514512,1.8848915801799066e-05,1.5000705675689727e-09,5.13329284987814e-14,7.839154729390549e-09,4.9965105229496285e-19,2.4995096899702114e-17,7.9706723712114348e-13
9.857092635383851e-10,0.11640260799999998,0.8585084662769803,0.0,0.0,0.3371643311799189,0.1182858209743137,0.022812024960449904,1.0747430693007161e-43,1.1584426685722191e-16,1.2339422707152265e-14,1.978918892756643e-25,2.7825249533667231e-16,1.7491874552993516e-15,6.4431515027262323e-09,6.3941139550304504e-30,2.1557129445336537e-12,3.4200411776558361e-20,8.3111208177139668e-20,6.1077366286404979e-26,8.8663958194181414e-37,1.7501160947561134e-15,8.797069790732011e-24,0.00038413710859887902,1.9085463525164203e-05,1.5030850361033189e-09,5.2215228926201606e-14,7.9448198255289276e-09,5.0828713966518312e-19,2.6221835678730028e-17,8.1387400038466275e-13
9.979430800641746e-10,0.11640260799999998,0.8585084662769803,0.0,0.0,0.33715949108106225,0.11828121741812143,0.022811906690581089,1.1701073060042308e-43,1.1916068734396112e-16,1.2804639548005478e-14,2.0648778001556328e-25,2.8347981252177158e-16,1.8012275365173621e-15,6.5460160465893404e-09,6.8915164327128972e-30,2.1834127288930721e-12,3.5789197744311182e-20,8.5702472166200647e-20,6.3820994339220175e-26,9.5362529663319687e-37,1.8021352768730396e-15,9.3312368465491702e-24,0.00038874055891961214,1.9322003228049602e-05,1.506075077113514e-09,5.3103824064639876e-14,8.0506618204970311e-09,5.169857232602169e-19,2.7492991143848869e-17,8.3074958053126762e-13
9.999999999999999e-10,0.11640260799999998,0.8585084662769803,0.0,0.0,0.33715867768294228,0.11828044379006525,0.022811886805794095,1.1868225052172459e-43,1.1972388490898992e-16,1.2884027105811112e-14,2.0795787631180275e-25,2.8436077242645007e-16,1.8100581910849823e-15,6.5633307210830299e-09,6.9781698342443016e-30,2.1880724059296836e-12,3.6061287651655891e-20,8.6142960989626101e-20,6.4290726542333906e-26,9.6528518067389738e-37,1.810962215674914e-15,9.4234471084410472e-24,0.00038951416915784006,1.9361772796180719e-05,1.506575521398997e-09,5.3253846096704649e-14,8.0684748238284569e-09,5.1845439871044971e-19,2.771115174683722e-17,8.3359357551409823e-13
1.010176896589964e-09,0.11640260799999998,0.8585084662769803,0.0,0.0,0.33715465492046814,0.11827661779215398,0.022811788424719572,1.2725224272463815e-43,1.2253419618871396e-16,1.3281805971702696e-14,2.1533767901691651e-25,2.8872818232615502e-16,1.8540923843179959e-15,6.6490802761176203e-09,7.420112476355674e-30,2.2111369943576953e-12,3.7428751392347889e-20,8.834283396248606e-20,6.6650959493418196e-26,1.0247097116890866e-36,1.8549771557719668e-15,9.8900446959202947e-24,0.00039334007883861782,1.9558534916192969e-05,1.5090422980240201e-09,5.3998724244143798e-14,8.1566806941369362e-09,5.2574695869558158e-19,2.8809614457266534e-17,8.4769228845054493e-13
1.0224107131157535e-09,0.11640260799999998,0.8585084662769803,0.0,0.0,0.33714982269477078,0.11827202209305294,0.022811670162862493,1.3824073051326421e-43,1.2596521558714163e-16,1.3771093291143365e-14,2.2444558483675292e-25,2.9399749887475288e-16,1.907783584038841e-15,6.7523426723055761e-09,7.9813973579389566e-30,2.2388857884022941e-12,3.9119971294735267e-20,9.1032739950286128e-20,6.956885517533214e-26,1.1000862809492458e-36,1.908643267534306e-15,1.0474275212741422e-23,0.00039793567171428828,1.979505859532689e-05,1.5119881997261336e-09,5.4899946905272846e-14,8.2628764263072845e-09,5.3457100094782296e-19,3.0172768817910829e-17,8.6470050607272064e-13
1.034644529641543e-09,0.11640260799999998,0.8585084662769803,0.0,0.0,0.33714499440060763,0.11826743031746284,0.022811551905006982,1.500199714651901e-43,1.2945416874471441e-16,1.4272673563623756e-14,2.3381550370349069e-25,2.9928766553572047e-16,1.9623027092246336e-15,6.8558018155755578e-09,8.5769164990508747e-30,2.2666591584865959e-12,4.0863759897742926e-20,9.3772639885731205e-20,7.2576285218380193e-26,1.1799549749051965e-36,1.9631351363682633e-15,1.108472401809181e-23,0.00040252734090213694,2.0031574271178901e-05,1.5149141836400574e-09,5.5807509905105919e-14,8.3692489968899435e-09,5.4345800284542777e-19,3.1583529457248609e-17,8.8177268370786513e-13
1.0468783461673324e-09,0.11640260799999998,0.8585084662769803,0.0,0.0,0.33714017003461899,0.11826284246203102,0.022811433651150188,1.6263569217565159e-43,1.3300147987069536e-16,1.4786719591968629e-14,2.4345144946188278e-25,3.0459859433350238e-16,2.0176513223974782e-15,6.9594563791863792e-09,9.2082664657759862e-30,2.2944571520552929e-12,4.2661023532898148e-20,9.6562986665488533e-20,7.5674863887253011e-26,1.2645224173560507e-36,2.0184542753799421e-15,1.1722200539446455e-23,0.00040711508975480135,2.0268081949471453e-05,1.5178215583088381e-09,5.6721421991170204e-14,8.4757983857994922e-09,5.5240812014165752e-19,3.3042983635263881e-17,8.9890733745831172e-13
1.0591121626931218e-09,0.11640260799999998,0.8585084662769803,0.0,0.0,0.33713534959344821,0.11825825852340777,0.022811315401289254,1.7613562817208446e-43,1.3660757417856916e-16,1.531340492566001e-14,2.5335744352156624e-25,3.0993020539875879e-16,2.0738309757760035e-15,7.0633051230789965e-09,9.8770959716874235e-30,2.3222798165380514e-12,4.451267243021363e-20,9.9404236309202577e-20,7.8866215903227532e-26,1.3540020234562293e-36,2.0746021872932374e-15,1.2387528070089293e-23,0.00041169892162204517,2.0504581635921933e-05,1.5207115455551823e-09,5.7641700272811948e-14,8.5825245729657346e-09,5.6142150849782321e-19,3.4552230636593877e-17,9.1610304670462962e-13
1.0713459792189112e-09,0.11640260799999998,0.8585084662769803,0.0,0.0,0.33713053307374152,0.11825367849824625,0.022811197155421313,1.9056958478292931e-43,1.4027287789279027e-16,1.5852903861962573e-14,2.635375148089786e-25,3.1528242645290585e-16,2.1308432119468475e-15,7.1673468881302241e-09,1.0585106888987445e-29,2.3501271993495212e-12,4.6419620731538119e-20,1.0229684818844175e-19,8.2151976470538549e-26,1.4486141391635789e-36,2.131580365122177e-15,1.3081543828729331e-23,0.00041627883985076078,2.0741073336242664e-05,1.523585286230144e-09,5.8568364843691498e-14,8.6894275383390255e-09,5.7049831997719895e-19,3.6112381766821426e-17,9.3335845166521644e-13
1.0835797957447007e-09,0.11640260799999998,0.8585084662769803,0.0,0.0,0.33712572047214817,0.11824910238320238,0.022811078913543524,2.0598949904450439e-43,1.4399781824095439e-16,1.6405391447054505e-14,2.739956997224154e-25,3.2065519232515046e-16,2.188689564491616e-15,7.2715805907874645e-09,1.1334055267840424e-29,2.3779993478893519e-12,4.8382786503984992e-20,1.0524128473954358e-19,8.5533791303744374e-26,1.5485861820964388e-36,2.1893902927986219e-15,1.3805099019321264e-23,0.00042085484778497213,2.0977557056140913e-05,1.5264438455807263e-09,5.9501422650846391e-14,8.79650726190638e-09,5.7963871029036688e-19,3.7724560348922846e-17,9.5067225102931047e-13
1.0958136122704901e-09,0.11640260799999998,0.8585084662769803,0.0,0.0,0.33712091178532033,0.11824453017493508,0.022810960675653035,2.2244950265106211e-43,1.4778282345247267e-16,1.6971043477155406e-14,2.8473604209002272e-25,3.2604844450002053e-16,2.247371558572287e-15,7.3760052180592042e-09,1.2125752363941383e-29,2.4058963095421968e-12,5.0403091753399676e-20,1.0823801137789336e-19,8.9013316656025842e-26,1.6541527838082103e-36,2.2480334457582134e-15,1.4559058891091402e-23,0.00042542694876583653,2.1214032801318882e-05,1.5292882182616664e-09,6.0440889795378894e-14,8.9037637236691386e-09,5.888428361875787e-19,3.9389901719869791e-17,9.6804319966300954e-13
1.1080474287962796e-09,0.11640260799999998,0.8585084662769803,0.0,0.0,0.33711610700991312,0.11823996187010608,0.022810842441747001,2.4000598595316717e-43,1.5162832276964e-16,1.7550036499648475e-14,2.9576259313053025e-25,3.3146213069351141e-16,2.3068907114777997e-15,7.4806198228376433e-09,1.2962065674362567e-29,2.4338181316777273e-12,5.2481462437830942e-20,1.112874968700243e-19,9.259221934836316e-26,1.7655559334880476e-36,2.307511291487703e-15,1.5344302798769288e-23,0.00042999514613164787,2.1450500577473725e-05,1.5321193330149803e-09,6.1386789535764219e-14,9.011196903644932e-09,5.9811084880413559e-19,4.1109553227384104e-17,9.8547010638768104e-13
1.120281245322069e-09,0.11640260799999998,0.8585084662769803,0.0,0.0,0.33711130614258461,0.11823539746537988,0.022810724211822567,2.5871766300954347e-43,1.5553474643800164e-16,1.8142547814210393e-14,3.0707941141654121e-25,3.3689620445607459e-16,2.3672485331344132e-15,7.585423519531482e-09,1.384491998171983e-29,2.461764861650642e-12,5.4618828480975927e-20,1.1439021299682938e-19,9.6272176799537043e-26,1.8830451230962671e-36,2.3678252900359501e-15,1.6161724263024783e-23,0.00043455944321783857,2.1686960390297564e-05,1.5349380570393063e-09,6.233912694320213e-14,9.1188067818929801e-09,6.0744290345834792e-19,4.2884674226844215e-17,1.002951831829982e-12
1.1325150618478585e-09,0.11640260799999998,0.8585084662769803,0.0,0.0,0.33710650917999557,0.11823083695742402,0.022810605985876902,2.7864563769753317e-43,1.5950252570150128e-16,1.8748755473939256e-14,3.1869056284021169e-25,3.4235062480078527e-16,2.4284465265822346e-15,7.6904154799882641e-09,1.477629840669985e-29,2.4897365468006785e-12,5.6816123785572081e-20,1.1754663434175015e-19,1.0005487705690519e-25,2.0068774939431612e-36,2.428976894490812e-15,1.7012231031110052e-23,0.00043911984335698204,2.1923412245477467e-05,1.5377452000696047e-09,6.3297916045363354e-14,9.2265933384869469e-09,6.1683915853680325e-19,4.4716436078342089e-17,1.0204872863425472e-12
1.144748878373648e-09,0.11640260799999998,0.8585084662769803,0.0,0.0,0.33710171611881007,0.11822628034290877,0.022810487763907157,2.9985347088733519e-43,1.6353209281956421e-16,1.9368838286472756e-14,3.3060012058116053e-25,3.4782535585511982e-16,2.4904861884201493e-15,7.7955949296871208e-09,1.5758243468988717e-29,2.5177332344526208e-12,5.9074286246713237e-20,1.2075723885644961e-19,1.0394201882790792e-25,2.1373179847198682e-36,2.4909675514247226e-15,1.7896745137705431e-23,0.00044367634987879559,2.2159856148695472e-05,1.5405415181864056e-09,6.4263184397646459e-14,9.3345565535103037e-09,6.2629976415733645e-19,4.6606022143889522e-17,1.0380754279942851e-12
1.1569826948994374e-09,0.11640260799999998,0.8585084662769803,0.0,0.0,0.33709692695569476,0.1182217276185073,0.022810369545910494,3.2240724868520385e-43,1.6762388105620487e-16,2.000297581511698e-14,3.4281216507646154e-25,3.5332036653487086e-16,2.5533690092212737e-15,7.9009611441839284e-09,1.6792858156641626e-29,2.5457549719163137e-12,6.1394257765069741e-20,1.2402250749874815e-19,1.0793531151225914e-25,2.2746394809900349e-36,2.5537987013107291e-15,1.8816202965967872e-23,0.00044822896611014247,2.2396292105628582e-05,1.5433277173725456e-09,6.5234935397825298e-14,9.4426964070940049e-09,6.3582487464611828e-19,4.8554627784772384e-17,1.0557152606291006e-12
1.1692165114252268e-09,0.11640260799999998,0.8585084662769803,0.0,0.0,0.33709214168731927,0.11821717878089562,0.022810251331884093,3.4637565175077678e-43,1.717783246689138e-16,2.0651348379975346e-14,3.5533078399258016e-25,3.5883563023881386e-16,2.617096473920853e-15,8.0065134457921981e-09,1.7882307003933056e-29,2.5738018064866708e-12,6.3776984259995975e-20,1.2734292380798244e-19,1.1203647523478238e-25,2.4191229661509914e-36,2.6174717789105748e-15,1.9771555308780342e-23,0.00045277769537503448,2.2632720121948796e-05,1.5461044568341346e-09,6.6213179413217173e-14,9.5510128793853089e-09,6.4541465072480134e-19,5.056346035905212e-17,1.0734058319917794e-12
1.1814503279510162e-09,0.11640260799999998,0.8585084662769803,0.0,0.0,0.33708736031035641,0.11821263382675254,0.022810133121825109,3.7183002569372328e-43,1.7599585893372189e-16,2.1314137059062195e-14,3.6816007219912599e-25,3.6437112456282614e-16,2.6816700621784591e-15,8.1122512004840487e-09,1.9028817177726117e-29,2.6018737854436846e-12,6.6223415682510405e-20,1.3071897471962169e-19,1.1624724087885405e-25,2.571057673873227e-36,2.6819882136374632e-15,2.0763767430200418e-23,0.00045732254099463458,2.2869140203323043e-05,1.548872352101358e-09,6.7197949596407789e-14,9.6595059505319539e-09,6.5506924157067136e-19,5.2633739219212651e-17,1.0911462319196682e-12
1.1936841444768057e-09,0.11640260799999998,0.8585084662769803,0.0,0.0,0.3370825828214814,0.1182080927527598,0.02281001491573071,3.9884445255493386e-43,1.8027692013455658e-16,2.199152368942975e-14,3.813041317443011e-25,3.699268310322355e-16,2.7470912487161762e-15,8.2181738149966558e-09,2.0234679572399362e-29,2.6299709560524398e-12,6.8734506028136619e-20,1.3415115023315605e-19,1.2056935012041783e-25,2.7307412420269572e-36,2.7473494298948268e-15,2.1793819127105927e-23,0.00046186350628725899,2.3105552355413273e-05,1.5516319779237383e-09,6.8189248351156693e-14,9.7681756007356282e-09,6.6478879956640849e-19,5.4766695709952305e-17,1.1089355905987464e-12
1.2059179610025951e-09,0.11640260799999998,0.8585084662769803,0.0,0.0,0.33707780921737274,0.11820355555560198,0.022809896713598069,4.2749582337743767e-43,1.8462194554184869e-16,2.2683690868299743e-14,3.9476707183193061e-25,3.7550273485125021e-16,2.8133615036343754e-15,8.3242807341305713e-09,2.1502249913368777e-29,2.6580933655631192e-12,7.1311213349594895e-20,1.3763994265084397e-19,1.2500455546253719e-25,2.8984798681046186e-36,2.8135568473921017e-15,2.2862704791035548e-23,0.00046640059456838011,2.334195658387644e-05,1.5543838709734742e-09,6.9187080125054385e-14,9.8770218102191812e-09,6.7457348860131756e-19,5.6963573166119008e-17,1.1267730768826086e-12
1.2181517775283846e-09,0.11640260799999998,0.8585084662769803,0.0,0.0,0.33707303949471162,0.11819902223196639,0.022809778515424369,4.5786391187226318e-43,1.890313734475977e-16,2.3390821954171661e-14,4.0855300879997208e-25,3.8109882466839629e-16,2.880482292706554e-15,8.4305714382271894e-09,2.2833949869242396e-29,2.6862410612110194e-12,7.3954499769336359e-20,1.4118584769383796e-19,1.2955462027045512e-25,3.0745884661481579e-36,2.8806118814400582e-15,2.3971433470221924e-23,0.00047093380915062821,2.3578352894364437e-05,1.5571285323695549e-09,7.0191485038364621e-14,9.9860445591929307e-09,6.8442345729926579e-19,5.9225626910787897e-17,1.1446578966728408e-12
1.230385594054174e-09,0.11640260799999998,0.8585084662769803,0.0,0.0,0.33706827365018205,0.11819449277854331,0.022809660321206786,4.9003144918450406e-43,1.9350564315806075e-16,2.4113101067946566e-14,4.2266606610040531e-25,3.8671509235694757e-16,2.9484550776546411e-15,8.5370454408134771e-09,2.4232268172644398e-29,2.7144140902165563e-12,7.6665331491913446e-20,1.4478936430423337e-19,1.3422131880713104e-25,3.259390825190002e-36,2.9485159432267436e-15,2.512102893181491e-23,0.00047546315334379504,2.3814741292524176e-05,1.5598664300345672e-09,7.1202465938414967e-14,1.0095243827927605e-08,6.9433885467773622e-19,6.1554124253480409e-17,1.1625892913592453e-12
1.2426194105799635e-09,0.11640260799999998,0.8585084662769803,0.0,0.0,0.33706351168047116,0.1181899671920258,0.022809542130942488,5.2408419976479387e-43,1.9804519495644998e-16,2.4850713094063668e-14,4.3711037428041009e-25,3.9235153280940468e-16,3.0172813164060548e-15,8.6437022864028718e-09,2.5699761749745257e-29,2.7426124997852784e-12,7.9444678816181366e-20,1.484509933784589e-19,1.3900643626922865e-25,3.453219769216645e-36,3.0172704400743554e-15,2.6312529724292352e-23,0.00047998863045483519,2.4051121783997618e-05,1.562598000895271e-09,7.2220018267087127e-14,1.0204619596724408e-08,7.0431984869613868e-19,6.3950344488522997e-17,1.1805665363183375e-12
1.254853227105753e-09,0.11640260799999998,0.8585084662769803,0.0,0.0,0.33705875358226878,0.11818544546910972,0.022809423944628669,5.6011103835142085e-43,2.0265047014961079e-16,2.5603843681602683e-14,4.5189007096474877e-25,3.9800814374512816e-16,3.0869624633337253e-15,8.750541548441999e-09,2.7239056858534208e-29,2.7708363371078754e-12,8.2293516147327163e-20,1.5217123921983201e-19,1.4391176882352803e-25,3.6564173186638136e-36,3.0868767756796466e-15,2.7546989240055884e-23,0.00048451024378786913,2.4287494374421652e-05,1.5653236529372824e-09,7.3244190357507978e-14,1.0314171845854728e-08,7.1436658833403011e-19,6.6415578893545553e-17,1.1985889394685271e-12
1.2793208601573318e-09,0.11640260799999998,0.8585084662769803,0.0,0.0,0.33704924898716321,0.11817641360087977,0.022809187583841199,6.3845850246173155e-43,2.1205996096081143e-16,2.7157406967245758e-14,4.8247221563808257e-25,4.093818810376958e-16,3.2288952827300138e-15,8.9647657492627589e-09,3.0543910275570198e-29,2.8273604837032314e-12,8.8203579053399394e-20,1.5978961062175273e-19,1.5409031894866519e-25,4.0923332814750539e-36,3.2286505611184734e-15,3.0149072607968881e-23,0.00049354189232224323,2.4760215874644343e-05,1.5707586988691712e-09,7.5312399858818706e-14,1.0533805706503826e-08,7.3465791932904593e-19,7.1558315232867628e-17,1.2347666065743066e-12
1.3013417299037528e-09,0.11640260799999998,0.8585084662769803,0.0,0.0,0.3370407080589784,0.11816829809990101,0.022808974872614886,7.1668066071407522e-43,2.2075772451355558e-16,2.8610565531234537e-14,5.1118482752931845e-25,4.1968725653636417e-16,3.3595731312449551e-15,9.1581876424374842e-09,3.3791646496177061e-29,2.878319651670471e-12,9.377015121565289e-20,1.6685173237330496e-19,1.6368039473837635e-25,4.520323519395271e-36,3.3591742718376682e-15,3.2648740249606373e-23,0.00050165719497139057,2.5185638259703384e-05,1.5756335632824853e-09,7.7196518671981605e-14,1.0732079546776271e-08,7.5314650108521529e-19,7.6436005802571266e-17,1.2674746233420315e-12
1.3233625996501738e-09,0.11640260799999998,0.8585084662769803,0.0,0.0,0.33703217962313237,0.11816019506573489,0.022808762174144404,8.0283158100823588e-43,2.2967534106997476e-16,3.0116926515729637e-14,5.4104876836365647e-25,4.3005806028356526e-16,3.4930433603724254e-15,9.3521950638940999e-09,3.7316154336740639e-29,2.9293619387918892e-12,9.9577213867253303e-20,1.741117473373499e-19,1.7368840674013236e-25,4.9844248769657541e-36,3.4924796269294895e-15,3.5304661620903251e-23,0.00050976003023619457,2.5611035132800036e-05,1.5804944627477215e-09,7.9102303133446583e-14,1.0930924878094308e-08,7.7185050134775278e-19,8.1557931807264092e-17,1.3003195354414916e-12
1.3453834693965948e-09,0.11640260799999998,0.8585084662769803,0.0,0.0,0.33702366366042352,0.11815210447921405,0.022808549488413408,8.975526012451472e-43,2.3881542071422218e-16,3.1677600422088106e-14,5.7208842273650508e-25,4.4049435997540784e-16,3.6293143498071904e-15,9.5467863470577433e-09,4.1135410318805296e-29,2.9804876197477147e-12,1.0563059973879186e-19,1.8157269956883088e-19,1.8412523179580286e-25,5.4869864000206858e-36,3.6285747080172033e-15,3.8123525154557334e-23,0.00051785041728412418,2.6036406526628955e-05,1.5853429554324224e-09,8.1029740609838432e-14,1.113034158652461e-08,7.9077084246703184e-19,8.6932057127106918e-17,1.3332983122281242e-12
1.3674043391430158e-09,0.11640260799999998,0.8585084662769803,0.0,0.0,0.33701516015167993,0.11814402632120068,0.022808336815405571,1.0015242441898719e-42,2.4818058409626494e-16,3.3293705867887039e-14,6.0432824847378395e-25,4.5099624136896971e-16,3.7683944562899868e-15,9.7419600062713154e-09,4.5268212677850259e-29,3.031696969063025e-12,1.1193618556591055e-19,1.8923765997164666e-19,1.9500186493584897e-25,6.0304671027107786e-36,3.7674675730423716e-15,4.1112180164199246e-23,0.0005259283752530895,2.6461752473832623e-05,1.5901804185979177e-09,8.297897005516864e-14,1.1330329558221741e-08,8.0990839970136403e-19,9.2566471365535681e-17,1.3664081673321129e-12
1.3894252088894368e-09,0.11640260799999998,0.8585084662769803,0.0,0.0,0.33700666907775967,0.11813596057258652,0.022808124155104619,1.1154678647812199e-42,2.5777346243659813e-16,3.4966369607961631e-14,6.3779277644538248e-25,4.6156380626813252e-16,3.9102920160721372e-15,9.9377147157240246e-09,4.9734204383092764e-29,3.082990261107944e-12,1.1849989228742979e-19,1.9710972992969146e-19,2.0632942012203956e-25,6.6174392863455582e-36,3.9091662587342493e-15,4.4277638056215349e-23,0.00053399392325148792,2.6887073007001542e-05,1.5950080696892555e-09,8.4950167685175156e-14,1.1530888679541871e-08,8.2926406846648456e-19,9.846938984351095e-17,1.3996465396018042e-12
1.4114460786358578e-09,0.11640260799999998,0.8585084662769803,0.0,0.0,0.33699819041955009,0.11812790721429275,0.022807911507494269,1.2401473376646182e-42,2.6759669752142685e-16,3.6696726555499416e-14,6.7250661039903856e-25,4.7219717073896366e-16,4.0550153470915261e-15,1.0134049290851112e-08,5.4553896471209827e-29,3.1343677700978272e-12,1.2532768523778577e-19,2.0519204005008772e-19,2.1811913099840047e-25,7.2505919143276354e-36,4.053678782789429e-15,4.7627073547017785e-23,0.00054204708035825015,2.7312368158674545e-05,1.599826984952568e-09,8.6943276078425393e-14,1.1732018837313053e-08,8.488387886144482e-19,1.046491535981889e-16,1.4330110754467526e-12
1.4334669483822788e-09,0.11640260799999998,0.8585084662769803,0.0,0.0,0.33698972415796852,0.11811986622726994,0.022807698872558291,1.3763707844059553e-42,2.7765294173635148e-16,3.8485919803107681e-14,7.0849442681203031e-25,4.8289646352616877e-16,4.2025727508967979e-15,1.0330962671888771e-08,5.9748691689610998e-29,3.1858297700934609e-12,1.3242557433416972e-19,2.1348774937656949e-19,2.3038235164962149e-25,7.9327340426034797e-36,4.2010131457962622e-15,5.1167825885489779e-23,0.00055008786562288521,2.7737637961338432e-05,1.6046381158959672e-09,8.8958409138835679e-14,1.1933719918429685e-08,8.6863344588750049e-19,1.1111422938584671e-16,1.4664996124645708e-12
1.4554878181286998e-09,0.11640260799999998,0.8585084662769803,0.0,0.0,0.33698127027396174,0.11811183759249808,0.022807486250280458,1.5249923415437849e-42,2.8794485808423671e-16,4.0335100643815922e-14,7.4578097475929967e-25,4.9366182465545157e-16,4.3529725143394692e-15,1.0528453909416218e-08,6.5340908457630036e-29,3.2373765350012515e-12,1.3979961425847041e-19,2.220000473359788e-19,2.4313055736650457e-25,8.666798307318981e-36,4.3511773329301965e-15,5.4907400080594677e-23,0.00055811629806552657,2.8162882447428232e-05,1.6094423037620287e-09,9.0995796410729849e-14,1.2135991809907552e-08,8.8864890941496165e-19,1.1787320968911287e-16,1.5001101643077298e-12
1.4775086878751208e-09,0.11640260799999998,0.8585084662769803,0.0,0.0,0.33697282874850576,0.1181038212909865,0.022807273640644592,1.6869139692673024e-42,2.984751201023908e-16,4.2245428592145286e-14,7.8439107579553935e-25,5.0449340419451111e-16,4.5062229110688256e-15,1.0726522151586026e-08,7.1353805143585118e-29,3.2890083385734157e-12,1.4745590463452273e-19,2.3073215102768423e-19,2.5637534541770921e-25,9.4558444695394528e-36,4.5041793154519486e-15,5.8853468133921361e-23,0.00056613239667697784,2.8588101649327672e-05,1.6142402923109266e-09,9.3055347352670562e-14,1.2338834399318968e-08,9.0888613169171838e-19,1.2493481272837238e-16,1.5338409066830916e-12
1.4995295576215418e-09,0.11640260799999998,0.8585084662769803,0.0,0.0,0.33696439956260621,0.11809581730377373,0.02280706104363452,1.8630873010402458e-42,3.0924641189320657e-16,4.4218071405142856e-14,8.243496238494525e-25,5.1539136115293484e-16,4.662332202855068e-15,1.0925166632825002e-08,7.7811604659578576e-29,3.340725454408177e-12,1.5540059020089375e-19,2.3968730365265363e-19,2.7012843582722618e-25,1.0303063017594367e-35,4.660027052029395e-15,6.3013870277032008e-23,0.00057413618041875746,2.9013295599368674e-05,1.6190327391319413e-09,9.5137145571571506e-14,1.2542247574297968e-08,9.293460229158793e-19,1.323078824772835e-16,1.5676901644038469e-12
1.5215504273679628e-09,0.11640260799999998,0.8585084662769803,0.0,0.0,0.3369559826972981,0.1180878256119277,0.022806848459234103,2.0545155344004579e-42,3.2026142826695083e-16,4.6254205103274254e-14,8.6568158512871769e-25,5.2635586250470989e-16,4.8213086407614453e-15,1.1124386663827782e-08,8.473951937535388e-29,3.392528155949951e-12,1.6363986097949025e-19,2.4886878031408198e-19,2.8440167215713705e-25,1.1211778827506848e-35,4.81872848991312e-15,6.7396616213478543e-23,0.00058212766822314543,2.9438464329831581e-05,1.6238202256612308e-09,9.724149615068241e-14,1.2746231222492303e-08,9.5002941579950936e-19,1.4000138868232932e-16,1.6016563994176992e-12
1.5435712971143838e-09,0.11640260799999998,0.8585084662769803,0.0,0.0,0.33694757813364568,0.11807984619654535,0.022806635887427235,2.2622553633828615e-42,3.3152287457030908e-16,4.8355013991463809e-14,9.084119980345845e-25,5.3738708232139654e-16,4.9831604661806528e-15,1.1324181622712781e-08,9.2163776354140133e-29,3.4444167164895399e-12,1.7217995244017198e-19,2.5827988435167073e-19,2.9920702229532662e-25,1.2185454882255901e-35,4.9802915659762635e-15,7.2009886365397582e-23,0.00059010687899322724,2.9863607872945771e-05,1.6286032660364208e-09,9.9368273961497459e-14,1.2950785232214564e-08,9.7093726397006747e-19,1.4802442688636525e-16,1.6357381997502107e-12
1.5655921668608048e-09,0.11640260799999998,0.8585084662769803,0.0,0.0,0.33693918585274257,0.11807187903875289,0.022806423328197826,2.487418952928904e-42,3.4303346664200623e-16,5.0521690680131116e-14,9.5256597308506057e-25,5.4848520100427815e-16,5.1478959117501832e-15,1.1524550947214372e-08,1.001116429127959e-28,3.4963914091643168e-12,1.8102714566163258e-19,2.6792394285406305e-19,3.1455657924783564e-25,1.3227696050514362e-35,5.1447242076267472e-15,7.686203312458378e-23,0.00059807383160294045,3.0288726260889107e-05,1.6333823149140918e-09,1.0151750364002173e-13,1.3155909491861663e-08,9.9207052398671622e-19,1.5638621845611226e-16,1.6699342693019306e-12
1.5876130366072258e-09,0.11640260799999998,0.8585084662769803,0.0,0.0,0.33693080583571156,0.11806392411970555,0.022806210781529807,2.7311759556166774e-42,3.5479593114345892e-16,5.2755436105965478e-14,9.981686928456827e-25,5.5965040460408763e-16,5.3155232021609758e-15,1.1725494127788598e-08,1.0861145250829352e-28,3.5484525069584236e-12,1.9018776748880294e-19,2.7780431642796363e-19,3.3046256193554163e-25,1.4342252925463838e-35,5.3120343336193677e-15,8.1961582107942351e-23,0.00060602854489711906,3.0713819525787946e-05,1.6381577743728366e-09,1.036895895664221e-13,1.3361603889684132e-08,1.0134299869031474e-18,1.6509611061353634e-16,1.7042434184386141e-12
1.6096339063536468e-09,0.11640260799999998,0.8585084662769803,0.0,0.0,0.33692243806370431,0.11805598142058774,0.022805998247407144,2.9947555710092039e-42,3.6681300530444143e-16,5.5057459552931261e-14,1.045245411866926e-24,5.7088288421772657e-16,5.4860505548726636e-15,1.192701070151878e-08,1.1769263095230642e-28,3.600600282702953e-12,1.9966819068704612e-19,2.8792439489670812e-19,3.4693731599488436e-25,1.5533025724242685e-35,5.4822298547753497e-15,8.731723341722103e-23,0.00061397103769153863,3.1138887699718067e-05,1.6429300000158149e-09,1.0588438102118875e-13,1.3567868314720426e-08,1.0350165859859615e-18,1.7416357647105692e-16,1.7386645553152788e-12
1.6316547761000678e-09,0.11640260799999998,0.8585084662769803,0.0,0.0,0.336914082517902,0.11804805092261274,0.022805785725813835,3.2794486479405872e-42,3.7908743670044587e-16,5.7428978673344364e-14,1.0938214566274746e-24,5.8218283545303691e-16,5.6594861807465416e-15,1.2129100246725407e-08,1.2738572295584726e-28,3.6528350090761391e-12,2.0947483409337558e-19,2.9828758790053247e-19,3.6399331458239282e-25,1.6804068248618289e-35,5.6553186746098586e-15,9.2937862902934768e-23,0.00062190132877296231,3.1563930814704092e-05,1.6476993063683798e-09,1.0810180561379263e-13,1.3774702656162982e-08,1.0568313508406802e-18,1.8359821507052847e-16,1.773196677879767e-12
1.6536756458464888e-09,0.11640260799999998,0.8585084662769803,0.0,0.0,0.33690573917951466,0.1180401326070229,0.02280557321673388,3.586609830080193e-42,3.9162198387018442e-16,5.9871219508493015e-14,1.1439222254826893e-24,5.9355045795412915e-16,5.8358382846056154e-15,1.2331762378200507e-08,1.3772241900605732e-28,3.7051569586035478e-12,2.1961416276490879e-19,3.0889734078262016e-19,3.8164315918281726e-25,1.8159591907505132e-35,5.8313086898958419e-15,9.883252343240545e-23,0.0006298194368991849,3.1988948902719108e-05,1.6524659716503709e-09,1.1034239406554884e-13,1.398210680283268e-08,1.078875032488303e-18,1.9340975142593796e-16,1.807838866506271e-12
1.6756965155929098e-09,0.11640260799999998,0.8585084662769803,0.0,0.0,0.33689740802978146,0.1180322264550894,0.022805360720151331,3.9176597451250174e-42,4.0441941602778353e-16,6.2385416509584005e-14,1.1955731886176996e-24,6.0498595498067836e-16,6.0151150657298611e-15,1.2534996742996724e-08,1.4873558257730141e-28,3.7575664036582645e-12,2.3009268812475462e-19,3.1975713108764371e-19,3.9989958042068822e-25,1.9603969801962425e-35,6.0102077911654007e-15,1.0501044616184589e-22,0.00063772538079907739,3.2413941995686095e-05,1.6572302419933265e-09,1.1260599076809873e-13,1.4190080644467732e-08,1.1011485090357252e-18,2.0360803656976773e-16,1.8425902772129253e-12
1.6977173853393308e-09,0.11640260799999998,0.8585084662769803,0.0,0.0,0.33688908904997028,0.1180243324481124,0.022805148236050243,4.2740872379587215e-42,4.174825124903168e-16,6.4972812558928511e-14,1.2487998880045889e-24,6.1648953303513274e-16,6.1973247182941769e-15,1.2738803016707064e-08,1.6045927767865657e-28,3.8100636164610756e-12,2.4091696810552756e-19,3.3087045034582147e-19,4.1877543887514389e-25,2.1141740873297283e-35,6.1920238631390756e-15,1.1148104181242096e-22,0.00064561917917263338,3.2838910125477152e-05,1.6619923351665424e-09,1.1489237274808251e-13,1.4398624071104276e-08,1.1236529141614386e-18,2.142030476029784e-16,1.8774501354200393e-12
1.7197382550857518e-09,0.11640260799999998,0.8585084662769803,0.0,0.0,0.33688078222137813,0.11801645056742088,0.022804935764414707,4.6574516481107676e-42,4.3081406368062674e-16,6.7634658990378723e-14,1.3036279373632017e-24,6.2806140153231531e-16,6.3824754317558036e-15,1.2943180900177323e-08,1.7292879673983157e-28,3.8626488690806641e-12,2.5209360729067653e-19,3.4224082773123816e-19,4.3828372589788142e-25,2.2777614114893615e-35,6.3767647851172861e-15,1.1825390195022255e-22,0.00065350085069101286,3.326385332391287e-05,1.6667524438696547e-09,1.1720222402718675e-13,1.4607736972101224e-08,1.1463889728520573e-18,2.2520488774855079e-16,1.9124177302079501e-12
1.7417591248321728e-09,0.11640260799999998,0.8585084662769803,0.0,0.0,0.33687248752533083,0.1180085807943725,0.022804723305228848,5.0693851318529898e-42,4.444168709270367e-16,7.0372215610161828e-14,1.3600830221251457e-24,6.3970177250653127e-16,6.5705753911972136e-15,1.3148130116599918e-08,1.8618068883755822e-28,3.9153224334337919e-12,2.6362925705380558e-19,3.5387183043716466e-19,4.5843756443410385e-25,2.4516472848390261e-35,6.5644384313326173e-15,1.2533880027009921e-22,0.00066137041399658679,3.3688771622764104e-05,1.6715107386435373e-09,1.1953542351846686e-13,1.4817419237851744e-08,1.1693574557438583e-18,2.3662378640853826e-16,1.9474924090362179e-12
1.7637799945785938e-09,0.11640260799999998,0.8585084662769803,0.0,0.0,0.33686420494318281,0.11800072311035378,0.022804510858476797,5.5115950292686349e-42,4.5829374529486981e-16,7.3186750718271063e-14,1.4181908994006238e-24,6.5141086035193975e-16,6.7616327776296044e-15,1.3353650408944838e-08,2.0025278826452848e-28,3.9680845812854834e-12,2.7553061569614605e-19,3.6576703134399118e-19,4.7925020984635361e-25,2.6363379064840811e-35,6.7550526712403042e-15,1.3274569388328828e-22,0.00066922788770298208,3.4113665053751304e-05,1.6762673704439161e-09,1.2189152581721721e-13,1.5027670759302186e-08,1.1925596334507695e-18,2.4847009922458617e-16,1.9826735728887654e-12
1.7858008643250148e-09,0.11640260799999998,0.8585084662769803,0.0,0.0,0.33685593445631778,0.1179928774967799,0.022804298424142722,5.9858662766338759e-42,4.7244750906144768e-16,7.6079541128693282e-14,1.4779773979477788e-24,6.6318888159247611e-16,6.9556557682615611e-15,1.3559741537689056e-08,2.1518424344297399e-28,4.0209355842492169e-12,2.8780442858232904e-19,3.7793004183213123e-19,5.0073505074113744e-25,2.8323577831494158e-35,6.9486153697906297e-15,1.4048472460880183e-22,0.00067707329039512585,3.4538533648543263e-05,1.6810224729155946e-09,1.2427139020511681e-13,1.5238491426322202e-08,1.2159962391588539e-18,2.6075430814185856e-16,2.0179606718122382e-12
1.8078217340714358e-09,0.11640260799999998,0.8585084662769803,0.0,0.0,0.33684767604614763,0.11798504393509471,0.022804086002210813,6.4940638644602281e-42,4.8688099583733439e-16,7.9051872190030816e-14,1.5394684181442683e-24,6.7503605467799836e-16,7.1526525367368551e-15,1.376640327881001e-08,2.3101554618498721e-28,4.0738757137871055e-12,3.004574882745942e-19,3.9036452166171058e-19,5.2290560979826012e-25,3.0402501764838585e-35,7.1451343876816737e-15,1.4856622026852191e-22,0.00068490664062929093,3.4963377438759409e-05,1.6857761644024475e-09,1.2667499707834548e-13,1.5449881129887593e-08,1.2396678613073986e-18,2.7348702147632595e-16,2.0533532008171657e-12
1.8298426038178568e-09,0.11640260799999998,0.8585084662769803,0.0,0.0,0.33683942969411301,0.1179772224067706,0.022803873592665291,7.0381353415341032e-42,5.0159704845899764e-16,8.2105037807232511e-14,1.6026899319608148e-24,6.8695259980369174e-16,7.3526312533450222e-15,1.3973635422012371e-08,2.4778856130167811e-28,4.1269052412100839e-12,3.1349663466556482e-19,4.0307412512583912e-19,5.4577554460278639e-25,3.2605775570553865e-35,7.3446175815510428e-15,1.570006959859639e-22,0.00069272795693313882,3.5388196455969393e-05,1.6905285497243246e-09,1.2910158588142866e-13,1.5661839761942317e-08,1.2635759368788932e-18,2.8667897398537494e-16,2.0888506961135976e-12
1.8518634735642778e-09,0.11640260799999998,0.8585084662769803,0.0,0.0,0.33683119538168366,0.11796941289330863,0.022803661195490398,7.6201133652914282e-42,5.1659852097102715e-16,8.524034046161116e-14,1.6676679829365057e-24,6.9893873875007041e-16,7.555600085207864e-15,1.4181437769160776e-08,2.6554655656326085e-28,4.180024437678093e-12,3.269287551097089e-19,4.1606254298491306e-19,5.6935864847956971e-25,3.4939220651019158e-35,7.5470728041645625e-15,1.6579885548866976e-22,0.0007005372578057649,3.5812990731690916e-05,1.6952797217468615e-09,1.3155219957890301e-13,1.5874367212853045e-08,1.2877212733927714e-18,3.0034102694168303e-16,2.1244527316548953e-12
1.873884343310699e-09,0.11640260799999998,0.8585084662769803,0.0,0.0,0.3368229730903573,0.11796161537623828,0.022803448810670385,8.242118298881359e-42,5.3188827947687751e-16,8.8459091231082403e-14,1.7344286861556464e-24,7.1099469474123744e-16,7.761567196444705e-15,1.4389810132894565e-08,2.8433423301217697e-28,4.2332335742002643e-12,3.407607845535961e-19,4.2933353142548091e-19,5.9366885133028717e-25,3.7408859781028653e-35,7.7525079046053761e-15,1.7497159241419722e-22,0.00070833456171774309,3.6237760297392649e-05,1.7000297627691483e-09,1.3402702605693552e-13,1.6087463374066891e-08,1.3121041750877487e-18,3.1448416821030675e-16,2.1601589159653319e-12
1.89590521305712e-09,0.11640260799999998,0.8585084662769803,0.0,0.0,0.33681476280166051,0.11795382983711764,0.022803236438189559,8.9063608552551907e-42,5.4746919864375784e-16,9.1762609812409068e-14,1.8029982282259936e-24,7.2312069231934235e-16,7.9705407483188666e-15,1.4598752335403358e-08,3.0419775563136586e-28,4.2865329216350971e-12,3.549997056650536e-19,4.4289082722878655e-19,6.1872022047292988e-25,4.0020921852371673e-35,7.9609307283941123e-15,1.8452999161967283e-22,0.00071611988711116966,3.666250518449429e-05,1.7047787457512044e-09,1.3652487527849329e-13,1.6301128138634438e-08,1.3367262611136543e-18,3.2911951232895588e-16,2.1959688892289809e-12
1.917926082803541e-09,0.11640260799999998,0.8585084662769803,0.0,0.0,0.33680656449714824,0.11794605625753309,0.022803024078032228,9.6151447886173195e-42,5.633441641095936e-16,9.51522245410601e-14,1.873402867258214e-24,7.3531695723340805e-16,8.1825288993675042e-15,1.4808264207344954e-08,3.251847843698059e-28,4.339922750690659e-12,3.6965254896131285e-19,4.5673819585234167e-19,6.445269614837054e-25,4.2781846687937718e-35,8.1723491176167768e-15,1.9448533049487973e-22,0.00072389325239970636,3.7087225424363169e-05,1.7095267353978265e-09,1.3904695530136453e-13,1.6515361397432738e-08,1.3615885277977571e-18,3.4425830059139276e-16,2.2318823206190807e-12
1.939946952549962e-09,0.11640260799999998,0.8585084662769803,0.0,0.0,0.33679837815840413,0.11793829461909948,0.02280281173018274,1.0370869633603741e-41,5.7951607472535158e-16,9.8629272410792637e-14,1.9456689328464299e-24,7.4758371634089712e-16,8.3975398055167745e-15,1.5018345586888946e-08,3.4734450552745112e-28,4.3934033319247422e-12,3.8472639293623164e-19,4.7087949466578075e-19,6.7110341904130983e-25,4.5698289926010877e-35,8.3867709110774927e-15,2.0484908027885412e-22,0.00073165467596862698,3.7511921048317815e-05,1.7142737891163497e-09,1.4159382072186713e-13,1.673016304221565e-08,1.386690862718139e-18,3.5991190113390666e-16,2.2678989058486316e-12
1.961967822296383e-09,0.11640260799999998,0.8585084662769803,0.0,0.0,0.33679020376703994,0.11793054490346,0.022802599394625454,1.1176033492523648e-41,5.9598783712196212e-16,1.0219509909661736e-13,2.0198228260497408e-24,7.5992119752057341e-16,8.6155816201840262e-15,1.5228996318871438e-08,3.7072766350169176e-28,4.4469749357450705e-12,4.0022836418667278e-19,4.8531854587117123e-19,6.9846407777353978e-25,4.8777127975421428e-35,8.604203944365474e-15,2.1563290737996602e-22,0.0007394041761748587,3.7936592087628855e-05,1.7190199578646892e-09,1.441637188436916e-13,1.6945532967268316e-08,1.4120350513302871e-18,3.7609180902484016e-16,2.3040183649244272e-12
1.983988692042804e-09,0.11640260799999998,0.8585084662769803,0.0,0.0,0.33678204130469586,0.11792280709228607,0.022802387071344764,1.2033235870993784e-41,6.1276236823227196e-16,1.0585105897464959e-13,2.0958910193746029e-24,7.7232962959538204e-16,8.8366624943685049e-15,1.5440216254047939e-08,3.9538659289747734e-28,4.5006378324094756e-12,4.1616563753811004e-19,5.0005918227971665e-19,7.2662356310620732e-25,5.2025463042226521e-35,8.8246560499349206e-15,2.2684867469946155e-22,0.0007471417713470278,3.8361238573514061e-05,1.7237652868995819e-09,1.467579569560417e-13,1.7161471064038809e-08,1.4376224635062206e-18,3.9280964635711137e-16,2.3402404400880801e-12
2.006009561789225e-09,0.11640260799999998,0.8585084662769803,0.0,0.0,0.33677389075304043,0.11791508116727752,0.022802174760325086,1.2945180562347317e-41,6.2984259994318576e-16,1.0959851514061835e-13,2.1739000567579722e-24,7.8480924226419652e-16,9.0607905767319569e-15,1.5652005248433055e-08,4.2137525100324338e-28,4.5543922920260609e-12,4.3254543616952732e-19,5.1510536773240844e-19,7.5559664211433662e-25,5.5450628228595452e-35,9.0481350572436392e-15,2.3850844295844771e-22,0.00075486747978550321,3.8785860537142299e-05,1.7285098164372718e-09,1.4937768527440495e-13,1.7377977224353591e-08,1.4634524087605457e-18,4.1007716234367367e-16,2.3765648939288882e-12
2.028030431535646e-09,0.11640260799999998,0.8585084662769803,0.0,0.0,0.33676575209377047,0.11790736711016223,0.022801962461550852,1.3914678581152993e-41,6.4723147111374508e-16,1.1343883943377388e-13,2.2538765535511463e-24,7.9736026604144209e-16,9.2879740136702268e-15,1.5864363162716752e-08,4.4874925063478918e-28,4.6082385845534071e-12,4.4937503173767368e-19,5.3046101592116332e-19,7.8539822437561596e-25,5.9060192704579783e-35,9.2746487927799083e-15,2.5062447202829912e-22,0.00076258131976243975,3.9210458009636042e-05,1.7332535822398738e-09,1.5202044532935269e-13,1.7595051343870127e-08,1.4895267617062795e-18,4.27906233415902e-16,2.4129915076545519e-12
2.050051301282067e-09,0.11640260799999998,0.8585084662769803,0.0,0.0,0.33675762530861097,0.11789966490269634,0.022801750175006536,1.4944651146159641e-41,6.6493192950389493e-16,1.1737341245705124e-13,2.3358471965042048e-24,8.0998293220370765e-16,9.5182209493769767e-15,1.6077289861748598e-08,4.7756589334926432e-28,4.6621769798007411e-12,4.666617445007262e-19,5.4613001611519302e-19,8.1604336282608474e-25,6.2861966953451173e-35,9.5042050800984758e-15,2.632092222644719e-22,0.0007702833095218221,3.9635031022064308e-05,1.7379966161320644e-09,1.5468750134472316e-13,1.7812693314744744e-08,1.5158475479992783e-18,4.4630886332485018e-16,2.4495200795068745e-12
2.072072171028488e-09,0.11640260799999998,0.8585084662769803,0.0,0.0,0.33674951037931511,0.11789197452666407,0.022801537900676624,1.603813271307148e-41,6.8294694032823619e-16,1.2140362359390415e-13,2.4198387437510119e-24,8.2267747274253248e-16,9.7515395259003829e-15,1.6290785214081742e-08,5.0788420303141947e-28,4.7162077474281162e-12,4.8441294344141399e-19,5.6211644362555399e-19,8.4754725461803741e-25,6.6864008091294748e-35,9.73681173996478e-15,2.7627535584370763e-22,0.00077797346727950941,4.0059579605446738e-05,1.7427389464561998e-09,1.57380915353497e-13,1.8030903028555006e-08,1.5424133198779845e-18,4.6529718324531381e-16,2.4861504233105491e-12
2.094093040774909e-09,0.11640260799999998,0.8585084662769803,0.0,0.0,0.33674140728766438,0.11788429596387776,0.022801325638545634,1.7198274057493928e-41,7.0127947515754797e-16,1.2553087103334271e-13,2.5058780247946933e-24,8.3544412032268136e-16,9.9879378831936631e-15,1.6504849091569896e-08,5.3976495985429008e-28,4.7703311569465874e-12,5.0263604638964825e-19,5.7842431473873892e-19,8.7992524198013099e-25,7.1074625261549354e-35,9.9724765903523713e-15,2.8983573810461407e-22,0.00078565181122327676,4.0484103790758622e-05,1.7474805984781792e-09,1.6009738892139184e-13,1.8249680382459634e-08,1.5692258568850979e-18,4.8488345188269738e-16,2.5228823671441171e-12
2.11611391052133e-09,0.11640260799999998,0.8585084662769803,0.0,0.0,0.33673331601546796,0.11787662919617782,0.022801113388598106,1.8428345408335711e-41,7.1993251189384292e-16,1.297565617910007e-13,2.5939919404935626e-24,8.4828310824530147e-16,1.0227424159160109e-14,1.6719481369011141e-08,5.7327073461648298e-28,4.824547477718411e-12,5.2133852014469985e-19,5.9505755985675671e-19,9.131928130796748e-25,7.5502385105189412e-35,1.0211207446430637e-14,3.0390343889160875e-22,0.00079331835951286164,4.0908603608921088e-05,1.7522215947445808e-09,1.6283788413786062e-13,1.8469025269577198e-08,1.5962882509721311e-18,5.050800555826364e-16,2.5597157521230038e-12
2.135932693293109e-09,0.11640260799999998,0.8585084662769803,0.0,0.0,0.33672604396111283,0.11786973917506029,0.022800922374049421,1.9598001392916773e-41,7.3699675097156054e-16,1.3364502253360969e-13,2.6750905683019715e-24,8.5990024167853388e-16,1.0445608702352879e-14,1.6913136299308691e-08,6.0486850733378407e-28,4.8734218280427923e-12,5.3858681943123771e-19,6.1030906799017294e-19,9.4390714042036429e-25,7.9680318152069161e-35,1.0428693108858313e-14,3.1700909502819645e-22,0.00080020818267562382,4.1290632636870095e-05,1.7564879474081325e-09,1.6532749810981148e-13,1.8666920818883176e-08,1.6208559593347373e-18,5.2378917565158888e-16,2.5929524090804777e-12
2.1557514760648877e-09,0.11640260799999998,0.8585084662769803,0.0,0.0,0.33671878145258266,0.11786285868007711,0.0228007313693456,2.0829607750154572e-41,7.5432521602009472e-16,1.3761540739406674e-13,2.7579112088806149e-24,8.7157633116079366e-16,1.0666306979468361e-14,1.7107251446536539e-08,6.3788291360432415e-28,4.9223718507012214e-12,5.562350094733822e-19,6.2583052724065648e-19,9.7536619315264472e-25,8.4047908073238093e-35,1.0648674257572443e-14,3.3054625126412263e-22,0.00080708847924424625,4.1672641974909522e-05,1.7607537984511483e-09,1.6783675865530924e-13,1.886527590737513e-08,1.6456245669226367e-18,5.4301201322923096e-16,2.6262710146362275e-12
2.1755702588366665e-09,0.11640260799999998,0.8585084662769803,0.0,0.0,0.33671152847667479,0.11785598769804798,0.022800540374475421,2.2125809463937073e-41,7.7192009842494415e-16,1.4166876050256487e-13,2.84247362115268e-24,8.8331154797026086e-16,1.0889524918929013e-14,1.7301826724372861e-08,6.7236342700407004e-28,4.9713977417503112e-12,5.7428863579298206e-19,6.416248890483107e-19,1.0075815688076302e-24,8.861195721417769e-35,1.0871156584304563e-14,3.4452486578071767e-22,0.00081395926239909426,4.2054631645481573e-05,1.7650191598271066e-09,1.7036389604624547e-13,1.906409046006078e-08,1.6705990318946717e-18,5.6275786360694963e-16,2.6596714758385909e-12
2.1953890416084453e-09,0.11640260799999998,0.8585084662769803,0.0,0.0,0.33670428502020477,0.1178491262158109,0.022800349389427672,2.3489338010120678e-41,7.89783604960513e-16,1.4580613182852413e-13,2.9287976108245494e-24,8.9510606373398295e-16,1.1115268447898758e-14,1.7496862047761147e-08,7.0836078382719448e-28,5.0204996971494864e-12,5.9275327634296958e-19,6.5769522353347038e-19,1.0405649628295884e-24,9.3379450963571484e-35,1.1096145779072272e-14,3.5895503430627302e-22,0.00082082054530224508,4.2436601670989782e-05,1.7692840423714901e-09,1.7291417645312975e-13,1.9263364395053492e-08,1.6957771827111797e-18,5.830361061099349e-16,2.6931537058244128e-12
2.215207824380224e-09,0.11640260799999998,0.8585084662769803,0.0,0.0,0.33669705107000641,0.1178422742202221,0.022800158414191175,2.4923013344028738e-41,8.0791795041904222e-16,1.5002857719493855e-13,3.016903030378371e-24,9.0696005041538244e-16,1.1343543492299094e-14,1.7692357332789357e-08,7.4592700438158595e-28,5.0696779127610751e-12,6.1163454157862644e-19,6.7404459869534116e-19,1.0743281690908792e-24,9.8357561190245614e-35,1.1323647530232692e-14,3.7384699091850496e-22,0.00082767234109751362,4.2818552073814143e-05,1.7735484559238282e-09,1.7548427537276212e-13,1.9463097639199657e-08,1.7211566317419369e-18,6.0385620416929299e-16,2.7267176233363348e-12
2.2330447288748252e-09,0.11640260799999998,0.8585084662769803,0.0,0.0,0.33669054863182307,0.11783611552442788,0.022799986544857709,2.6275700311700785e-41,8.2447225752643813e-16,1.5390239369448492e-13,3.0977374762901045e-24,9.1767962845373088e-16,1.1551160374736794e-14,1.7868696288003301e-08,7.8112202864593972e-28,5.1140036710951912e-12,6.2898855768823071e-19,6.8900012290155285e-19,1.1053916215684042e-24,1.0302401818599034e-34,1.1530552042037051e-14,3.8765315129861367e-22,0.0008338308566846821,4.3162290677429986e-05,1.7773860345453718e-09,1.7781397817415702e-13,1.9643250205493945e-08,1.7441742546197079e-18,6.2306546828556378e-16,2.756994928941539e-12
2.2508816333694263e-09,0.11640260799999998,0.8585084662769803,0.0,0.0,0.33668405387349776,0.11782996449263104,0.022799814683454163,2.7689748483007074e-41,8.412493575746456e-16,1.5784675810233151e-13,3.1800455371373406e-24,9.2844764330387723e-16,1.1760836901949944e-14,1.8045407685252842e-08,8.1767080535321477e-28,5.1583915014184042e-12,6.466887466094869e-19,7.0418636889750626e-19,1.1371050926582962e-24,1.0787253626989483e-34,1.1739500475124286e-14,4.0184941964039088e-22,0.00083998170790235171,4.3506013421037244e-05,1.7812232465084381e-09,1.8016080426393518e-13,1.9823774693747367e-08,1.7673597583762803e-18,6.4272838645216749e-16,2.7873382875866592e-12
2.2687185378640275e-09,0.11640260799999998,0.8585084662769803,0.0,0.0,0.33667756678547006,0.11782382111528759,0.022799642829972433,2.9167405468530731e-41,8.5825088006486649e-16,1.6186245232188955e-13,3.2638417825351041e-24,9.3926422098813686e-16,1.1972577391405692e-14,1.8222491465369275e-08,8.5561401037656228e-28,5.202841546313055e-12,6.6473926617122054e-19,7.1960561169961192e-19,1.1694773866248556e-24,1.1290874502007347e-34,1.1950496972823544e-14,4.1644354719526825e-22,0.00084612490429451998,4.3849720320882389e-05,1.7850600972914495e-09,1.8252442270276338e-13,2.000467104883232e-08,1.7907108320732833e-18,6.6285203254551544e-16,2.8177476500813129e-12
2.2865554423586286e-09,0.11640260799999998,0.8585084662769803,0.0,0.0,0.33667108735819201,0.11781768538286554,0.022799470984404394,3.0710982116438528e-41,8.75478454699391e-16,1.6595026212800396e-13,3.3491408127701596e-24,9.5012948772668117e-16,1.2186386159787424e-14,1.8399947569709449e-08,8.9499321697166668e-28,5.247353948298053e-12,6.8314429570511087e-19,7.3526009903757925e-19,1.2025173736132934e-24,1.1813840529218173e-34,1.2163545677372521e-14,4.314433780151921e-22,0.00085226045539326528,4.4193411393191528e-05,1.7888965919450856e-09,1.8490381815162041e-13,2.0185939216398379e-08,1.8142288018923664e-18,6.8344353581331458e-16,2.8482229699360619e-12
2.3043923468532297e-09,0.11640260799999998,0.8585084662769803,0.0,0.0,0.33666461558212707,0.11781155728584475,0.022799299146741937,3.232285369914922e-41,8.9293371476971357e-16,1.701109771724595e-13,3.4359572587971876e-24,9.6104356993371979e-16,1.2402267523000461e-14,1.8577775940116426e-08,9.358509082255643e-28,5.2919288498289253e-12,7.0190803608487377e-19,7.5115211776360016e-19,1.2362339899394814e-24,1.235674112557919e-34,1.2378650729931421e-14,4.4685684940390481e-22,0.00085838837071876165,4.4537086654167793e-05,1.792732735131119e-09,1.8730019375865112e-13,2.0367579139968627e-08,1.8379163244149797e-18,7.0451008091796851e-16,2.8787642031802846e-12
2.3222292513478308e-09,0.11640260799999998,0.8585084662769803,0.0,0.0,0.33665815144775091,0.117805436814717,0.022799127316976982,3.4005461303344914e-41,9.1061830324189026e-16,1.7434539099150382e-13,3.5243057822343981e-24,9.7200659421340846e-16,1.2620225796178074e-14,1.8755976518879302e-08,9.7823049160571214e-28,5.3365663932978924e-12,7.2103470977195979e-19,7.6728401037972583e-19,1.2706362384274856e-24,1.2920179277581635e-34,1.2595816270608193e-14,4.6269199244315614e-22,0.00086450865977929646,4.4880746119994094e-05,1.7965685311624822e-09,1.8971428086474174e-13,2.0549590763629597e-08,1.8617720593199012e-18,7.2605890798804005e-16,2.909371308168569e-12
2.340066155842432e-09,0.11640260799999998,0.8585084662769803,0.0,0.0,0.33665169494555086,0.11779932395998591,0.022798955495101445,3.5761313029888485e-41,9.2853386639552612e-16,1.7865430101411173e-13,3.6142010753598725e-24,9.8301868735704794e-16,1.284026529368602e-14,1.89345492487035e-08,1.0221763114446589e-27,5.3812667210339156e-12,7.4052856085397426e-19,7.8365808496660208e-19,1.305733188695793e-24,1.3504771746535322e-34,1.2815046438442301e-14,4.7895693243862087e-22,0.00087062133207128261,4.5224389806834766e-05,1.8004039840336421e-09,1.921443687552444e-13,2.0731974034002114e-08,1.8857952784410333e-18,7.4809731266250925e-16,2.9400442454325717e-12
2.357903060337033e-09,0.11640260799999998,0.8585084662769803,0.0,0.0,0.33664524606602647,0.117793218712167,0.022798783681107257,3.7592985083695734e-41,9.4668205092033962e-16,1.8303850856735804e-13,3.7056578611082925e-24,9.9407997634060992e-16,1.306239032912649e-14,1.9113494072685557e-08,1.0677336602599511e-27,5.4260299753027562e-12,7.6039385507944177e-19,8.0027664712860894e-19,1.3415339774161235e-24,1.411114925483255e-34,1.303634537139621e-14,4.9565988932320218e-22,0.0008767263970792707,4.556801773083104e-05,1.8042390974455526e-09,1.9459096185051424e-13,2.091472889558369e-08,1.9099888355488524e-18,7.706326461311286e-16,2.9707829775529468e-12
2.375739964831634e-09,0.11640260799999998,0.8585084662769803,0.0,0.0,0.33663880479968877,0.1177871210617876,0.022798611874986347,3.9503123579314594e-41,9.6506451146821522e-16,1.8749881888480006e-13,3.7986908930656054e-24,1.0051905883210918e-15,1.3286605215344127e-14,1.9292810934275546e-08,1.1149487974480603e-27,5.47085629830706e-12,7.8063487991471132e-19,8.1714207573762057e-19,1.3780478087383131e-24,1.4739956794169897e-34,1.3259717206391148e-14,5.1280917831926705e-22,0.00088282386427597178,4.5911629908102175e-05,1.808073874842573e-09,1.9705603688087783e-13,2.1097855291490396e-08,1.9343534377201794e-18,7.9367231520148288e-16,3.0015874689639779e-12
2.393576869326235e-09,0.11640260799999998,0.8585084662769803,0.0,0.0,0.33663237113706101,0.11778103099938692,0.022798440076730677,4.1494445522873634e-41,9.8368291086698822e-16,1.9203604111368738e-13,3.893314955466223e-24,1.0163506506348915e-15,1.3512914264428977e-14,1.947249977725892e-08,1.1638689593983508e-27,5.5157458321863915e-12,8.0125594457421182e-19,8.3425671498574937e-19,1.4152839545177339e-24,1.5391853793029503e-34,1.3485166079304247e-14,5.3041321029280365e-22,0.00088891374312226551,4.6255226354751196e-05,1.8119083194314367e-09,1.9953688307523271e-13,2.1281353169617461e-08,1.9588858447910964e-18,8.1722378233536069e-16,3.0324576858570501e-12
2.4114137738208363e-09,0.11640260799999998,0.8585084662769803,0.0,0.0,0.33662594506867805,0.11777494851551588,0.022798268286332204,4.3569740383008009e-41,1.0025389084483302e-15,1.966509883229537e-13,3.989544863188562e-24,1.0275602907952953e-15,1.3741321787720954e-14,1.9652560545730321e-08,1.2145423756576694e-27,5.5606987190173136e-12,8.2226138006885389e-19,8.5162289151258088e-19,1.4532517546784666e-24,1.6067514384258258e-34,1.3712696124942573e-14,5.4848049231967732e-22,0.00089499604306721972,4.6598807086857704e-05,1.8157424342072785e-09,2.0203333388944312e-13,2.1465222475407206e-08,1.9835899119213979e-18,8.4129456570723695e-16,3.0633935960370702e-12
2.4292506783154374e-09,0.11640260799999998,0.8585084662769803,0.0,0.0,0.33661952658508648,0.11776887360073734,0.022798096503782891,4.5731871420072535e-41,1.0216341718779814e-15,2.0134447750873559e-13,4.0873954617514541e-24,1.038819636490942e-15,1.3971832095812999e-14,1.9832993184076059e-08,1.26701828250851e-27,5.6057151008134518e-12,8.4365553924578973e-19,8.6924298633232188e-19,1.4919606175139221e-24,1.6767627631064802e-34,1.3942311477067276e-14,5.6701962815414365e-22,0.00090107077354810287,4.6942372120477579e-05,1.8195762219704552e-09,2.0454848944098202e-13,2.1649463151125772e-08,2.0084663041639305e-18,8.6589223925397005e-16,3.0943951688206872e-12
2.4470875828100385e-09,0.11640260799999998,0.8585084662769803,0.0,0.0,0.33661311567684504,0.1177628062456258,0.022797924729074728,4.7983776858869393e-41,1.0409703776636701e-15,2.0611732959988063e-13,4.1868816273109798e-24,1.0501288155844779e-15,1.4204449498553837e-14,2.0013797636958904e-08,1.3213469349221631e-27,5.6507951195255221e-12,8.6544279682321753e-19,8.8711946168656099e-19,1.5314200199503824e-24,1.7492897726259771e-34,1.4174016268442699e-14,5.8603931863939136e-22,0.00090713794399039792,4.7285921471650352e-05,1.8234096853414837e-09,2.0708133702018627e-13,2.1834075143242195e-08,2.0335136548161112e-18,8.9102443271817528e-16,3.1254623749485206e-12
2.4649244873046396e-09,0.11640260799999998,0.8585084662769803,0.0,0.0,0.33660671233452388,0.11775674644076763,0.022797752962199706,5.0328471145171956e-41,1.0605492010424105e-15,2.1097036946844478e-13,4.2880182666570946e-24,1.0614879561110634e-15,1.4439178305051022e-14,2.0194973849301289e-08,1.3775796193748885e-27,5.6959389170414104e-12,8.8762754942777605e-19,9.0525464149123825e-19,1.5716395078299269e-24,1.8244044205817112e-34,1.440781463075274e-14,6.0554836214820984e-22,0.00091319756380781514,4.7629455156396101e-05,1.8272428267795896e-09,2.096291146983196e-13,2.2019058400066574e-08,2.0587332843254192e-18,9.1669883169503815e-16,3.1565951864886232e-12
2.4827613917992407e-09,0.11640260799999998,0.8585084662769803,0.0,0.0,0.33660031654870509,0.11775069417676094,0.022797581203149824,5.2769046602391649e-41,1.0803723226175054e-15,2.1590442593394916e-13,4.3908203172092598e-24,1.0728971862767442e-15,1.4676022823674457e-14,2.0376521766266652e-08,1.4357686706773765e-27,5.7411466351862338e-12,9.102142156431323e-19,9.2365093270174152e-19,1.6126286962791436e-24,1.9021802229970667e-34,1.4643710694643084e-14,6.255556551575812e-22,0.00091924964240230986,4.7972973190709023e-05,1.8310756485994375e-09,2.1219464081648469e-13,2.2204412864418398e-08,2.0841266407652163e-18,9.4292317769375229e-16,3.1877935767249023e-12
2.5005982962938418e-09,0.11640260799999998,0.8585084662769803,0.0,0.0,0.33659392830998275,0.11774464944421556,0.022797409451917088,5.5308674882414466e-41,1.100441433440476e-15,2.2092033176968798e-13,4.4953027470127237e-24,1.0843566344572492e-15,1.4914987362059297e-14,2.0558441333245138e-08,1.4959674866587502e-27,5.7864184157223954e-12,9.3320723605190352e-19,9.4231087479811311e-19,1.6543972700283955e-24,1.9826922829202954e-34,1.4881708589773889e-14,6.4607019274610044e-22,0.00092529418916409661,4.8316475590564051e-05,1.8349081529849043e-09,2.1477976820793365e-13,2.23901384801717e-08,2.109692309616985e-18,9.697052681916829e-16,3.2190575200683888e-12
2.518435200788443e-09,0.11640260799999998,0.8585084662769803,0.0,0.0,0.33658754760896231,0.11773861223375304,0.022797237708493533,5.7950608466866593e-41,1.1207582249849221e-15,2.2601892371467938e-13,4.6014805547347503e-24,1.0958664291969931e-15,1.5156076227108578e-14,2.0740732495841058e-08,1.5582305433026442e-27,5.8317544003496556e-12,9.5661107327841654e-19,9.6123689368627139e-19,1.6969549837384433e-24,2.0660173158431507e-34,1.5121812444764743e-14,6.6710106910304694e-22,0.00093133121347166545,4.8659962371921333e-05,1.838740342003581e-09,2.1738021970766278e-13,2.2576235197421491e-08,2.1354310339420933e-18,9.9705295669017606e-16,3.2503869919762573e-12
2.536272105283044e-09,0.11640260799999998,0.8585084662769803,0.0,0.0,0.33658117443626112,0.11773258253600669,0.022797065972871178,6.0698181827876842e-41,1.1413243897988783e-15,2.3120104247775079e-13,4.7093687696617657e-24,1.1074266992084334e-15,1.5399293724995172e-14,2.0923395199864205e-08,1.6226134064081011e-27,5.8771547307051816e-12,9.804302120212767e-19,9.8043138303144959e-19,1.7403116622501331e-24,2.1522336693432238e-34,1.5364026387166761e-14,6.8865747791733836e-22,0.00093736072469179337,4.900343355071494e-05,1.8425722176146875e-09,2.1999703904216978e-13,2.2762702961032032e-08,2.1613453489313154e-18,1.0249741527577035e-15,3.2817819688942104e-12
2.552325319328185e-09,0.11640260799999998,0.8585084662769803,0.0,0.0,0.33657544500979769,0.11772716222367509,0.022796911417474509,6.3264143411596998e-41,1.1600485592158364e-15,2.3593706284450389e-13,4.8079430076319055e-24,1.1178742050915136e-15,1.5620013012634947e-14,2.108810925677214e-08,1.682417236490292e-27,5.918070160635556e-12,1.0022262441208489e-18,9.9793801100033506e-19,1.7800239649296012e-24,2.2323665620525167e-34,1.558382647067356e-14,7.0851525537804493e-22,0.00094278086883236439,4.9312544284589016e-05,1.8460206392428627e-09,2.2236847863263964e-13,2.2930841145976825e-08,2.1848172870516664e-18,1.0506001606867146e-15,3.3100934361612397e-12
2.5683785333733257e-09,0.11640260799999998,0.8585084662769803,0.0,0.0,0.33656972166685895,0.11772174798225411,0.022796756868384581,6.5920992346822842e-41,1.1789773452725642e-15,2.4074204261404465e-13,4.9079258734321875e-24,1.1283627944033484e-15,1.5842463118461469e-14,2.1253124179257101e-08,1.7440260983189448e-27,5.959037928446751e-12,1.0243656215283539e-18,1.0156659728554464e-18,1.8203987064045781e-24,2.3149657148817377e-34,1.5805342075073176e-14,7.2881308579573968e-22,0.00094819494176164357,4.9621642404864707e-05,1.8494688098193296e-09,2.2475429662823748e-13,2.3099279794302718e-08,2.208430069488148e-18,1.076703007173865e-15,3.3384579281826779e-12
2.5844317474184666e-09,0.11640260799999998,0.8585084662769803,0.0,0.0,0.33656400440062911,0.11771633980493969,0.022796602325595609,6.8671336302814821e-41,1.198111991221693e-15,2.45616602940399e-13,5.0093283870127407e-24,1.1388925613215177e-15,1.6066647180167667e-14,2.1418439928199854e-08,1.8074828285589119e-27,6.0000581372624638e-12,1.0468516596310503e-18,1.0336170292325815e-18,1.861443196172834e-24,2.4000917438201231e-34,1.6028576207239831e-14,7.4955788024423671e-22,0.00095360295028373984,4.9930727923118414e-05,1.8529167305875437e-09,2.2715220955110645e-13,2.3268018869045801e-08,2.2321860099945501e-18,1.1032885750241582e-15,3.3668754295562777e-12
2.6004849614636074e-09,0.11640260799999998,0.8585084662769803,0.0,0.0,0.33655829320430036,0.11771093768493539,0.022796447789101802,7.1517840776746709e-41,1.217453745995351e-15,2.5056136759954497e-13,5.1121615884033857e-24,1.1494636001322331e-15,1.6292568334973243e-14,2.1584056464592242e-08,1.8728310191648379e-27,6.0411308901654819e-12,1.0696876884096062e-18,1.0517930100263366e-18,1.9031647906283093e-24,2.4878064037876943e-34,1.6253531873377398e-14,7.7075661640554967e-22,0.00095900490119511621,5.0239800850908705e-05,1.856364402742504e-09,2.2956464161687582e-13,2.3437058328592279e-08,2.2560855790736334e-18,1.1303627839781581e-15,3.3953459253632778e-12
2.6165381755087483e-09,0.11640260799999998,0.8585084662769803,0.0,0.0,0.3365525880710723,0.11770554161545244,0.022796293258897392,7.4463229617661294e-41,1.2370038663060189e-15,2.5557696299151439e-13,5.2164365377124683e-24,1.1600760052302545e-15,1.6520229719625412e-14,2.1749973749534913e-08,1.940115022540262e-27,6.0822562901977e-12,1.0928770524516237e-18,1.070195827039559e-18,1.9455708931667864e-24,2.5781725974786606e-34,1.6480212079047399e-14,7.9241633873371237e-22,0.00096440080128459458,5.0548861199780832e-05,1.8598118274329365e-09,2.3199414338565731e-13,2.3606398131259677e-08,2.2801262687389199e-18,1.1579315907312445e-15,3.4238694011507198e-12
2.632591389553889e-09,0.11640260799999998,0.8585084662769803,0.0,0.0,0.33654688899415225,0.11770015158970966,0.022796138734976611,7.7510286182908384e-41,1.2567636061578122e-15,2.6066401814890184e-13,5.3221643151242222e-24,1.1707298711185503e-15,1.6749634470400321e-14,2.1916191744231967e-08,2.0093799630157288e-27,6.1234344403601624e-12,1.116423110982683e-18,1.0888273062875154e-18,1.9886689544259161e-24,2.6712543948453544e-34,1.6708619829155262e-14,8.1454415882933084e-22,0.00096979065733336775,5.0857908981274505e-05,1.8632590057679128e-09,2.3443513812153473e-13,2.377603824355179e-08,2.3043102419120038e-18,1.1860009889764585e-15,3.4524458428926743e-12
2.645681622387202e-09,0.11640260799999998,0.8585084662769803,0.0,0.0,0.33654224628789392,0.11769576088299805,0.022796012736563037,8.0072165455835915e-41,1.2730322698468784e-15,2.6486547443360557e-13,5.4094607132948451e-24,1.1794480807174353e-15,1.693798999586464e-14,2.2051953025604823e-08,2.067358606077595e-27,6.157051353875713e-12,1.1358895749915653e-18,1.1041904365555163e-18,2.0243296778224586e-24,2.7492111677298239e-34,1.6896150570586332e-14,8.3293925158924702e-22,0.00097418122544938102,5.110990575933549e-05,1.8660697483167403e-09,2.3643641869416753e-13,2.3914589715150656e-08,2.3241374276463295e-18,1.2092642625152953e-15,3.4757870550608804e-12
2.6587718552205148e-09,0.11640260799999998,0.8585084662769803,0.0,0.0,0.33653760760042173,0.11769137418672988,0.022795886742320647,8.2705107957419675e-41,1.2894418340842048e-15,2.6911520964181157e-13,5.497736537763379e-24,1.1881939727686576e-15,1.7127508509010309e-14,2.2187914208865274e-08,2.1267102079607522e-27,6.1907034663830357e-12,1.1555972926814326e-18,1.1197078270528631e-18,2.0604595735006888e-24,2.8290529452680986e-34,1.7084833620560576e-14,8.5165429099352442e-22,0.00097856778292221844,5.1361894194967737e-05,1.8688803283372064e-09,2.3844744079359404e-13,2.4053340820079786e-08,2.34406024374521e-18,1.2328676877463667e-15,3.4991634691839027e-12
2.6718620880538276e-09,0.11640260799999998,0.8585084662769803,0.0,0.0,0.33653297292806394,0.1176869914972396,0.022795760752246305,8.5410713379646322e-41,1.3059929845431052e-15,2.7341356872828478e-13,5.586997825794503e-24,1.1969675986707402e-15,1.7318191709620565e-14,2.2324075273121789e-08,2.1874604012311447e-27,6.2243908336686569e-12,1.1755481070927641e-18,1.1353805014825443e-18,2.0970627514618738e-24,2.9108162348826751e-34,1.7274670607339442e-14,8.7069323291213601e-22,0.00098295033341737423,5.1613874294405545e-05,1.8716907463798449e-09,2.4046795735753296e-13,2.4192291537486437e-08,2.3640787493345484e-18,1.2568145691508902e-15,3.5225750782136941e-12
2.6849523208871404e-09,0.11640260799999998,0.8585084662769803,0.0,0.0,0.33652834226715223,0.11768261281086517,0.022795634766336909,8.8190609173885375e-41,1.3226864077907835e-15,2.7776089781739998e-13,5.6772506235257627e-24,1.2057690098698916e-15,1.7510041297271994e-14,2.2460436197523978e-08,2.2496351739728254e-27,6.2581135115010977e-12,1.1957438677749958e-18,1.151209483521044e-18,2.1341433428844402e-24,2.9945380844564287e-34,1.746566315888933e-14,8.9006006335461057e-22,0.00098732888059698183,5.186584606387714e-05,1.8745010029818323e-09,2.4249799694646624e-13,2.4331441846267775e-08,2.3841933411955999e-18,1.2811082276210112e-15,3.5460218752539777e-12
2.698042553720453e-09,0.11640260799999998,0.8585084662769803,0.0,0.0,0.33652371561402161,0.11767823812394779,0.022795508784589344,9.1046450933898712e-41,1.3395227918180818e-15,2.8215754420483284e-13,5.7685009859667517e-24,1.214598257859973e-15,1.7703058971334882e-14,2.259699696126147e-08,2.3132608735368705e-27,6.2918715556308887e-12,1.2161864307962289e-18,1.1671957959759054e-18,2.1717055001999821e-24,3.0802560887713916e-34,1.7657812902883176e-14,9.0975879858847889e-22,0.00099170342811981892,5.2117809509604852e-05,1.8773110986680803e-09,2.4453757721716675e-13,2.4470791725357413e-08,2.4044042444932809e-18,1.3057520004738839e-15,3.5695038535512086e-12
2.7242230193870783e-09,0.11640260799999998,0.8585084662769803,0.0,0.0,0.33651447431646053,0.11766950073386589,0.022795256833567271,9.6992738476790958e-41,1.3736272012733954e-15,2.9110018392652164e-13,5.9540186693702325e-24,1.2323404704265189e-15,1.8092605375147893e-14,2.2870717923693299e-08,2.444972268517709e-27,6.3594939656947972e-12,1.2578194207974452e-18,1.1996445231052779e-18,2.2482912290990628e-24,3.2578337263108439e-34,1.8045590477438157e-14,9.5016820072057345e-22,0.0010004405388135342,5.2621711454688629e-05,1.8829308093388038e-09,2.4864542868671419e-13,2.4750090110324839e-08,2.4451155979700028e-18,1.3561033208332873e-15,3.6165733275521976e-12
2.7504034850537035e-09,0.11640260799999998,0.8585084662769803,0.0,0.0,0.33650524900612805,0.11766077929779094,0.022795004899155265,1.0326339759551329e-40,1.4083117442358088e-15,3.0024428974319946e-13,6.1435994934939089e-24,1.2501946492739496e-15,1.8486844511910132e-14,2.3145237994701177e-08,2.5828126866258886e-27,6.4272585095053075e-12,1.3004620563625783e-18,1.2327349340981644e-18,2.3268535854111561e-24,3.4438610787520782e-34,1.8438016346560788e-14,9.9195417887141357e-22,0.0010091616947017321,5.3125580179318166e-05,1.888549882377401e-09,2.527916537954969e-13,2.5030186524365079e-08,2.4862142368299274e-18,1.4078955577799581e-15,3.6637834487599827e-12
2.802764416386954e-09,0.11640260799999998,0.8585084662769803,0.0,0.0,0.33648684623040548,0.11764338417111669,0.022794501080062347,1.1683551613832879e-40,1.4794434659157245e-15,3.1914820138348843e-13,6.535145743323111e-24,1.2862405612382648e-15,1.9289455331320182e-14,2.3696674802471109e-08,2.8777831716291585e-27,6.5632157795117342e-12,1.3888367063765607e-18,1.3008741855872287e-18,2.4900444981744481e-24,3.8425588877247301e-34,1.9236865007547144e-14,1.079789286756093e-21,0.0010265562586071848,5.4133218165391607e-05,1.8997861308127435e-09,2.6119979413102716e-13,2.5592772769590508e-08,2.5695796880863378e-18,1.5159122110573199e-15,3.7586254356850384e-12
2.8551253477202042e-09,0.11640260799999998,0.8585084662769803,0.0,0.0,0.33646850705390247,0.117626052511369,0.022793997327112875,1.3188305564157728e-40,1.552962644803679e-15,3.3889207153637669e-13,6.9435315130791637e-24,1.3227393122376134e-15,2.0111000090975329e-14,2.4251306070301089e-08,3.2000386039970266e-27,6.6997469250758577e-12,1.4814323173238952e-18,1.3716808823134167e-18,2.6615543467993151e-24,4.2790312335321523e-34,2.005446291755245e-14,1.1735359227528132e-21,0.0010438873523935836,5.5140723863245078e-05,1.9110198732066326e-09,2.6976313583091795e-13,2.6158549124924245e-08,2.6545129868594049e-18,1.6300234612387583e-15,3.8540294365470831e-12
2.9074862790534546e-09,0.11640260799999998,0.8585084662769803,0.0,0.0,0.33645023124452034,0.11760878408684312,0.022793493640109894,1.4853438677407736e-40,1.6289143200393258e-15,3.5949899624724621e-13,7.3691508498342169e-24,1.3596942329861943e-15,2.095158740028328e-14,2.4809130492537201e-08,3.5515460944788833e-27,6.8368555010491912e-12,1.5783725165373805e-18,1.4452234129502356e-18,2.8416648550774757e-24,4.7561152244562223e-34,2.0890914034423479e-14,1.2734739055514089e-21,0.0010611552077668734,5.6148097666807935e-05,1.9222511371889542e-09,2.7848281574592064e-13,2.6727514260681368e-08,2.7410263453449902e-18,1.7504550474432674e-15,3.9499950955332137e-12
2.959847210386705e-09,0.11640260799999998,0.8585084662769803,0.0,0.0,0.3364320185710104,0.11759157866668264,0.022792990018857168,1.6692640325016668e-40,1.7073438817748455e-15,3.8099237678198386e-13,7.8124000693750548e-24,1.3971086664675372e-15,2.1811325816954579e-14,2.5370146771701121e-08,3.9343774232424927e-27,6.9745450577221377e-12,1.6797826313947175e-18,1.5215712082154407e-18,3.0306634358297367e-24,5.2768100810547104e-34,2.1746322242461358e-14,1.3798911865833782e-21,0.0010783600555847853,5.7155339968525009e-05,1.9334799491932245e-09,2.8735997004167674e-13,2.7299666853559441e-08,2.8291320585726433e-18,1.8774369614029688e-15,4.046522074474874e-12
3.0122081417199553e-09,0.11640260799999998,0.8585084662769803,0.0,0.0,0.33641386880296997,0.11757443602087614,0.022792486463159227,1.8720493132673038e-40,1.7882970715071279e-15,4.0339592119288664e-13,8.2736777554903342e-24,1.4349859679871157e-15,2.2690323847289609e-14,2.5934353618171027e-08,4.3507129214105719e-27,7.1128191408368469e-12,1.7857896984046778e-18,1.6007947339458844e-18,3.2288432640486373e-24,5.8442839862177216e-34,2.2620791352723259e-14,1.4930839639688716e-21,0.0010955021258600304,5.8162451159362544e-05,1.9447063347408922e-09,2.9639573415588462e-13,2.7875005586597231e-08,2.918842441707156e-18,2.0112034620581079e-15,4.1436100495177468e-12
3.0645690730532056e-09,0.11640260799999998,0.8585084662769803,0.0,0.0,0.33639578171084028,0.11755735592025406,0.022791982972821319,2.0952514102998047e-40,1.8718199826811076e-15,4.2673364583946709e-13,8.7533847592888498e-24,1.4733295052331468e-15,2.358868994644653e-14,2.6501749749955008e-08,4.8028453394470412e-27,7.2516812915996242e-12,1.8965224720362469e-18,1.6829654973839199e-18,3.4365033484654077e-24,6.461880959022523e-34,2.3514425103308912e-14,1.6133567940159565e-21,0.0011125816477633972,5.9169431628813917e-05,1.9559303186334017e-09,3.0559124281194677e-13,2.845352914913459e-08,3.0101698000007129e-18,2.1519930900716419e-15,4.2412587086278057e-12
3.1692909357197063e-09,0.11640260799999998,0.8585084662769803,0.0,0.0,0.33635979464027604,0.11752338244207675,0.022790976187450268,2.6096049180231385e-40,2.0467611068673741e-15,4.7630925158246082e-13,9.7697014571244419e-24,1.5514288199656373e-15,2.5443959917639347e-14,2.7646104778723831e-08,5.824257183353161e-27,7.531183938286619e-12,2.1326887977833676e-18,1.8564400406870802e-18,3.8814899065622869e-24,7.861740911131025e-34,2.5359601114671842e-14,1.8764032778593147e-21,0.0011465539589458143,6.1183001954200216e-05,1.978371177780279e-09,3.2446602909143641e-13,2.962012555134305e-08,3.1977247099320735e-18,2.4556173857249509e-15,4.4382368796574046e-12
3.274012798386207e-09,0.11640260799999998,0.8585084662769803,0.0,0.0,0.33632405553959677,0.11748965641551637,0.022789969661200667,3.2267702574357276e-40,2.2325430652994635e-15,5.2991754848017561e-13,1.0864602292980938e-23,1.6314338024069729e-15,2.7378002358728926e-14,2.8803201748576122e-08,7.0193552772100002e-27,7.8130812371830189e-12,2.389346337346461e-18,2.0425880781111786e-18,4.3681345882576614e-24,9.5069316477822399e-34,2.7282678732709801e-14,2.1716385103666485e-21,0.0011802788057763585,6.3196054031388544e-05,2.0008027154191433e-09,3.4399339250755737e-13,3.0799445699420373e-08,3.3918953934916232e-18,2.790304374176249e-15,4.6374542597700922e-12
3.3787346610527077e-09,0.11640260799999998,0.8585084662769803,0.0,0.0,0.33628856260237877,0.11745617603721259,0.02278896339254077,3.9629716687289875e-40,2.4295473407463822e-15,5.8776192109973659e-13,1.2041375632011061e-23,1.7133718469733789e-15,2.9391683095936778e-14,2.9973030663390767e-08,8.4109428791111399e-27,8.097401355901078e-12,2.6675878715814635e-18,2.2420200474757843e-18,4.8990468619276331e-24,1.1431281781921983e-33,2.9284485263782007e-14,2.5018113387381042e-21,0.0012137579916252129,6.520859092388009e-05,2.0232251153398402e-09,3.6418238547389024e-13,3.1991479330881538e-08,3.5927805964739333e-18,3.1581180615304001e-15,4.8389086131444909e-12
3.4834565237192084e-09,0.11640260799999998,0.8585084662769803,0.0,0.0,0.33625331403539854,0.11742293951698182,0.022787957379950322,4.8363651911275042e-40,2.6381611074922976e-15,6.5005083246790381e-13,1.3303346054337e-23,1.7972705532435211e-15,3.1485867161304624e-14,3.1155581637942798e-08,1.0024023446040769e-26,8.3841723906517968e-12,2.9685345148835186e-18,2.455363789096478e-18,5.476936544108223e-24,1.3672162771987796e-33,3.1365846872818305e-14,2.8698152576474843e-21,0.0012469933066855778,6.7220615672151725e-05,2.0456385576243879e-09,3.8504204929815857e-13,3.3196216280271527e-08,3.8004791800218212e-18,3.5611924424779124e-15,5.042597771321148e-12
3.588178386385709e-09,0.11640260799999998,0.8585084662769803,0.0,0.0,0.33621830805853542,0.11738994507772095,0.022786951621920508,5.8672005190998298e-40,2.8587772514159347e-15,7.1699787238901506e-13,1.4653874335567957e-23,1.8831577285100595e-15,3.3661418800357097e-14,3.2350844896032062e-08,1.1885946038780189e-26,8.6734223666277574e-12,3.2933359965657801e-18,2.6832647461007415e-18,6.1046161854876808e-24,1.6270759404965992e-33,3.3527588591550765e-14,3.2786921250774206e-21,0.0012799865280702627,6.9232131293833638e-05,2.0680432193933798e-09,4.0658141428771293e-13,3.4413646477926045e-08,4.0150901406706471e-18,4.0017320234210256e-15,5.2485196170994208e-12
3.69290024905221e-09,0.11640260799999998,0.8585084662769803,0.0,0.0,0.33618354290467539,0.11735719095531082,0.022785946116953854,7.0779915519023964e-40,3.0917943909220629e-15,7.8882180578940913e-13,1.6096357427864817e-23,1.9710613903531642e-15,3.5919201479685344e-14,3.3558810768821408e-08,1.4026556952951835e-26,8.9651792383831707e-12,3.643170942629856e-18,2.9263861789358296e-18,6.7850034869938333e-24,1.9272355127016906e-33,3.5770534326666184e-14,3.731635924668975e-21,0.0013127394199078733,7.1243140783886456e-05,2.0904392753464686e-09,4.288094998545671e-13,3.5643759948740174e-08,4.2367126122175245e-18,4.4820123594228962e-15,5.4566720728468703e-12
3.7976221117187106e-09,0.11640260799999998,0.8585084662769803,0.0,0.0,0.33614901681961606,0.11732467539852091,0.022784940863564106,8.4936955180411022e-40,3.3376168984975826e-15,8.6574662096436602e-13,1.763422844161072e-23,2.0610097692300276e-15,3.8260077894432113e-14,3.4779469693382485e-08,1.6478357394949701e-26,9.2594708902100966e-12,4.0192471572041453e-18,3.1854093868555878e-18,7.5211237400545092e-24,2.2726632180523107e-33,3.8095506867856027e-14,4.2319965654634363e-21,0.0013452537334383377,7.3253647114776788e-05,2.1128268981023834e-09,4.5173531461815956e-13,3.6886546810948171e-08,4.465445866810529e-18,5.0043806030285153e-15,5.6670530924558672e-12
3.902343974385211e-09,0.11640260799999998,0.8585084662769803,0.0,0.0,0.33611472806197096,0.11729239666891458,0.022783935860276199,1.0141900839228999e-39,3.5966549226018002e-15,9.4800157763837425e-13,1.9270956627742346e-23,2.1530313110752095e-15,4.0684909975661978e-14,3.6012812211457599e-08,1.9276667245743052e-26,9.5563251365100562e-12,4.4228019031351006e-18,3.4610339247169568e-18,8.3161122874282628e-24,2.6687986981947029e-33,4.0503327895742929e-14,4.7832837134301514e-21,0.0013775312071075848,7.5263653236651011e-05,2.1352062583330598e-09,4.7536785650713695e-13,3.8141997274916859e-08,4.7013893202549597e-18,5.5712560637318277e-15,5.8796606566718066e-12
4.007065837051712e-09,0.11640260799999998,0.8585084662769803,0.0,0.0,0.33608067490307564,0.11726035304075517,0.022782931105626129,1.2053024113449432e-39,3.8693244098854254e-15,1.0358212548668741e-12,2.101004736073391e-23,2.2471546799000665e-15,4.3194558897633979e-14,3.7258828968328622e-08,2.2459795178174998e-26,9.8557697221613088e-12,4.8551021818959337e-18,3.7539778140437203e-18,9.1732170061043514e-24,3.1215861546888859e-33,4.299481798970053e-14,5.3891706570365571e-21,0.0014095735666614189,7.7273162077507858e-05,2.1575775248010907e-09,4.9971611285958223e-13,3.9410101641952231e-08,4.9446425355395442e-18,6.1851307776599942e-15,6.0944927705269075e-12
4.111787699718213e-09,0.11640260799999998,0.8585084662769803,0.0,0.0,0.33604685562689479,0.11722854280091291,0.022781926598160879,1.4260516541131404e-39,4.1560471278735377e-15,1.1294455988398441e-12,2.2855042122201245e-23,2.3434087603828608e-15,4.5789885084999606e-14,3.8517510711687039e-08,2.6069215371349873e-26,1.015783232288226e-11,5.3174450131593557e-18,4.06497775384364e-18,1.0095800814744798e-23,3.6375091687640851e-33,4.5570796635592574e-14,6.0534982106560328e-21,0.0014413825252387333,7.9282176543369188e-05,2.1799408644065507e-09,5.2478906052183078e-13,4.0690850303116976e-08,5.1953052263342026e-18,6.8485700870649412e-15,6.311547461512679e-12
4.216509562384713e-09,0.11640260799999998,0.8585084662769803,0.0,0.0,0.3360132685299288,0.1171969642487723,0.022780922336438331,1.6801079987220398e-39,4.4572506881726142e-15,1.2291199706015248e-12,2.4809518485115553e-23,2.4418226604491386e-15,4.8471748219930541e-14,3.9788848290495506e-08,3.0149750944063666e-26,1.0462540545591235e-11,5.8111577141130886e-18,4.3947893340114918e-18,1.1087344205961889e-23,4.2236272496549427e-33,4.8232082233436921e-14,6.7802786562795825e-21,0.001472959783464086,8.1290699518449773e-05,2.2022964422523363e-09,5.50595665945926e-13,4.1984233738058842e-08,5.4534772608296098e-18,7.564213228882069e-15,6.530822778019041e-12
4.321231425051214e-09,0.11640260799999998,0.8585084662769803,0.0,0.0,0.33597991192112225,0.11716561569613995,0.022779918319027214,1.9714892846392335e-39,4.7733685701555712e-15,1.3350951936644638e-12,2.6877090098638235e-23,2.5424257138447682e-15,5.1241007249168513e-14,4.1072832653880702e-08,3.474976418985129e-26,1.0769921928762465e-11,6.3375981783896535e-18,4.7441872497466002e-18,1.2151447802299435e-23,4.8876141592269754e-33,5.0979492104985873e-14,7.5736997217967388e-21,0.0015043070295396007,8.3298733865325755e-05,2.224644421688849e-09,5.771448852856795e-13,4.3290242513850198e-08,5.7192586653964835e-18,8.3347739315203776e-15,6.7523167882048882e-12
4.425953287717715e-09,0.11640260799999998,0.8585084662769803,0.0,0.0,0.33594678412177248,0.11713449546715386,0.022778914544506947,2.3045845935990159e-39,5.1048401450716186e-15,1.4476276015036393e-12,2.9061406673586602e-23,2.6452474827017739e-15,5.4098520390994161e-14,4.2369454850066754e-08,3.9921353741943368e-26,1.108000394277812e-11,6.8981551545268354e-18,5.1139655149035545e-18,1.3291834935272062e-23,5.6377980710492507e-33,5.381384250121913e-14,8.4381285948367759e-21,0.001535425939336159,8.5306282425101453e-05,2.2469849643290301e-09,6.0444566449136698e-13,4.4608867283838941e-08,5.9927496282358161e-18,9.1630410192163382e-15,6.9760275793572998e-12
4.5306751503842155e-09,0.11640260799999998,0.8585084662769803,0.0,0.0,0.3359138834654386,0.11710360189819261,0.022777911011467651,2.6841788680431425e-39,5.4521107005790208e-15,1.5669790849375604e-12,3.1366153968528567e-23,2.750317760095483e-15,5.7045145142119165e-14,4.3678706025324256e-08,4.5720558836700166e-26,1.1392813990276534e-11,7.4942485239969469e-18,5.5049376741976125e-18,1.4512354247731749e-23,6.48320362960568e-33,5.673594860975372e-14,9.3781159725616326e-21,0.001566318176483904,8.7313348017575013e-05,2.2693182300583786e-09,6.3250693940306728e-13,4.5940098786510926e-08,6.2740505030436749e-18,1.005187902344337e-14,7.2019532574978865e-12
4.635397013050716e-09,0.11640260799999998,0.8585084662769803,0.0,0.0,0.33588120829785162,0.11707293333778548,0.022776907718509973,3.1154785840750165e-39,5.8156314657237632e-15,1.6934171394081686e-12,3.3795053776500464e-23,2.8576665725921247e-15,6.0081738284506318e-14,4.5000577422918668e-08,5.2207570839333935e-26,1.1708379406496705e-11,8.1273295788714397e-18,5.9179370152820572e-18,1.5816982319970755e-23,7.4335959745634533e-33,5.9746624562175968e-14,1.0398400148025769e-20,0.0015969853924620765,8.9319933441402681e-05,2.2916443770564321e-09,6.6133763584266845e-13,4.7283927844363081e-08,6.5632618126467149e-18,1.1004228800894131e-14,7.4300919470057421e-12
4.740118875717217e-09,0.11640260799999998,0.8585084662769803,0.0,0.0,0.33584875697682537,0.11704248814652353,0.022775904664245082,3.6041385021263466e-39,6.195859636371821e-15,1.8272149121627295e-12,3.6351863912346637e-23,2.9673241827872478e-15,6.320915589211762e-14,4.6335060382064657e-08,5.9446952174812981e-26,1.2026727459619143e-11,8.798881299138285e-18,6.3538167811676632e-18,1.720982631956919e-23,8.4995267922382476e-33,6.2846683441296164e-14,1.150391113311172e-20,0.0016274292266881978,9.1326041474261741e-05,2.3139635618228011e-09,6.909466697045434e-13,4.8640345362787333e-08,6.8604842526260195e-18,1.2023108157525008e-14,7.6604417902369284e-12
4.844840738383718e-09,0.11640260799999998,0.8585084662769803,0.0,0.0,0.33581652787216737,0.11701226469697079,0.022774901847294547,4.1562895183532673e-39,6.5932584010840223e-15,1.9686512493347432e-12,3.9040378200683006e-23,3.0793210918355562e-15,6.6428253337589332e-14,4.7682146336897286e-08,6.7507862801777075e-26,1.2347885351103089e-11,9.5104186296541055e-18,6.8134503826764834e-18,1.8695126674757392e-23,9.6923824569762027e-33,6.60369372883245e-14,1.2699774817683875e-20,0.0016576513066065962,9.3331674873012066e-05,2.3362759391967384e-09,7.2134294704491536e-13,5.0009342328965142e-08,7.1658186949305128e-18,1.3111612478165135e-14,7.8930009472174033e-12
4.949562601050218e-09,0.11640260799999998,0.8585084662769803,0.0,0.0,0.33578451936559123,0.1169822613735766,0.022773899266290264,4.7785676410121928e-39,7.0082969674221884e-15,2.1180107429225593e-12,4.1864426464486601e-23,3.1936880419723944e-15,6.9739885298834209e-14,4.9041826815459405e-08,7.646429437701259e-26,1.2671880216020052e-11,1.0263488756722535e-17,7.2977316105724746e-18,2.0277259771164976e-23,1.1024434328184563e-32,6.9318197109968464e-14,1.3991317164753793e-20,0.0016876532477762623,9.533683637385667e-05,2.3585816623709311e-09,7.5253536416991983e-13,5.1390909810772851e-08,7.4793661914760106e-18,1.427291536124495e-14,8.1277675954204349e-12
5.054284463716719e-09,0.11640260799999998,0.8585084662769803,0.0,0.0,0.33575272985062915,0.11695247657258834,0.022772896919874362,5.4781441168955644e-39,7.4414505886847118e-15,2.2755837776681567e-12,4.4827874514310307e-23,3.3104560190268494e-15,7.3144905765572619e-14,5.0414093438698239e-08,8.6395312265979116e-26,1.2998739123383804e-11,1.1059671384311897e-17,7.8075748473810095e-18,2.1960740671991311e-23,1.2508891271087858e-32,7.2691272885453946e-14,1.5384068441698034e-20,0.0017174366539580643,9.7341528692500534e-05,2.380880882906409e-09,7.8453280772237563e-13,5.2785038955697386e-08,7.8012279777318941e-18,1.5510269258246432e-14,8.3647399295706569e-12
5.15900632638322e-09,0.11640260799999998,0.8585084662769803,0.0,0.0,0.33572115773254513,0.11692290870196484,0.022771894806699167,6.2627567328573985e-39,7.8932005910737624e-15,2.4416665778391933e-12,4.7934624138122476e-23,3.4296562549264278e-15,7.6644168045794117e-14,5.1798937919468905e-08,9.7385305554641021e-26,1.3328489076476781e-11,1.1900579009929663e-17,8.3439152790872705e-18,2.3750225861650458e-23,1.4159954470134712e-32,7.6156973573470888e-14,1.6883767487599145e-20,0.0017470031172013101,9.9345754524308394e-05,2.4031737507507066e-09,8.173441547672829e-13,5.4191720989762522e-08,8.1315054762961733e-18,1.6827006117501011e-14,8.6039161614350871e-12
5.2637281890497204e-09,0.11640260799999998,0.8585084662769803,0.0,0.0,0.33568980142824872,0.11689355618129045,0.02277089292542708,7.1407423172407124e-39,8.364034401293408e-15,2.6165612539157848e-12,5.1188613091770666e-23,3.5513202301934171e-15,8.0238524772149229e-14,5.3196352061547831e-08,1.0952424521507306e-25,1.3661157013173034e-11,1.2787857200162095e-17,8.9077091067924975e-18,2.565051601286995e-23,1.5992874604549928e-32,7.9716107119044425e-14,1.8496366016670027e-20,0.0017763542179296719,0.00010134951654446128,2.4254604142561569e-09,8.5097827287605695e-13,5.5610947216465252e-08,8.4703003004589352e-18,1.822653803197572e-14,8.8452945196107204e-12
5.368450051716221e-09,0.11640260799999998,0.8585084662769803,0.0,0.0,0.33565865936620976,0.11686441744168982,0.02276989127473053,8.1210704661729192e-39,8.8544455745746227e-15,2.8005758491824037e-12,5.4593815090070767e-23,3.6754796764331169e-15,8.3928827908272678e-14,5.4606327758658375e-08,1.2290795057757605e-25,1.3996769806257658e-11,1.3723184865881116e-17,9.4999337582717951e-18,2.7666558777183146e-23,1.8024011456747954e-32,8.3369480460331913e-14,2.02280329576616e-20,0.0018054915250264778,0.00010335281740811184,2.4477410201960799e-09,8.8544402020951002e-13,5.7042709015722348e-08,8.8177142577547647e-18,1.9712357890709185e-14,9.0888732493297091e-12
5.473171914382722e-09,0.11640260799999998,0.8585084662769803,0.0,0.0,0.33562772998637413,0.11683549092574319,0.022768889853291865,9.2133785200894511e-39,9.3649338231233502e-15,2.9940243862255743e-12,5.8154239798521654e-23,3.8021665788141833e-15,8.7715928755038026e-14,5.6028856993507224e-08,1.3763836426486328e-25,1.4335354263742818e-11,1.4708274537122178e-17,1.0121588099376765e-17,2.9803451598775856e-23,2.0270896025970643e-32,8.7117899535346385e-14,2.208515882918453e-20,0.0018344165959193665,0.00010535565975053813,2.4700157137798943e-09,9.2075024559959082e-13,5.8486997842827086e-08,9.1738493535043169e-18,2.1288040033584721e-14,9.3346506122810806e-12
5.5778937770492225e-09,0.11640260799999998,0.8585084662769803,0.0,0.0,0.33559701174007822,0.11680677508740236,0.022767888659803302,1.0428007816154251e-38,9.896005044989541e-15,3.1972269133387082e-12,6.1873932825645474e-23,3.9314131785412131e-15,9.1600677956745116e-14,5.7463931836830031e-08,1.5382383574624257e-25,1.4676937129180354e-11,1.5744872637640767e-17,1.0773692645293296e-17,3.2066444551677109e-23,2.2752295221018101e-32,9.096216928860767e-14,2.4074360150919861e-20,0.0018631309766643186,0.00010735804618729655,2.4922846386688604e-09,9.5690578862990105e-13,5.9943805227415831e-08,9.5388077943454515e-18,2.2957240909151003e-14,9.5826248864348493e-12
5.682615639715723e-09,0.11640260799999998,0.8585084662769803,0.0,0.0,0.33556650308996688,0.11677826839190728,0.02276688769296685,1.1776041242397404e-38,1.0448171353355688e-14,3.4105095508354645e-12,6.5756975715953779e-23,4.063251975319646e-15,9.5583925507240782e-14,5.8911544446446157e-08,1.7157941367060021e-25,1.5021545081971014e-11,1.6834759759155826e-17,1.1457289771692328e-17,3.4460943200286253e-23,2.5488279207185226e-32,9.4903093677721962e-14,2.6202483890697372e-20,0.0018916362020290644,0.00010935997931437323,2.5145479369924078e-09,9.9391947971498984e-13,6.1413122772444511e-08,9.9126919917543887e-18,2.4723699735219456e-14,9.8327943658623392e-12
5.787337502382224e-09,0.11640260799999998,0.8585084662769803,0.0,0.0,0.33553620250990912,0.11674996931570331,0.022765886951494216,1.3269342119519093e-38,1.1021951106242959e-14,3.6342045372726641e-12,6.9807485943539846e-23,4.1977157298130383e-15,9.9666520755973763e-14,6.0371687066323205e-08,1.9102714713748177e-25,1.5369204737670339e-11,1.7979750935286527e-17,1.2173443925789515e-17,3.6992511483215675e-23,2.8500291483731971e-32,9.8941475679890524e-14,2.8476611947401116e-20,0.0019199337955758753,0.00011136146170833447,2.5368057493641197e-09,1.0318001401784514e-12,6.2894942153174827e-08,1.0295604565557194e-17,2.6591239161983806e-14,1.0085157360557597e-11
5.892059365048725e-09,0.11640260799999998,0.8585084662769803,0.0,0.0,0.33550610848491697,0.116721876346359,0.022764886434106759,1.4920594436507199e-38,1.161786893663239e-14,3.8686502755836113e-12,7.4029616906297279e-23,4.3348374660928742e-15,1.038493124139841e-13,6.1844352025651811e-08,2.12296396066637e-25,1.5719942648291319e-11,1.9181695915187714e-17,1.2923241837306852e-17,3.9666874620421657e-23,3.1811221769565111e-32,1.0307811729834808e-13,3.090406566965215e-20,0.0019480252697437431,0.00011336249592647575,2.5590582148970347e-09,1.0705565823298204e-12,6.4389255116170139e-08,1.0687648347431939e-17,2.8563765937423657e-14,1.0339712196264401e-11
5.996781227715225e-09,0.11640260799999998,0.8585084662769803,0.0,0.0,0.33547621951106293,0.11669398798248452,0.02276388613953538,1.6743344466454314e-38,1.2236455782998718e-14,4.1141913791226668e-12,7.8427557920765619e-23,4.4746504740810861e-15,1.081331485598278e-13,6.3329531737930106e-08,2.3552415082790795e-25,1.6073785302603671e-11,2.0442479436889435e-17,1.3707792729330685e-17,4.2489922043600944e-23,3.5445481776238987e-32,1.0731381956873196e-13,3.3492410410225171e-20,0.0019759121259299512,0.00011536308450696974,2.5813054712187071e-09,1.1101976095402939e-12,6.5896053478300768e-08,1.1088926384401919e-17,3.0645271574770335e-14,1.0596457214307638e-11
6.101503090381726e-09,0.11640260799999998,0.8585084662769803,0.0,0.0,0.33544653409539926,0.11666630273365067,0.022762886066520473,1.8752043789181128e-38,1.2878248920254804e-14,4.3711787176220397e-12,8.3005534217602857e-23,4.6171883119854106e-15,1.1251887664543782e-13,6.4827218700056967e-08,2.6085536129474179e-25,1.6430759126429991e-11,2.1764021500346631e-17,1.452822852907225e-17,4.546771034983582e-23,3.9429083948791232e-32,1.1164938256538265e-13,3.6249460116164291e-20,0.0020035958545710384,0.00011736322996901294,2.6035476544863913e-09,1.1507320163172786e-12,6.7415329125758969e-08,1.1499541942320206e-17,3.2839833021828381e-14,1.0855390771425624e-11
6.206224953048227e-09,0.11640260799999998,0.8585084662769803,0.0,0.0,0.33541705075587736,0.11663881912030861,0.022761886213811859,2.0962093747465902e-38,1.3543791991104647e-14,4.6399694630617002e-12,8.7767806937685812e-23,4.7624848087276651e-15,1.1700734350192148e-13,6.633740549143501e-08,2.8844327548574852e-25,1.6790890482938635e-11,2.3148277640205198e-17,1.5385704078540764e-17,4.8606466278470885e-23,4.378972325629786e-32,1.1608560540757617e-13,3.918328195456376e-20,0.0020310779352231746,0.00011936293481297131,2.6257848994021928e-09,1.1921685883777803e-12,6.8947074013083052e-08,1.1919598509346004e-17,3.5151613331959523e-14,1.1116511239602749e-11
6.3109468157147275e-09,0.11640260799999998,0.8585084662769803,0.0,0.0,0.33538776802126763,0.11661153567370992,0.022760886580168692,2.3389891363870661e-38,1.4233635037803002e-14,4.9209271354532919e-12,9.2718673128838324e-23,4.9105740663650438e-15,1.2159939534529517e-13,6.7860084773082392e-08,3.1844978795979519e-25,1.7154205672933434e-11,2.4597239198290131e-17,1.628139734513484e-17,5.1912589711203194e-23,4.8556862115407577e-32,1.2062328626568969e-13,4.2302200973977069e-20,0.0020583598366419268,0.00012136220152052463,2.6480173392279512e-09,1.2345161027206466e-12,7.0491280162190837e-08,1.2349199799412949e-17,3.7584862336548842e-14,1.1379817005903875e-11
6.415668678381228e-09,0.11640260799999998,0.8585084662769803,0.0,0.0,0.33535868443108074,0.11658445093582763,0.022759887164359397,2.6052876745357737e-38,1.49483345343195e-14,5.2144216485387584e-12,9.7862465743187724e-23,5.0614904625045537e-15,1.2629587778215754e-13,6.9395249286754306e-08,3.5104579813131891e-25,1.7520730935140338e-11,2.6112933595821003e-17,1.721650963215443e-17,5.5392656695366059e-23,5.3761818531524424e-32,1.2526322236730035e-13,4.5614804801416305e-20,0.0020854430168614478,0.00012336103255480979,2.6702451057998551e-09,1.2777833276976677e-12,7.2047939661422116e-08,1.2788449755689891e-17,4.0143917318784474e-14,1.1645306472311462e-11
6.520390541047729e-09,0.11640260799999998,0.8585084662769803,0.0,0.0,0.33532979853548833,0.11655756345927742,0.022758887965161609,2.8969582003100685e-38,1.5688453418905233e-14,5.5208293554044965e-12,1.0320355363515034e-22,5.215268652710737e-15,1.3109763581530074e-13,7.0942891854073065e-08,3.8641157867380024e-25,1.7890492446490878e-11,2.7697424605360312e-17,1.8192265789235693e-17,5.9053422490388514e-23,5.9437857543739052e-32,1.3000621000321846e-13,4.9129948374906073e-20,0.0021123289232730736,0.00012535943036056285,2.692468329542932e-09,1.3219790230835613e-12,7.3617044664590644e-08,1.323745255403437e-17,4.283320368859391e-14,1.191297805556471e-11
6.6251124037142296e-09,0.11640260799999998,0.8585084662769803,0.0,0.0,0.33530110889524484,0.11653087180723974,0.022757888981362086,3.2159681715100385e-38,1.6454561127059763e-14,5.8405330940117368e-12,1.0874634156004623e-22,5.3719435729067967e-15,1.3600551384926111e-13,7.2503005375667479e-08,4.2473715418057571e-25,1.8263516322402591e-11,2.9352812622499921e-17,1.9209914422713129e-17,6.2901824637413337e-23,6.5620286061044701e-32,1.3485304453345575e-13,5.2856758711557948e-20,0.0021390189927033443,0.00012735739736425997,2.7146871394854502e-09,1.3671119401448271e-12,7.5198587390044254e-08,1.3696312606439011e-17,4.565723565859006e-14,1.2182830187000062e-11
6.72983426638073e-09,0.11640260799999998,0.8585084662769803,0.0,0.0,0.33527261408161041,0.11650437455338229,0.022756890211756635,3.5644044959418692e-38,1.7247233624896733e-14,6.1739222326438893e-12,1.14495270173344e-22,5.5315504417691843e-15,1.4102035569581009e-13,7.4075582830320709e-08,4.662226902533595e-25,1.863982861705642e-11,3.108123493729101e-17,2.0270728105913685e-17,6.6944986052057483e-23,7.2346551178809499e-32,1.3980452039312919e-13,5.6804639711132187e-20,0.0021655146514914384,0.00012935493597425734,2.7369016632731908e-09,1.4131908217075076e-12,7.6792560119734616e-08,1.4165134564471421e-17,4.8620616920890587e-14,1.2454861312393041e-11
6.834556129047231e-09,0.11640260799999998,0.8585084662769803,0.0,0.0,0.33524431267627358,0.1164780702817832,0.022755891655150066,3.9444788946044257e-38,1.8067053442906075e-14,6.521392715271536e-12,1.2045481603053544e-22,5.6941247631158012e-15,1.4614300457938513e-13,7.5660617274127131e-08,5.1107889319002293e-25,1.9019455323671048e-11,3.2884866005422634e-17,2.1376003589386869e-17,7.1190218140297796e-23,7.9656342065924764e-32,1.4486143109830113e-13,6.0983276995053498e-20,0.0021918173155660503,0.00013135204858092994,2.7591120271835296e-09,1.4602244022238562e-12,7.8398955198295543e-08,1.4644023322707647e-17,5.1728041324682486e-14,1.2729069891801784e-11
6.939277991713732e-09,0.11640260799999998,0.8585084662769803,0.0,0.0,0.33521620327127472,0.11645195758685473,0.022754893310356124,4.3585334275609306e-38,1.8914609710110974e-14,6.8833471068357007e-12,1.2662949158764189e-22,5.8597023282878868e-15,1.5137430314246225e-13,7.7258101839657817e-08,5.5952742044437614e-25,1.9402422374774327e-11,3.4765917719153877e-17,2.2527062011074046e-17,7.5645023937466051e-23,8.7591695514509104e-32,1.5002456925175659e-13,6.5402642780848078e-20,0.0022179283905216828,0.00013334873755680896,2.7813183561393556e-09,1.5082214078379079e-12,8.0017765032129697e-08,1.5133084022159574e-17,5.498429355441306e-14,1.3005454399412484e-11
7.043999854380232e-09,0.11640260799999998,0.8585084662769803,0.0,0.0,0.33518828446893023,0.11642603507326746,0.022753895176197383,4.8090461853381381e-38,1.9790498188617648e-14,7.2601946384500111e-12,1.3302384520235163e-22,6.0283192185257297e-15,1.5671509345086988e-13,7.8868029735134549e-08,6.1180130203191915e-25,1.9788755642471685e-11,3.6726639678004674e-17,2.3725249106420405e-17,8.0317101270337259e-23,9.6197105245524041e-32,1.5529472654871807e-13,7.0073000791969818e-20,0.0022438492716943901,0.00013534500525671863,2.8035207737228543e-09,1.55719055644999e-12,8.1648982088504189e-08,1.5632422053696605e-17,5.8394249808496274e-14,1.3284013323386404e-11
7.148721717046733e-09,0.11640260799999998,0.8585084662769803,0.0,0.0,0.33516055488175744,0.11640030135587523,0.02275289725150521,5.2986371487159562e-38,2.0695321308556155e-14,7.6523512525223638e-12,1.3964246113578932e-22,6.2000118073382926e-15,1.6216621699904546e-13,8.0490394243612262e-08,6.6814537305672768e-25,2.0178480938711636e-11,3.8769319459209822e-17,2.4971935418432897e-17,8.5214345942295544e-23,1.0551963506513847e-31,1.6067269378249895e-13,7.5004911202984598e-20,0.002269581344236949,0.00013734085401791133,2.8257194021891648e-09,1.607140557780162e-12,8.3292598894654649e-08,1.6142143061461927e-17,6.1962878478430666e-14,1.3564745165708419e-11
7.3581654423797345e-09,0.11640260799999998,0.8585084662769803,0.0,0.0,0.33510565785355395,0.11634939481956141,0.022750902025889589,6.4062798789400489e-38,2.2594214746753438e-14,8.4842893241066914e-12,1.5357099653723763e-22,6.5527710502270697e-15,1.7340282696648704e-13,8.3772406601132302e-08,7.9408515347967352e-25,2.0968210565394409e-11,4.3109894306702333e-17,2.7616413162161414e-17,9.5716929732886511e-23,1.2651787773523315e-31,1.7175521675756243e-13,8.5697142189361855e-20,0.0023204845535721086,0.00014133130398609985,2.8701057742362617e-09,1.7100179169473705e-12,8.6617002159773371e-08,1.7193157869130057e-17,6.9596491674617042e-14,1.4132721681559974e-11
7.546664795179437e-09,0.11640260799999998,0.8585084662769803,0.0,0.0,0.33505688393105598,0.11630421092994825,0.022749107027665024,7.5662118003881052e-38,2.4408356675735834e-14,9.2897023853787883e-12,1.6692038003685707e-22,6.8811442244652301e-15,1.8390154597307363e-13,8.6768685058714759e-08,9.2406484719005892e-25,2.1690825690037669e-11,4.7320443517599209e-17,3.0176575084731752e-17,1.0602270556243941e-22,1.4839784529932746e-31,1.821061123878962e-13,9.6326845527114046e-20,0.0023656654064410755,0.00014492129927933182,2.9100417500658706e-09,1.8060492671049891e-12,8.9651298472464769e-08,1.8175646102979739e-17,7.7061157743716127e-14,1.4651317176251932e-11
7.735164147979138e-09,0.11640260799999998,0.8585084662769803,0.0,0.0,0.33500870194597171,0.11625961765581194,0.022747312690332137,8.9006449895476751e-38,2.6325924379809246e-14,1.0151497107871612e-11,1.8106930918887123e-22,7.2200619505037694e-15,1.947708060259324e-13,8.980515701612972e-08,1.071627371817309e-24,2.2424829692537207e-11,5.1833876816405946e-17,3.2916345199177899e-17,1.1719020946303815e-22,1.7346351262971636e-31,1.9281856999367649e-13,1.0798229038817144e-19,0.0024102556036427144,0.00014850997277103995,2.9499672912282119e-09,1.9053936662401556e-12,9.2725656405941111e-08,1.9193430093803656e-17,8.5121476462967553e-14,1.5176930245389334e-11
7.923663500778839e-09,0.11640260799999998,0.8585084662769803,0.0,0.0,0.33496110416562153,0.11621560727748073,0.022745519007384415,1.043082615686533e-37,2.8350677083328521e-14,1.1072347855574522e-11,1.9604581807999525e-22,7.5697472367972619e-15,2.0601549473227702e-13,9.2881785901282256e-08,1.23868868950418e-24,2.3170370966952561e-11,5.6664944131197055e-17,3.5844641183492299e-17,1.2927307652066424e-22,2.0209869412756519e-31,2.0389716959306194e-13,1.2073644760616185e-19,0.0024542628648847099,0.00015209733747417932,2.9898830644792178e-09,2.0081016216330062e-12,9.5840034432346614e-08,2.0247135564667854e-17,9.3809846628576167e-14,1.5709552632985714e-11
8.11216285357854e-09,0.11640260799999998,0.8585084662769803,0.0,0.0,0.33491408295859088,0.11617217217637435,0.022743725972402373,1.2180020944837641e-37,3.0486446930650462e-14,1.2055003017410779e-11,2.1187831805886401e-22,7.9304263469634721e-15,2.1764049410104316e-13,9.5998535865280861e-08,1.4273272685363418e-24,2.392759729603926e-11,6.1828815565037699e-17,3.8970657879161446e-17,1.4232728223670807e-22,2.3472466408814842e-31,2.1534648216663196e-13,1.3466580685182535e-19,0.0024976948087824511,0.00015568340622768278,3.0297897236848114e-09,2.1142235593942582e-12,9.8994391584730648e-08,2.1337391168424689e-17,1.0315968907019627e-13,1.6249176216617068e-11
8.300662206378242e-09,0.11640260799999998,0.8585084662769803,0.0,0.0,0.33486763079340021,0.11612930483367499,0.022741933579052329,1.4173655697447471e-37,3.2737139711079143e-14,1.3102285846638635e-11,2.2859559787712007e-22,8.3023288436106688e-15,2.2965068063294611e-13,9.915537176835285e-08,1.6397942940965188e-24,2.469665585579575e-11,6.7341086470202364e-17,4.2303871253880398e-17,1.564112066102244e-22,2.7180303338235725e-31,2.2717106975432037e-13,1.498504760392286e-19,0.0025405589541883196,0.00015926819169884355,3.0696879100559794e-09,2.2238098254950388e-12,1.021886874414846e-07,2.2464828551610319e-17,1.1320545948359654e-13,1.6795793004813992e-11
8.489161559177943e-09,0.11640260799999998,0.8585084662769803,0.0,0.0,0.33482174023718958,0.1160869978290157,0.022740141821085288,1.6439466101541221e-37,3.510673559670132e-14,1.4217095297635466e-11,2.4622682385258551e-22,8.6856876319879884e-15,2.4205092540875187e-13,1.023522591660232e-07,1.8785243276098101e-24,2.5477693219919525e-11,7.32177825157636e-17,4.5854042363436161e-17,1.7158569901199978e-22,3.1383879586337415e-31,2.3937548555044582e-13,1.6637428194256082e-19,0.0025828627215031099,0.00016285170638566444,3.1095782523793232e-09,2.3369106867537405e-12,1.0542288211104239e-07,2.3630082418087484e-17,1.2398266125207136e-13,1.7349395134502873e-11
8.677660911977644e-09,0.11640260799999998,0.8585084662769803,0.0,0.0,0.33477640395442354,0.11604524383918614,0.022738350692335679,1.900765275757313e-37,3.7599289892721052e-14,1.5402406860144826e-11,2.6480154005408319e-22,9.0807390034684639e-15,2.5484609417583336e-13,1.055891642955448e-07,2.146146417523993e-24,2.6270855364176009e-11,7.9475364748959816e-17,4.963122131293774e-17,1.87914143832206e-22,3.6138354835910068e-31,2.5196427399691655e-13,1.843248719953947e-19,0.0026246134339702174,0.00016643396261917329,3.1494613672431767e-09,2.4535763317993673e-12,1.0869693621683402e-07,2.4833790592802281e-17,1.3552785825437076e-13,1.7909974868494236e-11
8.866160264777345e-09,0.11640260799999998,0.8585084662769803,0.0,0.0,0.33473161470561119,0.11600403563685614,0.022736560186720323,2.1911043999422131e-37,4.0218933800506576e-14,1.6661273390941205e-11,2.8434966850845794e-22,9.4877226788647934e-15,2.680410474329995e-13,1.0886605406258304e-07,2.4454956816754794e-24,2.7076287670679599e-11,8.6130734650376289e-17,5.3645751217490858e-17,2.0546252691893917e-22,4.1503889420468708e-31,2.6494197087459629e-13,2.0379381729844549e-19,0.0026658183189523883,0.00017001497256570504,3.1893378592595787e-09,2.5738568720068982e-12,1.1201081088249375e-07,2.6076594085508438e-17,1.478786876566993e-13,1.847752459301844e-11
9.054659617577047e-09,0.11640260799999998,0.8585084662769803,0.0,0.0,0.33468736534604399,0.11596336608931557,0.022734770298237252,2.5185266071691676e-37,4.2969875193049766e-14,1.799682594297166e-11,3.0490150942951869e-22,9.9068818515860729e-15,2.8164064051366031e-13,1.1218289602814443e-07,2.7796253673816786e-24,2.7894134932089889e-11,9.3201239183286772e-17,5.7908272162468362e-17,2.2429950279482923e-22,4.7546003565893061e-31,2.7831310339290178e-13,2.2487671681583777e-19,0.0027064845091915703,0.00017359474822915201,3.2292083212822691e-09,2.6978023423875083e-12,1.1536446771731428e-07,2.7359137154206006e-17,1.610738726863571e-13,1.905203681530692e-11
9.243158970376748e-09,0.11640260799999998,0.8585084662769803,0.0,0.0,0.33464364882455155,0.1159232281572313,0.022732981020964608,2.8868920859658054e-37,4.5856399402735515e-14,1.9412274591990819e-11,3.2648774146895076e-22,1.0338463230640358e-14,2.9564972366736018e-13,1.155396583957451e-07,3.1518194011119229e-24,2.8724541355724799e-11,1.0070467583737472e-16,6.2429725163495612e-17,2.4449646265045663e-22,5.4335956265139809e-31,2.9208219027766417e-13,2.4767330275753466e-19,0.0027466190440521105,0.00017717330145318187,3.2690733346206751e-09,2.8254627024574469e-12,1.187578688019417e-07,2.8682067368757041e-17,1.7515323538489987e-13,1.9633504161218155e-11
9.43165832317645e-09,0.11640260799999998,0.8585084662769803,0.0,0.0,0.33460045818227141,0.11588361489342035,0.022731192349059542,3.3003771356529109e-37,4.8882870021296925e-14,2.0910909260709199e-11,3.4913942198919667e-22,1.0782717083488405e-14,3.1007314213971518e-13,1.189363099988143e-07,3.5656054388804629e-24,2.9567650567592222e-11,1.0865929766706007e-16,6.7221356126283956e-17,2.6612760311181264e-22,6.1951144519142698e-31,3.0625374185729633e-13,2.7228754714337008e-19,0.00278622887074756,0.00018075064392342465,3.3089334692499077e-09,2.9568878370850767e-12,1.2219097667430636e-07,3.0046035674564638e-17,1.9015770933920287e-13,2.0221919372907304e-11
9.62015767597615e-09,0.11640260799999998,0.8585084662769803,0.0,0.0,0.33455778655143686,0.11584451944163941,0.022729404276757167,3.7634935088519752e-37,5.2053729711915716e-14,2.2496100540455408e-11,3.728879873584447e-22,1.1239897278752092e-14,3.2491573625077735e-13,1.2237282028832857e-07,4.0247684308618704e-24,3.0423605616341461e-11,1.1708381832459579e-16,7.2294719806396463e-17,2.8926999578392862e-22,7.04755237696336e-31,3.2083226014728942e-13,2.9882776955160051e-19,0.0028253208455512615,0.00018432678716962875,3.348789284016871e-09,3.0921275572886025e-12,1.2566375431578615e-07,3.145169645591717e-17,2.0612935238907225e-13,2.0817275306539059e-11
9.808657028775852e-09,0.11640260799999998,0.8585084662769803,0.0,0.0,0.33451562715417993,0.11580593503539019,0.02272761679836945,4.281108570673462e-37,5.5373501033396056e-14,2.4171300510358185e-11,3.9776525326781232e-22,1.1710261328781764e-14,3.4018234147185206e-13,1.2584915932067352e-07,4.5333647129460157e-24,3.1292548977135617e-11,1.2599741708811188e-16,7.7661683769026752e-17,3.1400365757091886e-22,8.0000050337166178e-31,3.3582223893306719e-13,3.2740674605203574e-19,0.0028639017349909018,0.00018790174256778645,3.3886413268425916e-09,3.231231601013696e-12,1.2917616513759858e-07,3.2899707599553765e-17,2.2311135931015942e-13,2.141956493004286e-11
9.997156381575553e-09,0.11640260799999998,0.8585084662769803,0.0,0.0,0.33447397330135153,0.11576785499674071,0.022725829908284218,4.8584662952057294e-37,5.8846787276331021e-14,2.5940043554055173e-11,4.2380341507079197e-22,1.2194070432086527e-14,3.5587778850079774e-13,1.2936529774572853e-07,5.095736637739848e-24,3.2174622555446388e-11,1.3541974388478676e-16,8.3334432348908971e-17,3.4041162177189001e-22,9.0623146685652107e-31,3.5122816385123109e-13,3.5814181932257885e-19,0.0029019782170272399,0.00019147552134222967,3.4284901349208784e-09,3.3742496338980888e-12,1.3272817296741675e-07,3.439073055843217e-17,2.4114807447098168e-13,2.2028781320909628e-11
9.999999999999999e-09,0.11640260799999998,0.8585084662769803,0.0,0.0,0.33447334876630103,0.1157672843657275,0.022725802956521216,4.8676619810190869e-37,5.8900383133815681e-14,2.5967460751916818e-11,4.2420527086801354e-22,1.2201473264361502e-14,3.5611787140095522e-13,1.2941864524334567e-07,5.1046555585869879e-24,3.2188030389935947e-11,1.3556588297521262e-16,8.3422414105224588e-17,3.4082325907472638e-22,9.079234996355287e-31,3.5146377862373499e-13,3.586226049640315e-19,0.0029025487940823563,0.00019152942484702682,3.429091254487778e-09,3.3764373639793634e-12,1.3278205998976716e-07,3.441355621440836e-17,2.4142847643022889e-13,2.2038024691817755e-11
1.0185655734375254e-08,0.11640260799999998,0.8585084662769803,0.0,0.0,0.3344328183913548,0.11573027273516227,0.022724043600964056,5.501209119575729e-37,6.2478273311164522e-14,2.7805947173937431e-11,4.5103504814500601e-22,1.2691589515631943e-14,3.7200690333583713e-13,1.3292120679517029e-07,5.716527757266784e-24,3.3069967690772664e-11,1.453709243093285e-16,8.9325470610427536e-17,3.6858000995131225e-22,1.0245119034147359e-30,3.6705451246922793e-13,3.9115500994670565e-19,0.0029395568822172553,0.00019504813456769596,3.4683362349133354e-09,3.5212312499815616e-12,1.3631974203620649e-07,3.5925430415102068e-17,2.6028500446297846e-13,2.2644917664029247e-11
1.0374155087174956e-08,0.11640260799999998,0.8585084662769803,0.0,0.0,0.33439215590899635,0.11569318174638155,0.02272225787094536,6.2154006764797108e-37,6.6272726448060694e-14,2.9772712802934804e-11,4.794931082763312e-22,1.3203087277009041e-14,3.8857450734791076e-13,1.3651685827099032e-07,6.4006985700056876e-24,3.3978725160284677e-11,1.5587156463793688e-16,9.5647628307974839e-17,3.985981045830141e-22,1.1559902732355028e-30,3.8330575436347147e-13,4.2657312889030153e-19,0.0029766442348619334,0.00019861959317136538,3.5081801431407775e-09,3.6722259723947495e-12,1.3995083696527821e-07,3.7504475945312978e-17,2.8056883070268262e-13,2.3267967249568039e-11
1.0562654439974657e-08,0.11640260799999998,0.8585084662769803,0.0,0.0,0.33435197942435141,0.11565657561124806,0.022720472712837291,7.0075494266216385e-37,7.0234997308507809e-14,3.1844126613844213e-11,5.09210932065473e-22,1.3728836226478515e-14,4.0558541735159652e-13,1.4015222453422372e-07,7.1535428452451155e-24,3.4901035182394404e-11,1.6694275683790414e-16,1.023140638466745e-16,4.3055842246744706e-22,1.3019051096706053e-30,3.9998635119594616e-13,4.6452789115702043e-19,0.0030132466941388773,0.00020218990793486921,3.5480223657711528e-09,3.8272832540473464e-12,1.4362142275355196e-07,3.9128539681990187e-17,3.0204742200522217e-13,2.3897923470885446e-11
1.0751153792774358e-08,0.11640260799999998,0.8585084662769803,0.0,0.0,0.33431228259164397,0.11562044799461654,0.022718688121320794,7.8846332128380805e-37,7.4370020708585106e-14,3.4024060326201034e-11,5.4022223735706895e-22,1.4269112728893704e-14,4.2304444567462338e-13,1.4382727849388414e-07,7.9807045379296256e-24,3.5837037420254026e-11,1.7860608357300577e-16,1.0933826824351586e-16,4.6455678892204531e-22,1.4635906704558536e-30,4.1710075678932251e-13,5.051560306216215e-19,0.0030493705952199615,0.00020575908949626968,3.5878633990040327e-09,3.9864524782553552e-12,1.4733146476503026e-07,4.0798297978748951e-17,3.247698471284468e-13,2.4534779822489236e-11
1.093965314557406e-08,0.11640260799999998,0.8585084662769803,0.0,0.0,0.33427305914814232,0.11558479264424407,0.022716904091147613,8.8541247577805209e-37,7.8682816553813232e-14,3.6316472010692895e-11,5.725611236914055e-22,1.4824197045505929e-14,4.4095640022600263e-13,1.4754199359610212e-07,8.8881953072098837e-24,3.6786870985183373e-11,1.9088362320482735e-16,1.1673406908889916e-16,5.0069241274431194e-22,1.6424828611331413e-30,4.3465341720060976e-13,5.4859941604044789e-19,0.0030850221903742014,0.00020932714835201257,3.6277037292517395e-09,4.1497829593422544e-12,1.5108092871647624e-07,4.2514431073620873e-17,3.4878638728702942e-13,2.5178529898028556e-11
1.112815249837376e-08,0.11640260799999998,0.8585084662769803,0.0,0.0,0.33423430291306866,0.11554960338970172,0.022715120617139348,9.9240181271511883e-37,8.3178490745518412e-14,3.8725406891114994e-11,6.0626207277882106e-22,1.5394373375655705e-14,4.5932608456280512e-13,1.5129634381346289e-07,9.8824126519640738e-24,3.7750674440027787e-11,2.037979547901702e-16,1.2451563450871739e-16,5.3906796194710938e-22,1.8401254400681068e-30,4.5264877079337657e-13,5.9500516823797891e-19,0.0031202076500560635,0.00021289409485885223,3.6675438333171744e-09,4.317323943256792e-12,1.5486978066529221e-07,4.4277623153348109e-17,3.7414854863594756e-13,2.5829167388324013e-11
1.1316651851173462e-08,0.11640260799999998,0.8585084662769803,0.0,0.0,0.33419600778652314,0.11551487414130066,0.022713337694186504,1.1102856180720191e-36,8.786223609863608e-14,4.1254998143864004e-11,6.4135994899687395e-22,1.5979929898353255e-14,4.7815829795560856e-13,1.5509030363453896e-07,1.0970158676683568e-23,3.8728585802447566e-11,2.1737216307467363e-16,1.3269747712701604e-16,5.7978964026561864e-22,2.0581765146623299e-30,4.7109124830856376e-13,6.4452577846838862e-19,0.0031549330639793934,0.00021645993923574924,3.7073841785683866e-09,4.4891246081234306e-12,1.5869798699759637e-07,4.6088562417149779e-17,4.0090907472280541e-13,2.6486686079434297e-11
1.1505151203973163e-08,0.11640260799999998,0.8585084662769803,0.0,0.0,0.33415816774842266,0.11548059888903252,0.022711555317247511,1.2399759033652416e-36,9.2739333270873306e-14,4.390946769496722e-11,6.7788999991035897e-22,1.6581158813751568e-14,4.9745783545263685e-13,1.5892384805361581e-07,1.2158659501286964e-23,3.9720742548140139e-11,2.3162984348278422e-16,1.4129445802916174e-16,6.2296726443554383e-22,2.2984153385795428e-30,4.8998527293391974e-13,6.9731922795121317e-19,0.0031892044421771644,0.00022002469156574226,3.7472252231099806e-09,4.6652340647555065e-12,1.6256551441649291e-07,4.7947941140631266e-17,4.2912195890851478e-13,2.715107985075843e-11
1.1693650556772864e-08,0.11640260799999998,0.8585084662769803,0.0,0.0,0.33412077685745273,0.11544677170152343,0.022709773481347888,1.382445355095379e-36,9.7815151703167616e-14,4.6693127014640966e-11,7.1588785681425678e-22,1.7198356384515293e-14,5.1722948794262222e-13,1.627969525606053e-07,1.3455585328583421e-23,4.0727281613996283e-11,2.4659510710419712e-16,1.503217907256654e-16,6.6871434224220287e-22,2.5627494200230258e-30,5.0933526037208032e-13,7.5354910858034441e-19,0.0032230277160472383,0.00022358836179779269,3.7870674159513958e-09,4.8457013572082892e-12,1.6647232993053257e-07,4.9856455740494138e-17,4.5884245675589243e-13,2.7822342673173168e-11
1.1882149909572566e-08,0.11640260799999998,0.8585084662769803,0.0,0.0,0.33408382925003383,0.11541338672500233,0.022707992181579244,1.5387303898085559e-36,1.0309515057137792e-13,4.9610377909372143e-11,7.5538953529970183e-22,1.783182297708842e-14,5.3747804221640586e-13,1.6670959313114401e-07,1.48690711832348e-23,4.1748339401191414e-11,2.6229258567688855e-16,1.5979504511671363e-16,7.171481513401501e-22,2.853221951311644e-30,5.2914561890732327e-13,8.1338474480558838e-19,0.0032564087393843065,0.0002271509597486045,3.8269111971721407e-09,5.0305754632601458e-12,1.7041840084236101e-07,5.181480683866256e-17,4.9012709838576087e-13,2.8500468607204825e-11
1.2070649262372267e-08,0.11640260799999998,0.8585084662769803,0.0,0.0,0.33404731913930225,0.11538043818228248,0.022706211413098438,1.709934317101804e-36,1.0858487974912222e-13,5.2665713311515247e-11,7.9643143584305806e-22,1.8481863102863786e-14,5.5820828102730607e-13,1.7066174621687419e-07,1.6407738336182597e-23,4.2784051778213096e-11,2.7874743656685477e-16,1.6973015145724601e-16,7.6838981884296306e-22,3.1720195702106642e-30,5.4942074947101631e-13,8.770013166859984e-19,0.0032893532893982272,0.00023071249510441796,3.8667569980840109e-09,5.2199052948354569e-12,1.7440369473754984e-07,5.3823699326429912e-17,5.2303370080016664e-13,2.9185451801234887e-11
1.2259148615171968e-08,0.11640260799999998,0.8585084662769803,0.0,0.0,0.33401124081410172,0.1153479203717566,0.022704431171126662,1.8972306129231589e-36,1.1428998078170622e-13,5.5863718066396252e-11,8.3905034441819032e-22,1.9148785459257426e-14,5.794249831502739e-13,1.7465338873590199e-07,1.8080716428630239e-23,4.3834554083826003e-11,2.9598534774466847e-16,1.8014340432274394e-16,8.2256440168280858e-22,3.5214804636869457e-30,5.7016504570579066e-13,9.4457998411419922e-19,0.0033218670677189039,0.00023427297742277864,3.906605241390383e-09,5.4137396984977626e-12,1.7842817947360942e-07,5.5883842429670493e-17,5.5762138017234834e-13,2.9877286489738817e-11
1.244764796797167e-08,0.11640260799999998,0.8585084662769803,0.0,0.0,0.33397558863799176,0.11531582766640538,0.022702651450948606,2.1018663055425818e-36,1.2021618787108574e-13,5.9209069716913722e-11,8.8328343313202229e-22,1.9832902970690407e-14,6.0113292343986008e-13,1.7868449806343135e-07,1.9897666309806262e-23,4.4899981129975248e-11,3.140325427589558e-16,1.9105146657583939e-16,8.7980096773943097e-22,3.9041028249771218e-30,5.9138289402845745e-13,1.0163080122109487e-18,0.0033539557013879118,0.00023783241613428162,3.946456341342598e-09,5.6121274558717553e-12,1.8249182316917819e-07,5.7995949773430158e-17,5.9395056410310726e-13,3.0575966991557469e-11
1.2636147320771371e-08,0.11640260799999998,0.8585084662769803,0.0,0.0,0.33394035704826608,0.11528415451281875,0.022700872247911546,2.325165476595686e-36,1.2636932887177081e-13,6.2706539285626598e-11,9.2916826088347344e-22,2.0534532829481045e-14,6.2333687288701464e-13,1.8275505202256978e-07,2.1868803602871633e-23,4.5980467204629275e-11,3.3291578570689783e-16,2.0247137333344916e-16,9.4023267773821729e-22,4.3225536750791463e-30,6.1307867369169571e-13,1.0923788978892246e-18,0.0033856247438370469,0.00024139082054429128,3.986310703893539e-09,5.8151172839716353e-12,1.8659459419338627e-07,6.0160739446356798e-17,6.3208300384325347e-13,3.128148770820042e-11
1.2824646673571072e-08,0.11640260799999998,0.8585084662769803,0.0,0.0,0.33390554055498622,0.11525289543023039,0.022699093557424558,2.568532879627689e-36,1.3275532629762079e-13,6.6360992054316875e-11,9.7674277404586701e-22,2.1253996536650027e-14,6.460415986747411e-13,1.8686502887530264e-07,2.4004923013468109e-23,4.7076146074563358e-11,3.5266238620184971e-16,2.1442053593460867e-16,1.0039968679170221e-21,4.7796780600002344e-30,6.3525675684453264e-13,1.172992497587169e-18,0.0034168796758539477,0.00024494819983463754,4.0261687268484033e-09,6.0227578356372887e-12,1.9073646115539095e-07,6.2378934066489489e-17,6.7208178648180127e-13,3.1993843122180722e-11
1.3013146026370773e-08,0.11640260799999998,0.8585084662769803,0.0,0.0,0.33387113374002642,0.11522204500956491,0.02269731537495762,2.8334576785900606e-36,1.3938019833948717e-13,7.0177388341014075e-11,1.0260453071729092e-21,2.1991619942641158e-14,6.6925186423262528e-13,1.9101440731363328e-07,2.6317423395534791e-23,4.8187150988084645e-11,3.7330020433817093e-16,2.2691674590923801e-16,1.0712351334614217e-21,5.278508635317657e-30,6.579215085916384e-13,1.2583551561692153e-18,0.0034477259065350007,0.00024850456306528789,4.0660308000127639e-09,6.2350976999111159e-12,1.9491739289407953e-07,6.4651260846411533e-17,7.1401134709960778e-13,3.2713027795380447e-11
1.3201645379170475e-08,0.11640260799999998,0.8585084662769803,0.0,0.0,0.33383713125613196,0.11519159791249732,0.022695537696040827,3.1215173087675001e-36,1.4625005989360111e-13,7.4160784274468575e-11,1.0771145837283318e-21,2.2747733287960038e-14,6.9297242929026132e-13,1.9520316645088599e-07,2.8818333589149724e-23,4.9313614677699907e-11,3.9485765565335482e-16,2.3997817894736076e-16,1.1420934127080868e-21,5.8222756498343744e-30,6.8107728705145941e-13,1.3486798369947635e-18,0.0034781687742256647,0.00025205991917599645,4.1058973053379578e-09,6.4521854022654861e-12,1.9913735846793795e-07,6.697845165800405e-17,7.5793748088814106e-13,3.3439036367446477e-11
1.3390144731970176e-08,0.11640260799999998,0.8585084662769803,0.0,0.0,0.33380352782598943,0.11516154887052522,0.022693760516263581,3.4343814626384588e-36,1.5337112360065322e-13,7.8316332566058947e-11,1.1299897168392977e-21,2.3522671243733255e-14,7.1720804992959485e-13,1.9943128581316821e-07,3.1520339045284984e-23,5.045566936272677e-11,4.1736371608753904e-16,2.5362339886892462e-16,1.2167220721159665e-21,6.414417340339544e-30,7.0472844341321216e-13,1.4441862531537655e-18,0.0035082135474483992,0.0002556142769879303,4.1457686170638404e-09,6.6740694049812604e-12,2.0339632714508165e-07,6.9361243098883199e-17,8.0392735523307754e-13,3.4171863554215999e-11
1.3578644084769877e-08,0.11640260799999998,0.8585084662769803,0.0,0.0,0.33377031824130959,0.11513189268405322,0.022691983831273757,3.7738162031983409e-36,1.6074970089554946e-13,8.264928327911779e-11,1.1847102100736732e-21,2.431677295219036e-14,7.4196347863620215e-13,2.0369874533098996e-07,3.4436809252496422e-23,5.161344675184978e-11,4.4084792694047923e-16,2.6787136159468691e-16,1.2952759920049668e-21,7.0585907497145731e-30,7.2887932199275685e-13,1.5451009998686172e-18,0.0035378654258183557,0.00025916764520527298,4.1856451018589639e-09,6.9007981074991132e-12,2.0769426839344593e-07,7.180037655820338e-17,8.5204952176242924e-13,3.4911504146171145e-11
1.3767143437569578e-08,0.11640260799999998,0.8585084662769803,0.0,0.0,0.33373749736192193,0.11510262422148913,0.02269020763677693,4.1416882073005779e-36,1.6839220306771828e-13,8.7164984595659849e-11,1.2413159582412588e-21,2.5130382067070863e-14,7.6724346434952582e-13,2.080055253310373e-07,3.7581825980701436e-23,5.2787078045621731e-11,4.6534039982605983e-16,2.8274141911744567e-16,1.3779146530618507e-21,7.7586829808578489e-30,7.5353426028737351e-13,1.6516576880617737e-18,0.0035671295409470021,0.00026272003241680549,4.2255271189582375e-09,7.1324198465383121e-12,2.1203115187113285e-07,7.4296598281764599e-17,9.0237392835889245e-13,3.5657953006922226e-11
1.395564279036928e-08,0.11640260799999998,0.8585084662769803,0.0,0.0,0.33370506011488182,0.11507373841835242,0.022688431928535615,4.5399691415969263e-36,1.7630514233191267e-13,9.1868883580495653e-11,1.2998472482190945e-21,2.5963846793958571e-14,7.9305275251208775e-13,2.1235160652809645e-07,4.0970212357330199e-23,5.3976693938911764e-11,4.9087182162441498e-16,2.9825332347365804e-16,1.4648022236130544e-21,8.5188228991357183e-30,7.7869758902946132e-13,1.7640970790885143e-18,0.0035960109573338352,0.00026627144709746604,4.2654150202981027e-09,7.3689828964104259e-12,2.1640694741691317e-07,7.6850659439171898e-17,9.5497193113612153e-13,3.6411205071719058e-11
1.4144142143168981e-08,0.11640260799999998,0.8585084662769803,0.0,0.0,0.33367300149358858,0.11504523027639411,0.022686656702368465,4.9707401736845956e-36,1.8449513290952678e-13,9.6766526942712144e-11,1.3603447598009315e-21,2.6817519930545219e-14,8.1939608511769508e-13,2.1673697001712678e-07,4.4617562791267204e-23,5.5182424623300625e-11,5.1747345943172844e-16,3.1442723071629425e-16,1.5561076476641443e-21,9.3433932963036504e-30,8.043736322391814e-13,1.8826672206343075e-18,0.003624514673246336,0.00026982189760988703,4.3053091506492644e-09,7.6105354693724865e-12,2.2082162504087819e-07,7.9463316190361643e-17,1.0099163063786188e-12,3.7171255345989895e-11
1.4332641495968682e-08,0.11640260799999998,0.8585084662769803,0.0,0.0,0.33364131655691609,0.11501709486272864,0.022684881954149534,5.436196621094295e-36,1.9296889212028153e-13,1.0186356179450219e-10,1.4228495665709815e-21,2.76917589068257e-14,8.4627820075866041e-13,2.2116159726547937e-07,4.8540273760131311e-23,5.6404399789424477e-11,5.4517716550777678e-16,3.3128370488793359e-16,1.6520047337056332e-21,1.0237043529079921e-29,8.3056670727606129e-13,2.0076235837762324e-18,0.0036526456215883341,0.0002733713922059125,4.3452098477470579e-09,7.8571257156295736e-12,2.2527515491524164e-07,8.2135329751077843e-17,1.0672812624449311e-12,3.7938098903907393e-11
1.4521140848768384e-08,0.11640260799999998,0.8585084662769803,0.0,0.0,0.33361000042835376,0.11498932730897665,0.02268310767980751,5.9386527407799611e-36,2.0173324148419682e-13,1.0716573640732299e-10,1.48740313680205e-21,2.8586925825226616e-14,8.7370383467205457e-13,2.2562547010525885e-07,5.2755575476574597e-23,5.7642748629267813e-11,5.7401538222127952e-16,3.4884372199385988e-16,1.7526722442848886e-21,1.1204702645794839e-29,8.572811248895831e-13,2.1392292012079493e-18,0.003680408670756927,0.00027691993902809262,4.3851174424194475e-09,8.1088017235658745e-12,2.2976750736528749e-07,8.4867466460844684e-17,1.1271424516338406e-12,3.87117308869812e-11
1.4709640201568085e-08,0.11640260799999998,0.8585084662769803,0.0,0.0,0.33357904829516,0.11496192281041975,0.022681333875325012,6.4805466617978835e-36,2.1079510783393245e-13,1.1267890096536379e-10,1.5540473343781597e-21,2.9503387500670361e-14,9.01677718785008e-13,2.3012857072582538e-07,5.7281564449411816e-23,5.8897599838406399e-11,6.040211469931117e-16,3.6712867397662554e-16,1.8582939863438439e-21,1.225159301478112e-29,8.845211892687733e-13,2.2777548066276845e-18,0.0037078086254881152,0.00028046754611115864,4.4250322587127441e-09,8.3656115201366885e-12,2.3429865286046091e-07,8.7660497850275258e-17,1.1895769820132324e-12,3.9492146502676568e-11
1.4898139554367786e-08,0.11640260799999998,0.8585084662769803,0.0,0.0,0.33354845540752587,0.11493487662516559,0.022679560536737815,7.0644454638899509e-36,2.2016152443732739e-13,1.1840900831630123e-10,1.6228244197417766e-21,3.0441515500576433e-14,9.3020458175907982e-13,2.3467088166643484e-07,6.2137236955524238e-23,6.0169081618201409e-11,6.3522809723743762e-16,3.8616037269081192e-16,1.9690589023222727e-21,1.3383244468415845e-29,9.1229119809081023e-13,2.4234789752887601e-18,0.0037348502276912938,0.00028401422138347727,4.4649546140150363e-09,8.627603070751095e-12,2.3886856200560126e-07,9.0515200706894168e-17,1.2546634292113059e-12,4.0279341023058671e-11
1.5086638907167487e-08,0.11640260799999998,0.8585084662769803,0.0,0.0,0.33351821707775059,0.11490818407332475,0.022677787660134188,7.6930504047130989e-36,2.2983963213000097e-13,1.2436211471932129e-10,1.6937770508657431e-21,3.1401686184801828e-14,9.5928914903371124e-13,2.3925238580901451e-07,6.7342523438613072e-23,6.1457321677944937e-11,6.6767047530081561e-16,4.0596105387716157e-16,2.085161162026335e-21,1.4605508976971101e-29,9.4059544256867567e-13,2.5766882657121713e-18,0.0037615381572727478,0.00028755997266848487,4.5048848191774531e-09,8.8948242793858165e-12,2.4347720553231371e-07,9.3432357144056435e-17,1.3224818481698151e-12,4.1073309783462008e-11
1.527513825996719e-08,0.11640260799999998,0.8585084662769803,0.0,0.0,0.33348832867942724,0.11488184053619781,0.022676015241654138,8.3692022984844328e-36,2.398366804581893e-13,1.3054438059038532e-10,1.766948284250037e-21,3.2384280745522461e-14,9.8893614286878186e-13,2.4387306637107166e-07,7.2918323851009567e-23,6.2762447236958652e-11,7.0138313339932539e-16,4.2655338113846614e-16,2.2068002552621584e-21,1.5924575866679234e-29,9.6943820749785439e-13,2.7376773625607457e-18,0.0037878770329483184,0.00029110480768610174,4.544823178633207e-09,9.1673229890640712e-12,2.4812455429047727e-07,9.6412754669086588e-17,1.3931137848589806e-12,4.1874048181184521e-11
1.5463637612766893e-08,0.11640260799999998,0.8585084662769803,0.0,0.0,0.333458785646639,0.11485584145547363,0.02267424327748874,9.0958870488392829e-36,2.501600288316326e-13,1.3696207124471688e-10,1.8423815759434633e-21,3.3389685247056926e-14,1.0191502823862825e-12,2.4853290689873279e-07,7.888654395488014e-23,6.4084585026645417e-11,7.3640153855376238e-16,4.4796044991578072e-16,2.3341810852341763e-21,1.7346987596669559e-29,9.9882377130212031e-13,2.9067492206744255e-18,0.0038138714130453483,0.00029464873405412722,4.5847699905145285e-09,9.4451469816250425e-12,2.5281057923988644e-07,9.9457186249356703e-17,1.4666422879537486e-12,4.2681551674205958e-11
1.5652136965566596e-08,0.11640260799999998,0.8585084662769803,0.0,0.0,0.33342958347316731,0.11483018233243777,0.022672471763879435,9.8762413387272493e-36,2.6081714768626952e-13,1.4362155763648672e-10,1.9201207825903981e-21,3.4418290665634753e-14,1.0499362836111256e-12,2.5323189125991114e-07,8.5270132599296359e-23,6.5423861292495451e-11,7.7276177752294346e-16,4.7020579146303531e-16,2.4675140627079804e-21,1.8879656109686248e-29,1.0287564060783997e-12,3.0842152102662248e-18,0.0038395257962940874,0.00029819175928961453,4.6247255467674901e-09,9.7283439776609362e-12,2.5753525144202641e-07,1.025664503823493e-16,1.5431519204710242e-12,4.349581577993002e-11
1.58406363183663e-08,0.11640260799999998,0.8585084662769803,0.0,0.0,0.33340071771170876,0.11480485872719165,0.022670700697117366,1.0713558480199507e-35,2.7181561965704296e-13,1.5052931709566986e-10,2.0002101625026937e-21,3.5470492929110276e-14,1.081298859511101e-12,2.5797000363759991e-07,9.2093119989771611e-23,6.6780401796047311e-11,8.1050056173516765e-16,4.9331337682371182e-16,2.6070152009374204e-21,2.0529879771752025e-29,1.0592403776407578e-12,3.2703952632784164e-18,0.0038648446226086648,0.0003017338908102288,4.6646901332647867e-09,1.0016961637141365e-11,2.6229854205197629e-07,1.0574135116468982e-16,1.6227287713675403e-12,4.4316836073949944e-11
1.6029135671166002e-08,0.11640260799999998,0.8585084662769803,0.0,0.0,0.33337218397310331,0.11477986625788178,0.02266893007354269,1.1611294426968921e-35,2.8316314076064871e-13,1.5769193406205242e-10,2.0826943767568672e-21,3.6546692956624138e-14,1.1132427200360045e-12,2.6274722852328991e-07,9.9380656966997304e-23,6.8154331816804748e-11,8.4965523221786661e-16,5.1730762080832669e-16,2.7529062113557063e-21,2.2305360916199646e-29,1.0902799455634992e-12,3.4656180208985319e-18,0.0038898322738577895,0.00030527513593558352,4.7046640299164942e-09,1.0311047559097895e-11,2.6710042231044001e-07,1.0898269835826169e-16,1.7054604670979785e-12,4.5144608188836864e-11
1.6217635023965705e-08,0.11640260799999998,0.8585084662769803,0.0,0.0,0.33334397792557247,0.11475520059993924,0.022667159889543948,1.2573073952653174e-35,2.9486752158779371e-13,1.6511610081636038e-10,2.1676184903166852e-21,3.7647296698213457e-14,1.1457725721559458e-12,2.675635507105076e-07,1.0715905531164308e-22,6.9545776154110158e-11,8.9026376452548292e-16,5.4221338596887736e-16,2.9054146000302559e-21,2.4214224007751704e-29,1.1218793632234166e-12,3.6702209822347427e-18,0.003914493074625304,0.00030881550188856081,4.744647510778839e-09,1.0610649281289295e-11,2.7194086353590382e-07,1.122913074617014e-16,1.791436183132976e-12,4.5979127812950979e-11
1.6406134376765408e-08,0.11640260799999998,0.8585084662769803,0.0,0.0,0.33331609529396761,0.11473085748532914,0.022665390141557384,1.3602696997639772e-35,3.0693668850543628e-13,1.7280861820848551e-10,2.2550279731812681e-21,3.8772715174372445e-14,1.1788931198988519e-12,2.7241895528847292e-07,1.154558290922168e-22,7.0954859128975208e-11,9.3236477366560939e-16,5.6805598657556481e-16,3.0647737648810326e-21,2.6265034442591003e-29,1.1540428778411946e-12,3.8845506541502144e-18,0.0039388312929607323,0.00031235499579661285,4.7846408441610412e-09,1.0915814281036311e-11,2.7681983711691591e-07,1.1566799978045624e-16,1.880746655436635e-12,4.6820390689274546e-11
1.659463372956511e-08,0.11640260799999998,0.8585084662769803,0.0,0.0,0.33328853185902763,0.11470683270181001,0.022663620826066318,1.4704145187541008e-35,3.1937868486893244e-13,1.8077639638278213e-10,2.3449687015588269e-21,3.9923364515564837e-14,1.2126090643871866e-12,2.7731342763587439e-07,1.2429973707311136e-22,7.238170458586954e-11,9.7599751902342189e-16,5.9486119259543388e-16,3.2312230936621243e-21,2.8466818000626454e-29,1.1867747305219889e-12,4.1089627022560398e-18,0.0039628511411199429,0.00031589362469304521,4.8246442927302116e-09,1.12265899748892e-11,2.8173731450448724e-07,1.1911360249250567e-16,1.973484191903142e-12,4.7668392614266763e-11
1.6783133082364814e-08,0.11640260799999998,0.8585084662769803,0.0,0.0,0.33326128345664702,0.11468312209220276,0.022661851939600512,1.588158852623609e-35,3.3220167224333407e-13,1.8902645550040658e-10,2.4374869590661603e-21,4.1099666001689349e-14,1.2469251038738934e-12,2.8224695341475915e-07,1.3372082620009676e-22,7.3826435894468158e-11,1.0212019092844329e-15,6.2265523366597085e-16,3.4050080627063118e-21,3.0829080966424954e-29,1.2200791562951919e-12,4.3438221030623207e-18,0.0039865567762960869,0.00031943139551828247,4.8646581136144286e-09,1.1543023717878805e-11,2.8669326720461227e-07,1.2262894872167713e-16,2.0697426837520959e-12,4.8523129436739939e-11
1.6971632435164517e-08,0.11640260799999998,0.8585084662769803,0.0,0.0,0.33323434597715335,0.11465972155366944,0.022660083478735535,1.7139392266527207e-35,3.4541393163451023e-13,1.9756592645867267e-10,2.5326294379540298e-21,4.2302046101499575e-14,1.2818459337775819e-12,2.8721951856453528e-07,1.4375047618064723e-22,7.5289175951358389e-11,1.0680185073555931e-15,6.5146480307083401e-16,3.5863803364323674e-21,3.3361830935546847e-29,1.253960384153407e-12,4.5895032972870595e-18,0.0040099523013408921,0.00032296831512111662,4.9046825585039333e-09,1.1865162804621086e-11,2.9168766677090654e-07,1.2621487760903534e-16,2.1696176168821537e-12,4.9384597056756603e-11
1.716013178796422e-08,0.11640260799999998,0.8585084662769803,0.0,0.0,0.33320771536459409,0.1146366270370015,0.022658315440092162,1.848212396146618e-35,3.5902386473025097e-13,2.0640205160739478e-10,2.6304432403585318e-21,4.3530936511979626e-14,1.3173762467169695e-12,2.9223110929608589e-07,1.5442144517662374e-22,7.6770047181706705e-11,1.1164885352847652e-15,6.8131706171965803e-16,3.7755978676148363e-21,3.6075598323291979e-29,1.2884226370906359e-12,4.8463903443224202e-18,0.004033041765476488,0.00032650439025993882,4.9447178737505127e-09,1.2193054469102196e-11,2.967204847973581e-07,1.2987223437745173e-16,2.2732060831825602e-12,5.0252791424547111e-11
1.7348631140763922e-08,0.11640260799999998,0.8585084662769803,0.0,0.0,0.33318138761603305,0.11461383454591717,0.022656547820335771,1.9914560699438172e-35,3.7303999515009673e-13,2.1554218546218921e-10,2.7309758795786006e-21,4.4786774197676771e-14,1.3535207325445901e-12,2.9728171208599157e-07,1.6576791662696427e-22,7.8269171540886641e-11,1.1666538791785957e-15,7.1223964212017795e-16,3.9729249984160438e-21,3.898145859313459e-29,1.3234701321397045e-12,5.1148770778580261e-18,0.0040558291649978716,0.0003300396276039532,4.9847643004651474e-09,1.2526745883314447e-11,3.0179169291119617e-07,1.3360187040720278e-16,2.3806067918021531e-12,5.1127708539447527e-11
1.7537130493563625e-08,0.11640260799999998,0.8585084662769803,0.0,0.0,0.33315535878085595,0.11459134013636847,0.022654780616175717,2.1441696526119376e-35,3.8747096970474739e-13,2.249937954147066e-10,2.8342752813797582e-21,4.6070001429991961e-14,1.3902840783797898e-12,3.0237131367086023e-07,1.7782554721816419e-22,7.9786670516068013e-11,1.2185570941188011e-15,7.4426065235150006e-16,4.1786325621800668e-21,4.2091055222398689e-29,1.3591070804089348e-12,5.3953672626608901e-18,0.0040783184439661183,0.00033357403373437467,5.0248220746139179e-09,1.2866284158660058e-11,3.0690126276586612e-07,1.3740464330934967e-16,2.4919200803754132e-12,5.2009344448857306e-11
1.7725629846363328e-08,0.11640260799999998,0.8585084662769803,0.0,0.0,0.33312962496008491,0.11456913991585686,0.022653013824364781,2.3068750056456121e-35,4.0232555966570973e-13,2.3476446243976321e-10,2.9403897853242407e-21,4.7381065826429977e-14,1.4276709686410154e-12,3.0749990104176114e-07,1.9063151602046139e-22,8.1322665127768415e-11,1.2722414090768922e-15,7.7740868004521621e-16,4.3929979859884309e-21,4.5416623423001298e-29,1.3953376871180801e-12,5.688274752511611e-18,0.0041005134948924899,0.0003371076151456104,5.064891427112127e-09,1.3211716346093712e-11,3.1204916603411752e-07,1.4128141698793867e-16,2.6072479262051216e-12,5.2897695247216374e-11
1.791412919916303e-08,0.11640260799999998,0.8585084662769803,0.0,0.0,0.33310418230570271,0.11454723004275835,0.022651247441698538,2.4801172279843564e-35,4.1761266204318057e-13,2.4486188179934341e-10,3.0493681461276175e-21,4.872042038980969e-14,1.4656860850774151e-12,3.1266746143876313e-07,2.0422457480777001e-22,8.2877275931367203e-11,1.327750731827345e-15,8.1171279635566892e-16,4.6163053939772436e-21,4.8971014635367796e-29,1.4321661516335332e-12,5.9940236492964999e-18,0.0041224181594135441,0.00034064037824642508,5.1049725839168316e-09,1.3563089433877897e-11,3.172353744012006e-07,1.4523306171830546e-16,2.7266939574011842e-12,5.3792757075001349e-11
1.8102628551962734e-08,0.11640260799999998,0.8585084662769803,0.0,0.0,0.33307902701998482,0.11452560672565715,0.022649481465014835,2.6644654561713277e-35,4.3334130087308585e-13,2.5529386374344198e-10,3.1612595350420574e-21,5.0088523547435988e-14,1.5043341067997603e-12,3.1787398234557326e-07,2.1864509957953921e-22,8.4450623018583201e-11,1.385129653859243e-15,8.4720255992867797e-16,4.8488457114155304e-21,5.2767721813903708e-29,1.4695966675028245e-12,6.3130484632552285e-18,0.0041440362289573698,0.00034417232936108936,5.1450657661177294e-09,1.3920450349240661e-11,3.2245985955816603e-07,1.492604542237411e-16,2.8503634639751716e-12,5.4694526117740574e-11
1.8291127904762437e-08,0.11640260799999998,0.8585084662769803,0.0,0.0,0.33305415535484134,0.11450426622268817,0.022647715891193184,2.8605136844770501e-35,4.4952062851487914e-13,2.660683342077148e-10,3.2761135412663295e-21,5.148583919023403e-14,1.5436197103107004e-12,3.2311945148427544e-07,2.3393514330284298e-22,8.6042826018916429e-11,1.4444234552864019e-15,8.8390802088421009e-16,5.0909167695445021e-21,5.682090552268849e-29,1.5076334224884275e-12,6.6457942743836765e-18,0.004165371445401053,0.00034770347473051411,5.1851711900263175e-09,1.4283845959272672e-11,3.27722593195269e-07,1.5336447773351579e-16,2.9783634088901117e-12,5.5602998605047488e-11
1.847962725756214e-08,0.11640260799999998,0.8585084662769803,0.0,0.0,0.33302956361116637,0.11448320484088841,0.022645950717154219,3.0688816053153225e-35,4.6615992695706466e-13,2.7719333550790742e-10,3.3939801733827123e-21,5.291283671184721e-14,1.5835475695343708e-12,3.2840385681016659e-07,2.5013848989313752e-22,8.7654004101054109e-11,1.5056781097559818e-15,9.2185972478494745e-16,5.3428234111774753e-21,6.1145420860340574e-29,1.5462805986008744e-12,6.9927168949916226e-18,0.0041864275017195213,0.00035123382051336743,5.225289067263558e-09,1.4653323067479903e-11,3.3302354699548119e-07,1.5754602206403584e-16,3.1108024390650829e-12,5.6518170809672152e-11
1.8668126610361843e-08,0.11640260799999998,0.8585084662769803,0.0,0.0,0.33300524813819754,0.1144624189355563,0.02264418593985915,3.2902154702817458e-35,4.8326860913111412e-13,2.886770270310307e-10,3.5149098608209004e-21,5.4369991047699467e-14,1.6241223558453557e-12,3.3372718650668841e-07,2.6730070945225582e-22,8.9284275974242372e-11,1.5689402893556063e-15,9.6108871659753508e-16,5.6048775970601925e-21,6.5756845233288206e-29,1.5855423721311984e-12,7.3542830334148815e-18,0.004207208042625846,0.00035476337278717804,5.2654196048460559e-09,1.5028928415499704e-11,3.3836269262809806e-07,1.6180598370112271e-16,3.2477908963341257e-12,5.7440039046570502e-11
1.8856625963161546e-08,0.11640260799999998,0.8585084662769803,0.0,0.0,0.33298120533288206,0.11444190490962022,0.022642421556309206,3.5251889721485141e-35,5.0085622023702284e-13,3.0052768592324856e-10,3.6389534553490718e-21,5.5857782714023082e-14,1.6653487380970247e-12,3.3908942898045391e-07,2.8546921478233452e-22,9.093375988962358e-11,1.6342573695189914e-15,1.0016265446769864e-15,5.877398512991277e-21,7.0671506996968798e-29,1.6254229136827243e-12,7.7309704588816219e-18,0.0042277166652031281,0.00035829213754942261,5.3055630052704732e-09,1.5410708685370268e-11,3.4374000174244469e-07,1.6614526585140334e-16,3.3894408283590078e-12,5.8368599671991074e-11
1.904512531596125e-08,0.11640260799999998,0.8585084662769803,0.0,0.0,0.33295743163925279,0.11442165921301459,0.022640657563545111,3.7745041481523602e-35,5.1893243907618133e-13,3.1275370777444902e-10,3.7661622325922292e-21,5.7376697846852783e-14,1.7072313826492525e-12,3.4449057285636618e-07,3.0469331919450508e-22,9.2602573641539984e-11,1.7016774339300927e-15,1.0435052647347583e-15,6.16071267770252e-21,7.590651498476866e-29,1.6659263882022076e-12,8.1232681675324234e-18,0.0042479569195280854,0.00036182012071859788,5.3457194665966166e-09,1.5798710494539246e-11,3.4915544596168678e-07,1.7056477852573119e-16,3.535865999495344e-12,5.9303849082578743e-11
1.923362466876095e-08,0.11640260799999998,0.8585084662769803,0.0,0.0,0.33293392354781143,0.11440167834206462,0.022638893958646555,4.0388923049158479e-35,5.375070793912841e-13,3.253636072994637e-10,3.8965878935779481e-21,5.892722824098705e-14,1.7497749533955342e-12,3.4993060697282775e-07,3.2502429563130545e-22,9.429083456880463e-11,1.7712492794257768e-15,1.0867574437884828e-15,6.4551540514987567e-21,8.1479788944806652e-29,1.7070569550103354e-12,8.5316765495937782e-18,0.0042679323092864483,0.00036534732813527977,5.3858891825291312e-09,1.6192980397171791e-11,3.5460899687673287e-07,1.7506543863095109e-16,3.687181901611599e-12,6.0245783714495608e-11
1.9422124021560655e-08,0.11640260799999998,0.8585084662769803,0.0,0.0,0.33291067759492055,0.11438195883887908,0.022637130738731654,4.3191149653454901e-35,5.5659009121920669e-13,3.3836601901590234e-10,4.0302825663096776e-21,6.0509871388917543e-14,1.7929841117895064e-12,3.5540952037703955e-07,3.4651543712190307e-22,9.5998659555939507e-11,1.8430224208970249e-15,1.1314161641478246e-15,6.7610641456570281e-21,8.7410090904959484e-29,1.7488187678316107e-12,8.9567075577047004e-18,0.0042876462923802728,0.00036887376556316579,5.4260723424974818e-09,1.6593564888700083e-11,3.6010062604022527e-07,1.7964817001165084e-16,3.8435057648604637e-12,6.1194400042557865e-11
1.9610623374360357e-08,0.11640260799999998,0.8585084662769803,0.0,0.0,0.3328876903622025,0.11436249729075075,0.022635367900956448,4.6159648378535409e-35,5.7619156225114393e-13,3.5176969791856943e-10,4.1672988073677195e-21,6.212513051972729e-14,1.8368635168708877e-12,3.6092730232038772e-07,3.6922211858934898e-22,9.7726165034382083e-11,1.9170470961886607e-15,1.1775150273850501e-15,7.0787921325847577e-21,9.3717057486821222e-29,1.7912159748236233e-12,9.3988848763960592e-18,0.0043071022815272591,0.00037239943869010511,5.4662691317346069e-09,1.7000510399017604e-11,3.656303049606384e-07,1.8431390353376876e-16,4.0049565684021101e-12,6.2149694579389371e-11
1.979912272716006e-08,0.11640260799999998,0.8585084662769803,0.0,0.0,0.33286495847594771,0.11434329032956522,0.022633605442514412,4.9302668082536584e-35,5.9632171919746039e-13,3.6558352015043221e-10,4.3076896035380138e-21,6.3773514637958416e-14,1.8814178252908463e-12,3.6648394225391537e-07,3.9320186002921036e-22,9.947346698366026e-11,1.9933742709976214e-15,1.2250881582679337e-15,7.4086949567366385e-21,1.0042123318958851e-28,1.8342527186057151e-12,9.8587440927223101e-18,0.0043263036448522117,0.00037592435312911376,5.5064797313544636e-09,1.7413863292463e-11,3.711980050964599e-07,1.8906357719184227e-16,4.1716550510788212e-12,6.3111663874590805e-11
1.9987622079959763e-08,0.11640260799999998,0.8585084662769803,0.0,0.0,0.33284247860652977,0.11432433463121711,0.022631843360635923,5.2628789546840655e-35,6.1699092916731493e-13,3.7981648367009866e-10,4.4515083734688754e-21,6.5455538562450733e-14,1.9266516913368052e-12,3.7207942982388049e-07,4.1851439107906403e-22,1.0124068093253665e-10,2.0720556437697513e-15,1.2741702087454916e-15,7.7511374462899761e-21,1.0754410466516111e-28,1.8779331362870653e-12,1.0336832868045316e-17,0.0043452537064707355,0.00037944851441937613,5.5467043184277651e-09,1.7833669875903415e-11,3.768036978504556e-07,1.9389813613798843e-16,4.3437237220404759e-12,6.4080304513924776e-11
2.0176121432759466e-08,0.11640260799999998,0.8585084662769803,0.0,0.0,0.33282024746782801,0.11430562691503392,0.022630081652587772,5.614693585915253e-35,6.3820970105631832e-13,3.9447770891577813e-10,4.5988089693558236e-21,6.7171722965150894e-14,1.9725697669567019e-12,3.7771375486739554e-07,4.4522171699845803e-22,1.0302792196012251e-10,2.1531436505951437e-15,1.324796361926891e-15,8.1064924255781382e-21,1.1510813600605074e-28,1.9222613594941936e-12,1.0833711110969828e-17,0.0043639557470652526,0.00038297192802723261,5.5869430660564243e-09,1.825997639009583e-11,3.8244735456403762e-07,1.9881853276099965e-16,4.521286871320383e-12,6.505561311851597e-11
2.036462078555917e-08,0.11640260799999998,0.8585084662769803,0.0,0.0,0.33279826181665895,0.11428716394320781,0.0226283203156727,5.9866383034027773e-35,6.5998868693511738e-13,4.09576439465689e-10,4.7496456786546312e-21,6.8922594409893576e-14,2.0191767017827071e-12,3.8338690740814881e-07,4.7338818607908079e-22,1.0483530469696187e-10,2.2366914701019952e-15,1.3770023359909971e-15,8.4751408282818625e-21,1.2313680506799348e-28,1.9672415143978909e-12,1.1349951151430363e-17,0.0043824130044534566,0.00038649459934715408,5.6271961434471887e-09,1.8692829006730275e-11,3.881289465117175e-07,2.0382572681771924e-16,4.7044705803609224e-12,6.6037586344066565e-11
2.0553120138358872e-08,0.11640260799999998,0.8585084662769803,0.0,0.0,0.33277651845221318,0.1142689425202344,0.022626559347228892,6.3796770874491443e-35,6.8233868345486269e-13,4.2512204269487349e-10,4.9040732258227213e-21,7.0708685391155644e-14,2.0664771431544094e-12,3.8909887765220649e-07,5.0308055850500911e-22,1.0666294332608635e-10,2.3227530283490044e-15,1.4308243881676568e-15,8.8574718113780908e-21,1.316546408494684e-28,2.0128777217395991e-12,1.1886137915929124e-17,0.0044006286741493112,0.00039001653370270304,5.6674637159834051e-09,1.9132273841653598e-11,3.9384844489562656e-07,2.0892068544694105e-16,4.8934027324884928e-12,6.7026220880086311e-11
2.0741619491158575e-08,0.11640260799999998,0.8585084662769803,0.0,0.0,0.33275501421550191,0.11425095949235929,0.022624798744629523,6.7948114078423843e-35,7.0527063326316883e-13,4.4112401042838748e-10,5.0621467740890844e-21,7.2530534372782582e-14,2.114475736141488e-12,3.9484965598389276e-07,5.3436807668302825e-22,1.0851095158404131e-10,2.411383003716291e-15,1.4862993187350123e-15,9.2538828698460225e-21,1.4068726195063069e-28,2.059174096857254e-12,1.2442869103924548e-17,0.0044186059099166801,0.00039353773634748164,5.707745945295353e-09,1.9578356944954953e-11,3.9960582084014439e-07,2.1410438323514132e-16,5.0882130233372195e-12,6.8021513449137413e-11
2.0930118843958278e-08,0.11640260799999998,0.8585084662769803,0.0,0.0,0.33273374598880917,0.11423321174703166,0.022623038505282279,7.2330813593424744e-35,7.2879562641511032e-13,4.5759195959083554e-10,5.2239219272528155e-21,7.4388685826689363e-14,2.1631771235658672e-12,4.0063923296174687e-07,5.6732253706315844e-22,1.1037944276188367e-10,2.5026368317948279e-15,1.5434644748985921e-15,9.6647799521301e-21,1.5026141613447945e-28,2.1061347497105647e-12,1.3020755365370219e-17,0.0044363478243156776,0.00039705821246606719,5.7480429893302726e-09,2.0031124292425349e-11,4.0540104538661124e-07,2.1937780238348559e-16,5.2890329712208721e-12,6.902346080609325e-11
2.111861819675798e-08,0.11640260799999998,0.8585084662769803,0.0,0.0,0.33271271069515157,0.11421569621236508,0.022621278626628886,7.6955668223903094e-35,7.5292490180300926e-13,4.7453563285220516e-10,5.3894547315104347e-21,7.6283690271536004e-14,2.2125859460233814e-12,4.0646759931455711e-07,6.0201836346964012e-22,1.1226852970615186e-10,2.5965707102743944e-15,1.6023577547585769e-15,1.009057757635958e-20,1.6040502101339035e-28,2.1537637849057908e-12,1.3620420479403757e-17,0.00445385748924186,0.00040057796717493351,5.788355002420405e-09,2.0490621805773619e-11,4.1123408948809196e-07,2.2474193270688831e-16,5.4959959274524864e-12,7.0032059737411685e-11
2.1307117549557684e-08,0.11640260799999998,0.8585084662769803,0.0,0.0,0.33269190529774539,0.11419840985660536,0.022619519106144671,8.1833886494176747e-35,7.7766984860220428e-13,4.9196489926996651e-10,5.5588016773121276e-21,7.8216104311377019e-14,2.2627068419049374e-12,4.1233474593746763e-07,6.3853268196276615e-22,1.1417832481980843e-10,2.6932416038300318e-15,1.6630176113413915e-15,1.0531698947324365e-20,1.7114720588445853e-28,2.2020653017200076e-12,1.4242501534185339e-17,0.0044711379364583389,0.00040409700552336238,5.8286821353493021e-09,2.0956895343103699e-11,4.1710492400425048e-07,2.3019777167152953e-16,5.7092370866111047e-12,7.1047307060421426e-11
2.1495616902357387e-08,0.11640260799999998,0.8585084662769803,0.0,0.0,0.33267132679948103,0.11418134968760552,0.022617759941338109,8.6977098771402951e-35,8.0304200770324792e-13,5.0988975492741317e-10,5.7320197012470443e-21,8.018649067428725e-14,2.3135444474172085e-12,4.1824066388816036e-07,6.7694539725207671e-22,1.1610894006315602e-10,2.7927072490070013e-15,1.7254830564424685e-15,1.0988576074206823e-20,1.8251835473741141e-28,2.2510433941248314e-12,1.4887649107885489e-17,0.0044881921581208951,0.00040761533249433974,5.8690245354184749e-09,2.1429990680741444e-11,4.2301351969631421e-07,2.3574632461137601e-16,5.9288934967551201e-12,7.2069199622622672e-11
2.168411625515709e-08,0.11640260799999998,0.8585084662769803,0.0,0.0,0.33265097224240314,0.1141645127523075,0.022616001129750391,9.2397369652196967e-35,8.2905307316335475e-13,5.2832032356819367e-10,5.9091661879577895e-21,8.2195418250964028e-14,2.3651033966028416e-12,4.241853443831069e-07,7.1733927068156178e-22,1.1806048695472655e-10,2.8950261591042227e-15,1.7897936645608009e-15,1.1461649889069195e-20,1.9455015045916975e-28,2.3007021508096746e-12,1.555652745082181e-17,0.0045050231072962209,0.00041113295300544179,5.9093823465120611e-09,2.1909953542203379e-11,4.2895984722206835e-07,2.4138860471792126e-16,6.1551040695816607e-12,7.3097734301000396e-11
2.1872615607956793e-08,0.11640260799999998,0.8585084662769803,0.0,0.0,0.33263083870719867,0.11414789613623079,0.022614242668954964,9.8107210616835171e-35,8.5571489368443704e-13,5.4726685722699413e-10,6.0902989720842719e-21,8.4243462133305134e-14,2.4173883213602198e-12,4.3016877879389207e-07,7.5979999980764374e-22,1.2003307657214487e-10,3.0002576290562115e-15,1.8559895769879118e-15,1.1951370366096289e-20,2.0727562025945528e-28,2.3510456552045232e-12,1.6249814668744288e-17,0.004521633698473344,0.00041464987190970834,5.9497557091591114e-09,2.239682959267456e-11,4.3494387713096128e-07,2.4712563302679365e-16,6.3880095905314329e-12,7.4132908001350972e-11
2.2061114960756495e-08,0.11640260799999998,0.8585084662769803,0.0,0.0,0.33261092331269143,0.11413149696296759,0.022612484556557119,1.0411959295497553e-34,8.8303947406585534e-13,5.6673973685635801e-10,6.2754763402370223e-21,8.6331203652963838e-14,2.4704038514627504e-12,4.3619095864360668e-07,8.0441629959084239e-22,1.2202681955296636e-10,3.1084617403134642e-15,1.9241115056135056e-15,1.2458196641593127e-20,2.2072918234216309e-28,2.4020779855022003e-12,1.6968202907268796e-17,0.0045380268080683506,0.0004181660939965037,5.9901447605970423e-09,2.2890664405379905e-11,4.409655798593161e-07,2.5295843869832296e-16,6.6277527288385048e-12,7.5174717657621679e-11
2.22496143135562e-08,0.11640260799999998,0.8585084662769803,0.0,0.0,0.33259122321534318,0.11411531239368486,0.022610726790193547,1.1044796096686692e-34,9.1103897667299393e-13,5.8674947294958584e-10,6.4647570330001503e-21,8.8459230419882863e-14,2.5241546145777227e-12,4.422518756033078e-07,8.512799852221532e-22,1.2404182609549027e-10,3.2196993657213162e-15,1.9942007367937926e-15,1.2982597134737184e-20,2.3494669384754332e-28,2.4538032146801627e-12,1.7712398537458465e-17,0.0045542052749224854,0.00042168162399236725,6.0305496348333903e-09,2.3391503500237454e-11,4.470249257255443e-07,2.5888805901255101e-16,6.8744780475244371e-12,7.6223160231262456e-11
2.24381136663559e-08,0.11640260799999998,0.8585084662769803,0.0,0.0,0.33257173560876074,0.11409933962663275,0.022608969367531945,1.1710624544405808e-34,9.3972572295106154e-13,6.0730670615966953e-10,6.6582002469640635e-21,9.0628136360805069e-14,2.5786452362847237e-12,4.4835152148854592e-07,9.0048605660530058e-22,1.2607820595954728e-10,3.3340321743972474e-15,2.0662991355285579e-15,1.3525049669084863e-20,2.4996550009056023e-28,2.5062254105218938e-12,1.8483122342552554e-17,0.0045701719007937057,0.00042519646656185135,6.0709704627039779e-09,2.3899392349091581e-11,4.5312188492546362e-07,2.649155392732107e-16,7.1283320133362062e-12,7.7278232710590246e-11
2.2626613019155604e-08,0.11640260799999998,0.8585084662769803,0.0,0.0,0.33255245772321046,0.11408357589665929,0.022607212286270592,1.24108877433656e-34,9.6911219489923655e-13,6.2842220791425613e-10,6.855865636788124e-21,9.2838521757761882e-14,2.6338803400936186e-12,4.5448988825595891e-07,9.5213278451615038e-22,1.2813606846726408e-10,3.4515226366066127e-15,2.1404491492412957e-15,1.4086041594831874e-20,2.658244851211244e-28,2.5593486356377693e-12,1.9281109705842427e-17,0.0045859294508418021,0.00042871062630834834,6.1114073719332805e-09,2.4414376318833257e-11,4.5925642752775479e-07,2.7104193316390752e-16,7.3894630066273355e-12,7.8339932110165398e-11
2.2815112371955307e-08,0.11640260799999998,0.8585084662769803,0.0,0.0,0.33253338682513883,0.114068018474732,0.022605455544137933,1.3147080229022112e-34,9.992110365489153e-13,6.5010688102658594e-10,7.0578133172933409e-21,9.5090993286543367e-14,2.6898645474621245e-12,4.6066696799992829e-07,1.0063217984606947e-21,1.3021552250380325e-10,3.5722340286368043e-15,2.2166938115252766e-15,1.4666069911827108e-20,2.8256412363222504e-28,2.6131769474854851e-12,2.0107110799694302e-17,0.0046014806541071372,0.00043222410777490617,6.1518604871938789e-09,2.4936500718440204e-11,4.6542852346938574e-07,2.7726830277658708e-16,7.658021331181692e-12,7.9408255470179988e-11
2.300361172475501e-08,0.11640260799999998,0.8585084662769803,0.0,0.0,0.33251452021669875,0.11405266466746501,0.022603699138892173,1.3920749401942972e-34,1.0300350555175922e-12,6.7237176030233918e-10,7.2641038655852923e-21,9.7386164055145781e-14,2.746602477812958e-12,4.6688275294930104e-07,1.0631581762531674e-21,1.323166765180799e-10,3.6962304376698142e-15,2.2950767464447964e-15,1.5265641393339718e-20,3.002265342423198e-28,2.6677143983901283e-12,2.096189077571836e-17,0.0046168282039831315,0.00043573691544503352,6.1923299301603669e-09,2.5465810826496982e-11,4.7163814255112092e-07,2.8359571839271493e-16,7.9341592239793316e-12,8.0483199855857641e-11
2.3192111077554713e-08,0.11640260799999998,0.8585084662769803,0.0,0.0,0.33249585523528269,0.11403751181665314,0.022601943068320918,1.4733496991767197e-34,1.0615972245083751e-12,6.9522801314240446e-10,7.4747983232073758e-21,9.9724653642196787e-14,2.8040987485505835e-12,4.7313723546417187e-07,1.1227505353359401e-21,1.344396385234558e-10,3.8235767666531924e-15,2.3756421723263734e-15,1.5885272710578923e-20,3.1885553417867139e-28,2.7229650355637427e-12,2.1846229956083905e-17,0.0046319747586825123,0.0004392490537434929,6.232815819566497e-09,2.6002351801558167e-11,4.7788525443322219e-07,2.9002525891770445e-16,8.2180308649038519e-12,8.1564762356865203e-11
2.3380610430354416e-08,0.11640260799999998,0.8585084662769803,0.0,0.0,0.33247738925306197,0.11402255729881161,0.022600187330240721,1.5586980551179459e-34,1.0939106827862026e-12,7.1868694014152134e-10,7.6899581983245965e-21,1.021070881353654e-13,2.8623579750775675e-12,4.7943040803272734e-07,1.1852111258630196e-21,1.3658451609841012e-10,3.9543387391693844e-15,2.4584349052947124e-15,1.6525490557966285e-20,3.3849669538866012e-28,2.7789329011244367e-12,2.2760924025980121e-17,0.0046469229416974921,0.00044276052703708454,6.2733182712632218e-09,2.6546168731633832e-11,4.8416982863108019e-07,2.9655801198881152e-16,8.5097923863906474e-12,8.2652940086735262e-11
2.356910978315412e-08,0.11640260799999998,0.8585084662769803,0.0,0.0,0.33245911967653125,0.11400779852472183,0.022598431922496748,1.6482914980323932e-34,1.1269887377760145e-12,7.4275997568269669e-10,7.9096454679379512e-21,1.045341001697504e-13,2.9213847708105388e-12,4.8576226326815028e-07,1.2506559255690585e-21,1.3875141638718887e-10,4.088582904303421e-15,2.5435003637316785e-15,1.7186831779159941e-20,3.5919740210643362e-28,2.8356220321152169e-12,2.3706784227222083e-17,0.0046616753422538699,0.00044627133963541835,6.3138373982682128e-09,2.7097306702310724e-11,4.9049183451088837e-07,3.0319507358879443e-16,8.8096018830154838e-12,8.3747730182299934e-11
2.3757609135953822e-08,0.11640260799999998,0.8585084662769803,0.0,0.0,0.33244104394606044,0.11399323293898342,0.022596676842962387,1.7423074082087117e-34,1.1608448665974316e-12,7.6745868852743447e-10,8.1339225801296662e-21,1.07006328966245e-13,2.9811837471957686e-12,4.9213279390558195e-07,1.3192047364459447e-21,1.4094044610043164e-10,4.2263766415089825e-15,2.6308845721604615e-15,1.7869843493830519e-20,3.8100690990259925e-28,2.8930364605223371e-12,2.4684637553001633e-17,0.0046762345157592118,0.00044978149579167595,6.3543733108192718e-09,2.7655810664386663e-11,4.9685124128558627e-07,3.0993754854408271e-16,9.117619421022833e-12,8.484912980313564e-11
2.3946108488753525e-08,0.11640260799999998,0.8585084662769803,0.0,0.0,0.33242315953545104,0.1139788580195718,0.022594922089538845,1.8409292148682705e-34,1.1954927175216351e-12,7.9279478240174228e-10,8.3628524563393238e-21,1.0952442036988974e-13,3.0417595137243786e-12,4.9854199279914302e-07,1.390981283249146e-21,1.4315171151577736e-10,4.3677881654727465e-15,2.7206341644424637e-15,1.8575083225188265e-20,4.0397640624500107e-28,2.9511802132931326e-12,2.5695326943782749e-17,0.0046906029842451293,0.00045329099970336265,6.3949261164321868e-09,2.8221725471343583e-11,5.0324801801070758e-07,3.1678655077744845e-16,9.4340070477933354e-12,8.5957136131018333e-11
2.4134607841553228e-08,0.11640260799999998,0.8585084662769803,0.0,0.0,0.33240546395149895,0.11396467127740176,0.022593167660154817,1.94434655799764e-34,1.2309461116155649e-12,8.1878009657777872e-10,8.5964984936711056e-21,1.1208902688820589e-13,3.1031166779471737e-12,5.0498985291901112e-07,1.4661133138561187e-21,1.4538531847844907e-10,4.5128865309770923e-15,2.8127963884067145e-15,1.930311902826102e-20,4.2815907259897176e-28,3.0100573123536967e-12,2.6739711484340941e-17,0.0047047832368037759,0.000456799855513049,6.4354959199458387e-09,2.8795096015289764e-11,5.0968213358017877e-07,3.237432027138048e-16,9.7589288012498643e-12,8.7071746369389215e-11
2.432310719435293e-08,0.11640260799999998,0.8585084662769803,0.0,0.0,0.33238795473356358,0.11395067025589663,0.022591413552766077,2.0527554533992705e-34,1.2672190443316029e-12,8.4542660645118583e-10,8.8349245672322839e-21,1.147008077295016e-13,3.1652598454891277e-12,5.1147636734855356e-07,1.5447327014992248e-21,1.4764137240181775e-10,4.6617416377610743e-15,2.907419109984715e-15,2.0054529618922567e-20,4.5361014809579207e-28,3.0696717746260865e-12,2.7818666601946387e-17,0.0047187777300186119,0.00046030806730910218,6.476082823570803e-09,2.9375967044495109e-11,5.1615355672250725e-07,3.3080863580175237e-16,1.0092550719201492e-11,8.8192957742830823e-11
2.4511606547152633e-08,0.11640260799999998,0.8585084662769803,0.0,0.0,0.33237062945314111,0.11393685253056321,0.022589659765355152,2.1663584610049726e-34,1.3043256869212118e-12,8.7274642411412804e-10,9.0781950325030738e-21,1.1736042884117017e-13,3.2281936200635015e-12,5.1800152928151584e-07,1.6269755488957081e-21,1.4991997826794578e-10,4.814424235379677e-15,3.0045508158930061e-15,2.082990450367112e-20,4.8038699479843461e-28,3.1300276120449456e-12,2.8933084265690283e-17,0.0047325888883895202,0.00046381563912640817,6.5166869269485757e-09,2.9964383160073558e-11,5.2266225599686193e-07,3.3798399099085495e-16,1.0435040848624916e-11,8.9320767496553231e-11
2.4700105899952336e-08,0.11640260799999998,0.8585084662769803,0.0,0.0,0.33235348571344486,0.11392321570857226,0.022587906295930962,2.285364856497242e-34,1.3422803881196971e-12,9.0075179892382093e-10,9.326374727738051e-21,1.2006856294797241e-13,3.2919226034856263e-12,5.2456533201926349e-07,1.7129822942974335e-21,1.5222124062811041e-10,4.9710059280613383e-15,3.1042406183887351e-15,2.1629844110157262e-20,5.0854916459402722e-28,3.1911288315740632e-12,3.0083873186954152e-17,0.0047462191047523538,0.00046732257494708289,6.5573083271927531e-09,3.0560389057455249e-11,5.2920819978895596e-07,3.4527041790860684e-16,1.0786569254882598e-11,9.0455172895890081e-11
2.488860525275204e-08,0.11640260799999998,0.8585084662769803,0.0,0.0,0.33233652114899037,0.11390975742834442,0.022586153142528449,2.4099908062840286e-34,1.3810976758267219e-12,9.2945511806661017e-10,9.5795289763992397e-21,1.2282588959028616e-13,3.3564513956863398e-12,5.3116776896807656e-07,1.8028978194831993e-21,1.5454526360330796e-10,5.13155917956369e-15,3.2065382599311705e-15,2.2454959918461138e-20,5.3815846774281057e-28,3.2529794352225543e-12,3.1271959021021483e-17,0.0047596707406929875,0.00047082887870117531,6.5979471189306771e-09,3.1164029295216739e-11,5.3579135630746354e-07,3.5266907533452232e-16,1.1147308030877137e-11,9.1596171225804415e-11
2.5077104605551742e-08,0.11640260799999998,0.8585084662769803,0.0,0.0,0.33231973342518628,0.11389647535914157,0.022584400303208237,2.5404595458727795e-34,1.4207922584468658e-12,9.5886890711770107e-10,9.8377235896210496e-21,1.2563309516235088e-13,3.4217845947250909e-12,5.3780883363649552e-07,1.8968715597165567e-21,1.5689215088473817e-10,5.2961573180275481e-15,3.3114941151356653e-15,2.3305874593118359e-20,5.6927904311372687e-28,3.3155834200602945e-12,3.2498284569831583e-17,0.0047729461269559277,0.00047433455426736017,6.6386033943660133e-09,3.177534819977119e-11,5.4241169358038237e-07,3.6018113197933145e-16,1.1517431306141197e-11,9.2743759790404149e-11
2.5265603958351445e-08,0.11640260799999998,0.8585084662769803,0.0,0.0,0.33230312023792985,0.11388336720066358,0.022582647776056307,2.6770015616902003e-34,1.4613790265934817e-12,9.8900583059623273e-10,1.0101024868707203e-20,1.2849087295050414e-13,3.4879267968027218e-12,5.4448851963271995e-07,1.9950576156922328e-21,1.5926200573426992e-10,5.4648745408290762e-15,3.4191591954896478e-15,2.4183222115894233e-20,6.0197743013712482e-28,3.3789447782334018e-12,3.3763809985874863e-17,0.0047860475638475813,0.00047783960547362119,6.6792772433173795e-09,3.2394390260270355e-11,5.4906917945094315e-07,3.6780776545093702e-16,1.1897115255862427e-11,9.3897935912466718e-11
2.5454103311151148e-08,0.11640260799999998,0.8585084662769803,0.0,0.0,0.33228667931320904,0.11387043068265042,0.022580895559183637,2.8198547763946684e-34,1.5028730549196536e-12,1.0198786925157261e-09,1.0369499607659787e-20,1.3139992317137572e-13,3.5548825962739235e-12,5.5120682066205406e-07,2.097614867494319e-21,1.6165493098488815e-10,5.6377859194301415e-15,3.5295851549883938e-15,2.5087647919305822e-20,6.3632264250542999e-28,3.4430674969795156e-12,3.5069512977229519e-17,0.0047989773216342351,0.00048134403609792562,6.7199687532495211e-09,3.3021199869944622e-11,5.5576378157422327e-07,3.7555016258881265e-16,1.2286538109842786e-11,9.5058696932972918e-11
2.564260266395085e-08,0.11640260799999998,0.8585084662769803,0.0,0.0,0.33227040840670846,0.1138576635644892,0.022579143650725907,2.9692647377285172e-34,1.5452896033541917e-12,1.0515004369301698e-09,1.0643215095740625e-20,1.3436095301007742e-13,3.622656585659378e-12,5.5796373052440575e-07,2.2047070905895752e-21,1.6407102904112267e-10,5.8149674042268362e-15,3.6428242911419767e-15,2.6019809020891426e-20,6.7238624365297743e-28,3.5079555586420678e-12,3.6416389013738818e-17,0.0048117376409348121,0.00048484784986889011,6.7606780093412531e-09,3.3655821054811709e-11,5.6249546741386875e-07,3.8340952058441177e-16,1.2685880161391636e-11,9.6226040210650282e-11
2.5831102016750554e-08,0.11640260799999998,0.8585084662769803,0.0,0.0,0.33225430530342148,0.11384506363482684,0.022577392048843105,3.1254848109579413e-34,1.5886441187723074e-12,1.0838841484753075e-09,1.0922239120065073e-20,1.3737467665840039e-13,3.6912533556576031e-12,5.6475924311182999e-07,2.3165030738792768e-21,1.6651040187945891e-10,5.996495829396128e-15,3.7589295492582094e-15,2.6980374158227018e-20,7.1024242404657956e-28,3.5736129406846993e-12,3.7805451534328795e-17,0.0048243307331084914,0.00048835105046643565,6.8014050945247741e-09,3.4298298075485362e-11,5.6926420423797386e-07,3.9138704580865838e-16,1.309532377615202e-11,9.7399963121524819e-11
2.6019601369550257e-08,0.11640260799999998,0.8585084662769803,0.0,0.0,0.33223836781726673,0.11383262871118724,0.022575640751719268,3.2887763749489564e-34,1.6329522370690582e-12,1.1170430529050695e-09,1.1206639968228411e-20,1.4044181535295463e-13,3.7606774951564757e-12,5.7159335240612083e-07,2.4331767398331931e-21,1.6897315104873074e-10,6.1824489177406317e-15,3.8779545297287326e-15,2.7970023924689155e-20,7.4996808031874692e-28,3.6400436157057776e-12,3.923773215546588e-17,0.0048367587806372424,0.00049185364152243651,6.8421500895009075e-09,3.4948675200332692e-11,5.7606995911581879e-07,3.9948395393243056e-16,1.351505340085951e-11,9.8580463058481604e-11
2.620810072234996e-08,0.11640260799999998,0.8585084662769803,0.0,0.0,0.33222259379071034,0.11382035663959401,0.022573889757562141,3.4594090219279863e-34,1.6782297842693864e-12,1.1509905176236693e-09,1.1496486430965002e-20,1.4356309741330171e-13,3.8309335912444788e-12,5.7846605247645131e-07,2.5549072667293813e-21,1.7145937767049634e-10,6.3729052855314853e-15,3.9999534879545689e-15,2.8989450905963996e-20,7.9164289627586058e-28,3.7072515514515542e-12,4.0714280880753931e-17,0.0048490239375033484,0.0004953556266213574,6.8829130728138389e-09,3.5606996129787467e-11,5.8291269891507464e-07,4.0770147133134007e-16,1.3945255572033064e-11,9.9767537430834141e-11
2.6396600075149663e-08,0.11640260799999998,0.8585084662769803,0.0,0.0,0.33220698109439256,0.1138082452941977,0.022572139064602838,3.6376607609762135e-34,1.724492778059163e-12,1.1857400522127924e-09,1.1791847804840335e-20,1.4673925828011853e-13,3.9020262292216414e-12,5.85377337477057e-07,2.6818792130236314e-21,1.739691824393971e-10,6.5679444473492972e-15,4.1249813374115486e-15,3.0039359817301685e-20,8.353494258139481e-28,3.7752407108294457e-12,4.2236166311670234e-17,0.0048611283295619881,0.00049885700930088559,6.9236941208974904e-09,3.6273304851126304e-11,5.8979239029760532e-07,4.1604083389413228e-16,1.4386118924597203e-11,1.0096118366390189e-10
2.6585099427949366e-08,0.11640260799999998,0.8585084662769803,0.0,0.0,0.33219152762675924,0.11379629257690829,0.022570388671095561,3.8238182253076228e-34,1.771757430232558e-12,1.2213053089536184e-09,1.2092793894976139e-20,1.499710405532869e-13,3.9739599926102125e-12,5.9232720164496606e-07,2.8142826438725073e-21,1.7650266562349914e-10,6.7676468209231456e-15,4.2530936595317558e-15,3.112046764151606e-20,8.8117317777509298e-28,3.8440150519219905e-12,4.3804475859440173e-17,0.0048730740549089184,0.00050235779305254989,6.9644933080671e-09,3.6947645568966998e-11,5.9670899971618973e-07,4.2450328696796582e-16,1.4837834200434998e-11,1.0216139919859622e-10
2.677359878074907e-08,0.11640260799999998,0.8585084662769803,0.0,0.0,0.33217623131369878,0.1137844964170321,0.022568638575317292,4.0181768833808368e-34,1.8200401476898284e-12,1.2577000833445566e-09,1.2399395017808685e-20,1.5325919402996074e-13,4.0467394631650317e-12,5.99315639297772e-07,2.9523132598340524e-21,1.7905992706461898e-10,6.9720937319676189e-15,4.3843467026785868e-15,3.2233503767728716e-20,9.2920270277787134e-28,3.9135785279989477e-12,4.542031595804985e-17,0.0048848631842433737,0.00050585798132233748,7.0053107066000868e-09,3.7630061642300382e-11,6.0366249341238459e-07,4.3309008681944396e-16,1.5300594256871176e-11,1.0336818149101439e-10
2.696209813354877e-08,0.11640260799999998,0.8585084662769803,0.0,0.0,0.33216109010818279,0.11377285477091387,0.022566888775567482,4.2210412538951069e-34,1.8693575336341058e-12,1.2949383146140714e-09,1.2711722003880484e-20,1.5660447574270473e-13,4.1203692208836464e-12,6.0634264483145095e-07,3.0961725277703672e-21,1.8164106617863321e-10,7.1813674190178562e-15,4.518797382587058e-15,3.337921013085733e-20,9.7952968205558181e-28,3.9839350875293303e-12,4.7084812278396475e-17,0.0048964977612261703,0.00050935757751129594,7.0461463868010059e-09,3.8320596703194412e-11,6.1065283741224199e-07,4.4180249951661763e-16,1.5774594075084829e-11,1.0458152801204162e-10
2.7150597486348474e-08,0.11640260799999998,0.8585084662769803,0.0,0.0,0.33214610198991268,0.11376136562158319,0.02256513927016773,4.432725124722112e-34,1.9197263905627282e-12,1.3330340862278675e-09,1.3029846200665458e-20,1.6000764999754085e-13,4.194853844016162e-12,6.1340821271822153e-07,3.2460678139763727e-21,1.8424618195577142e-10,7.3955510382625968e-15,4.6565032960363747e-15,3.4558341351847451e-20,1.032249018336417e-27,4.0550886741949653e-12,4.8799109943575749e-17,0.0049079798028331531,0.00051285658497613113,7.0870004169594651e-09,3.9019294976669001e-11,6.176799975227701e-07,4.5064180103305056e-16,1.6260030768451001e-11,1.0580143624696073e-10
2.7339096839148177e-08,0.11640260799999998,0.8585084662769803,0.0,0.0,0.33213126496496997,0.11375002697840582,0.022563390057461531,4.6535517758251807e-34,1.9711637212487925e-12,1.3720016263918843e-09,1.3353839475427832e-20,1.6346948841193665e-13,4.2701979090748043e-12,6.2051233750444348e-07,3.4022125195592163e-21,1.8687537296089479e-10,7.6147286683751682e-15,4.7975227196028182e-15,3.5771664878647462e-20,1.0874589288000854e-27,4.1270432269017387e-12,5.0564373745306115e-17,0.0049193112997039951,0.00051635500702979745,7.1278728634317474e-09,3.9726199490808913e-11,6.2474393933067781e-07,4.5960927830339579e-16,1.6757103590810693e-11,1.0702790369506972e-10
2.752759619194788e-08,0.11640260799999998,0.8585084662769803,0.0,0.0,0.33211657706547132,0.11373883687673923,0.022561641135813972,4.8838542062175259e-34,2.0236867292756432e-12,1.4118553085505189e-09,1.3683774218114812e-20,1.6699076995292604e-13,4.3464059908432548e-12,6.2765501380856168e-07,3.564826218092882e-21,1.8952873733375846e-10,7.8389853153424367e-15,4.9419146051441626e-15,3.7019961127926155e-20,1.145261040145788e-27,4.1998026797900671e-12,5.2381788361489078e-17,0.0049304942164864361,0.00051985284694207692,7.1687637907434539e-09,4.044135338376811e-11,6.318446281981005e-07,4.6870622803101251e-16,1.7266013944668537e-11,1.0826092786930672e-10
2.7716095544747583e-08,0.11640260799999998,0.8585084662769803,0.0,0.0,0.33210203634922869,0.11372779337759327,0.022559892503611415,5.1239753650129099e-34,2.0773128227607387e-12,1.4526096518785697e-09,1.4019723344283269e-20,1.705722809751287e-13,4.4234826623857137e-12,6.348362363190899e-07,3.7341347955727131e-21,1.9220637278925927e-10,8.068406917291683e-15,5.0897385985533119e-15,3.8304023627532223e-20,1.2057604858068144e-27,4.2733709622483236e-12,5.4252558574905273e-17,0.0049415304921760035,0.00052335010794015238,7.209673261502737e-09,4.1164801004634844e-11,6.3898202925838663e-07,4.779339578789624e-16,1.7786965389317648e-11,1.0950050629588252e-10
2.7904594897547286e-08,0.11640260799999998,0.8585084662769803,0.0,0.0,0.33208764089941328,0.11371689456729445,0.022558144159261266,5.3742683866220963e-34,2.1320596155807186e-12,1.4942793217690147e-09,1.4361760298060552e-20,1.7421481525863697e-13,4.5014324950557254e-12,6.4205599979262687e-07,3.9103705926946498e-21,1.9490837661766858e-10,8.3030803493153641e-15,5.2410550401742469e-15,3.962465915969545e-20,1.2690660053474271e-27,4.3477519989234909e-12,5.6177909493045764e-17,0.004952422040451294,0.00052684679320917497,7.2506013364679937e-09,4.1896585117338043e-11,6.4615610741598537e-07,4.8729378645527057e-16,1.8320163648890955e-11,1.1074663651392022e-10
2.809309425034699e-08,0.11640260799999998,0.8585084662769803,0.0,0.0,0.33207338882422355,0.11370613855715529,0.022556396101191645,5.6350968301477209e-34,2.1879449267297083e-12,1.5368791303164928e-09,1.4709959055139581e-20,1.7791917404712271e-13,4.5802600585047521e-12,6.4931429905192202e-07,4.0937725494841379e-21,1.9763484568485131e-10,8.5430934282937561e-15,5.3959249517418509e-15,4.0982687904968801e-20,1.3352900460780586e-27,4.4229497097296757e-12,5.8159086769078164e-17,0.0049631707500048675,0.00053034290589282164,7.2915480747177953e-09,4.2636748146342349e-11,6.5336682734245247e-07,4.9678704118351902e-16,1.8865816620338488e-11,1.1199931607510191e-10
2.8281593603146692e-08,0.11640260799999998,0.8585084662769803,0.0,0.0,0.33205927825655901,0.11369552348314788,0.022554648327851146,5.9068349230328299e-34,2.2449867849229995e-12,1.5804240367935971e-09,1.5064394125808419e-20,1.8168616608585919e-13,4.6599699206905154e-12,6.56611128983975e-07,4.284586352299777e-21,2.0038587643246989e-10,8.7885349177154509e-15,5.5544100611698557e-15,4.2378943586911071e-20,1.4045488669252622e-27,4.4989680098615433e-12,6.0197356823946788e-17,0.0049737784848697857,0.00053383844909384221,7.3325135335107234e-09,4.3385334671765653e-11,6.6061415347093726e-07,5.0641506251945455e-16,1.942413438132996e-11,1.1325854254332265e-10
2.8470092955946395e-08,0.11640260799999998,0.8585084662769803,0.0,0.0,0.33204530735369708,0.11368504750558127,0.022552900837708553,6.1898678090184896e-34,2.3032034306193514e-12,1.6249291481228712e-09,1.5425140558014412e-20,1.8551660765947536e-13,4.7405666478851079e-12,6.639464845381651e-07,4.4830645832368806e-21,2.0316156487817433e-10,9.0394945324956905e-15,5.7165728085465979e-15,4.3814273617509424e-20,1.476962644593214e-27,4.5758108098049366e-12,6.2294007069606799e-17,0.004984247084741906,0.00053733342587460715,7.3734977683079694e-09,4.4142387364486135e-11,6.6789804999743488e-07,5.1617920229196938e-16,1.999532919808204e-11,1.1452431349435119e-10
2.8658592308746098e-08,0.11640260799999998,0.8585084662769803,0.0,0.0,0.33203147429697427,0.11367470880878373,0.022551153629252575,6.4845918004639992e-34,2.3626133134575081e-12,1.6704097193454721e-09,1.5792273940463125e-20,1.8941132263004102e-13,4.8220548046828718e-12,6.7132036072442852e-07,4.6894668719562832e-21,2.0596200661578017e-10,9.2960629437924749e-15,5.8824763194131947e-15,4.5289539243341237e-20,1.5526555820539728e-27,4.653482015342853e-12,6.4450346133391189e-17,0.004994578365297926,0.00054082783925764224,7.4145008330531424e-09,4.4907947609371402e-11,6.7521848087767333e-07,5.2608081815774868e-16,2.0579615533109768e-11,1.1579662651549736e-10
2.88470916615458e-08,0.11640260799999998,0.8585084662769803,0.0,0.0,0.33201777729147181,0.11366450560078867,0.022549406700991564,6.791414635086553e-34,2.4232350977127378e-12,1.7168811540814966e-09,1.6165870405752139e-20,1.9337114247514473e-13,4.904438954008047e-12,6.7873275261147252e-07,4.9040600499638073e-21,2.0878729681543072e-10,9.5583317838205225e-15,6.0521844352809178e-15,4.6805615692474994e-20,1.6317560194040942e-27,4.7319855275688225e-12,6.6667704083510966e-17,0.0050047741185092901,0.00054432169222615276,7.4555227799795813e-09,4.5682060287892733e-11,6.8257540981940314e-07,5.3612128424472424e-16,2.1177210052901444e-11,1.1707547920528615e-10
2.9035591014345504e-08,0.11640260799999998,0.8585084662769803,0.0,0.0,0.33200421456570561,0.11365443611302498,0.022547660051453287,7.1107557371785689e-34,2.4850876661569224e-12,1.7643590049854382e-09,1.6546006633540008e-20,1.9739690632547524e-13,4.9877236571222155e-12,6.8618365532500738e-07,5.1271183073659793e-21,2.1163753022374743e-10,9.8263936506629035e-15,6.2257617324215601e-15,4.83633923221092e-20,1.7143965471255713e-27,4.8113252428985284e-12,6.8947432655687071e-17,0.0050148361129519585,0.00054781498772455057,7.4965636595297178e-09,4.6464768325621877e-11,6.899688002850689e-07,5.4630198824384688e-16,2.1788331635516405e-11,1.1836086917313844e-10
2.9224090367145206e-08,0.11640260799999998,0.8585084662769803,0.0,0.0,0.33199078437131968,0.11364449860001115,0.02254591367918465,7.4430464833566248e-34,2.5481901145887316e-12,1.8128589742000355e-09,1.693275985375036e-20,2.0148946100285338e-13,5.0719134736315181e-12,6.9367306404603194e-07,5.3589233521276205e-21,2.145128011639679e-10,1.0100342113080473e-14,6.4032734748511433e-15,4.9963772766949148e-20,1.8007141217894857e-27,4.8915050530724032e-12,7.1290905480913957e-17,0.0050247660941121521,0.0005513077286589689,7.5376235208006495e-09,4.7256111619008951e-11,6.9739861549069936e-07,5.5662431682736707e-16,2.2413201378105101e-11,1.1965279403905775e-10
2.941258971994491e-08,0.11640260799999998,0.8585084662769803,0.0,0.0,0.33197748498278434,0.11363469133905377,0.022544167582751441,7.7887304729002855e-34,2.6125617576853372e-12,1.8623969138004995e-09,1.7326207849811421e-20,2.0564966105845347e-13,5.1570129614936651e-12,7.012009740091561e-07,5.5997645718571974e-21,2.1741320353607026e-10,1.0380271715318999e-14,6.5847856472839506e-15,5.1607675088320749e-20,1.8908501842411499e-27,4.9725288451685828e-12,7.3699518314354728e-17,0.0050345657846880632,0.00055479991789776292,7.578702411323377e-09,4.8056135304267291e-11,7.0486481839482755e-07,5.6708967780360729e-16,2.3052042604350941e-11,1.2095125143332377e-10
2.9601089072744612e-08,0.11640260799999998,0.8585084662769803,0.0,0.0,0.33196431469709742,0.11362501262994951,0.022542421760738087,8.1482638027426689e-34,2.6782221364887296e-12,1.912988826232383e-09,1.7726428961931113e-20,2.0987836881017146e-13,5.2430266770247356e-12,7.0876738050093077e-07,5.8499391981457762e-21,2.2033883081688454e-10,1.0666277981913989e-14,6.7703649989017357e-15,5.3296031924021091e-20,1.9849507803059059e-27,5.0544005016170794e-12,7.6174689265366362e-17,0.0050442368848876437,0.000558291558272016,7.6198003767797852e-09,4.8864883186443325e-11,7.1236737170219991e-07,5.7769949932708271e-16,2.3705080871833084e-11,1.2225623899619182e-10
2.9770738490264342e-08,0.11640260799999998,0.8585084662769803,0.0,0.0,0.33195257043330423,0.11361641031626304,0.022540850754399884,8.4840722411201844e-34,2.7384346731550116e-12,1.9594360417342033e-09,1.8092484176535438e-20,2.137434988613529e-13,5.321224450137219e-12,7.1561005702038907e-07,6.0833285388378507e-21,2.2299353958425832e-10,1.0928958914649953e-14,6.9409195866585691e-15,5.4854344376150075e-20,2.0731555078117249e-27,5.1288131215245223e-12,7.8460440575456852e-17,0.0050528323176263906,0.00056143356763991247,7.656804891537993e-09,4.9600246502404671e-11,7.1915071824716611e-07,5.8737301877356669e-16,2.4305142012080037e-11,1.2343630915440169e-10
2.994038790778407e-08,0.11640260799999998,0.8585084662769803,0.0,0.0,0.33194092817104015,0.11360790956202467,0.022539279968203832,8.8318291106342835e-34,2.799721645182857e-12,2.0067619378742742e-09,1.8464147425568151e-20,2.1766546459470207e-13,5.4001697562084532e-12,7.2248390858464314e-07,6.3247532612707693e-21,2.2566882344996349e-10,1.119671114652032e-14,7.1148728737839676e-15,5.6450133087267433e-20,2.1648068436070363e-27,5.2039184763092789e-12,8.080233669145948e-17,0.005061326159720294,0.0005645751367032854,7.6938249245478715e-09,5.034274092363949e-11,7.2596345065243019e-07,5.9716575108975156e-16,2.4917054866059118e-11,1.2462166513881893e-10
3.01100373253038e-08,0.11640260799999998,0.8585084662769803,0.0,0.0,0.33192938671445865,0.11359950917335232,0.022537709401155726,9.1918939974208359e-34,2.862097759578199e-12,2.0549784945761567e-09,1.8841476989107725e-20,2.2164491092776208e-13,5.4798659134079283e-12,7.2938893185923915e-07,6.5744470155397947e-21,2.2836474967982655e-10,1.1469606370728711e-14,7.292275014328376e-15,5.8084108836628272e-20,2.2600213200081252e-27,5.2797193866252509e-12,8.3201458782606207e-17,0.005069719605054767,0.00056771626745050771,7.7308605061825961e-09,5.1092397099063139e-11,7.3280554119215491e-07,6.0707875710024121e-16,2.5540988535303366e-11,1.2581230524875964e-10
3.026272180107156e-08,0.11640260799999998,0.8585084662769803,0.0,0.0,0.33191908461535957,0.11359203366067612,0.022536296077371568,9.5267801282180522e-34,2.9191797567834488e-12,2.099144892152151e-09,1.9185966764774597e-20,2.2527609574675356e-13,5.5522371742139055e-12,7.3563010188705623e-07,6.8064390164995073e-21,2.3080878787970946e-10,1.1719669113283644e-14,7.4549275674421283e-15,5.9587932397641858e-20,2.3488598362678155e-27,5.3485372347175597e-12,8.5410502743929215e-17,0.0050771888420592035,0.00057054291198735461,7.7642058480144153e-09,5.1773234934100013e-11,7.3898850082915678e-07,6.1610416977798499e-16,2.6112947592519414e-11,1.2688839787411744e-10
3.041540627683932e-08,0.11640260799999998,0.8585084662769803,0.0,0.0,0.33190886235954398,0.11358463763775994,0.022534882929592846,9.872209046410979e-34,2.9771669274197931e-12,2.1440513833034126e-09,1.9535136778642163e-20,2.2895484390963028e-13,5.625221728744138e-12,7.41896515934734e-07,7.0455009500430635e-21,2.3326964930117409e-10,1.1974009470859681e-14,7.6204519731123456e-15,6.1123803464988693e-20,2.4407712958630823e-27,5.4179228170541148e-12,8.766759758267519e-17,0.0050845785640419678,0.00057336920449683007,7.7975638289043604e-09,5.2459920785292889e-11,7.4519519749988298e-07,6.2522864250552869e-16,2.6694907051585389e-11,1.2796876803663514e-10
3.056809075260708e-08,0.11640260799999998,0.8585084662769803,0.0,0.0,0.33189871910413699,0.11357732026311237,0.02253346995711868,1.0228461745685297e-33,3.0360703073758364e-12,2.1897069090501088e-09,1.9889030297149916e-20,2.326816363872626e-13,5.6988219937457638e-12,7.4818817163226389e-07,7.2918149224190172e-21,2.3574738240469035e-10,1.2232681074330558e-14,7.7888858233501371e-15,6.2692261024500695e-20,2.5358477358306636e-27,5.4878781836028827e-12,8.9973563413660337e-17,0.0050918896124967847,0.00057619514638068811,7.8309344690992948e-09,5.3152478543202452e-11,7.5142561062805837e-07,6.3445297501409028e-16,2.7286993277627204e-11,1.2905341450831673e-10
3.072077522837484e-08,0.11640260799999998,0.8585084662769803,0.0,0.0,0.33188865401518725,0.11357008070415132,0.02253205715925553,1.0595825395775183e-33,3.0959010287496884e-12,2.2361204762866125e-09,2.0247690835682243e-20,2.3645695759666119e-13,5.7730403852758204e-12,7.5450506662794914e-07,7.545566889785824e-21,2.3824203546876647e-10,1.2495737989600361e-14,7.9602670076852952e-15,6.4293850751720793e-20,2.6341835301806786e-27,5.5584053823475838e-12,9.232923061152552e-17,0.005099122820008138,0.00057902073902594035,7.8643177883406003e-09,5.3850927035433683e-11,7.5767971952656881e-07,6.4377794870920204e-16,2.7889333616617415e-11,1.3014233606470456e-10
3.08734597041426e-08,0.11640260799999998,0.8585084662769803,0.0,0.0,0.33187866626757317,0.11356291813710895,0.022530644535317172,1.0974593449999261e-33,3.1566703240367864e-12,2.2833011579205688e-09,2.0611162159796618e-20,2.4028129541446753e-13,5.8478793187031433e-12,7.6084719858776017e-07,7.8069467218518894e-21,2.4075365658995877e-10,1.2763234719273534e-14,8.1346337392209457e-15,6.592912506590374e-20,2.7358754383796635e-27,5.6295064592934278e-12,9.47354398936311e-17,0.005106279010346138,0.00058184598380500599,7.8977138058099549e-09,5.4555289274138794e-11,7.6395750338722335e-07,6.5320434492997602e-16,2.8502056397746621e-11,1.3123553148478242e-10
3.101087573233358e-08,0.11640260799999998,0.8585084662769803,0.0,0.0,0.33186974274664044,0.11355653698104655,0.022529373321916998,1.1325483153896881e-33,3.2121745373606692e-12,2.3264272062629733e-09,2.0942435947988033e-20,2.4376551467900615e-13,5.9157669178591152e-12,7.6657669304069373e-07,8.0488705273226538e-21,2.4302866289305164e-10,1.3007823216924008e-14,8.2941482980530088e-15,6.743013432229279e-20,2.8303495664396457e-27,5.6939897838392338e-12,9.694494498288994e-17,0.0051126544057837585,0.00058438840780324552,7.9277810938218869e-09,5.5194292614691162e-11,7.6962773365952084e-07,6.6177550334490918e-16,2.9062490747025025e-11,1.3222306050984421e-10
3.114829176052456e-08,0.11640260799999998,0.8585084662769803,0.0,0.0,0.33186088062164992,0.11355021693995052,0.022528102248355764,1.1686076307919309e-33,3.2684565107680393e-12,2.3701887273277819e-09,2.1277674386338301e-20,2.4729019595188735e-13,5.9841608716828057e-12,7.7232662588031745e-07,8.2972739826649423e-21,2.4531748693932391e-10,1.325609281744455e-14,8.4561407083716697e-15,6.8959293385676142e-20,2.9276964958170561e-27,5.7589410941507942e-12,9.9196706211345585e-17,0.0051189686658022621,0.00058693055211010627,7.9578586954740685e-09,5.5838121130761175e-11,7.7531710836598571e-07,6.704300855913339e-16,2.963153456120877e-11,1.3321404949274689e-10
3.128570778871554e-08,0.11640260799999998,0.8585084662769803,0.0,0.0,0.33185207930906213,0.11354395743123857,0.022526831314148052,1.2056600336119766e-33,3.3255246446012062e-12,2.4145924729602301e-09,2.1616909904696956e-20,2.5085570213514445e-13,6.0530629395554652e-12,7.7809699543988519e-07,8.5523038944532754e-21,2.4762016341315329e-10,1.3508084167186166e-14,8.620639509941762e-15,7.051701919769323e-20,3.0279919207207026e-27,5.8243618776657898e-12,1.0149135828352087e-16,0.00512522237298557,0.00058947241769639414,7.9879466236027613e-09,5.6486788214788998e-11,7.8102561209493012e-07,6.7916862439589949e-16,3.0209283444296968e-11,1.3420849755017928e-10
3.142312381690652e-08,0.11640260799999998,0.8585084662769803,0.0,0.0,0.33184333823090101,0.11353775787788219,0.022525560518813048,1.2437287063956736e-33,3.3833874056883727e-12,2.4596452386549247e-09,2.1960175100190096e-20,2.5446239843345354e-13,6.1224748804112421e-12,7.8388780006310081e-07,8.8141098013278672e-21,2.4993672687954673e-10,1.3763838203176346e-14,8.7876734521986157e-15,7.2103733260669638e-20,3.1313132272380541e-27,5.8902536205291182e-12,1.0382954289878627e-16,0.0051314161043638186,0.00059201400552372305,8.0180448906968374e-09,5.7140313502999828e-11,7.8675322934991819e-07,6.8799171998212466e-16,3.0795833651123715e-11,1.352064038008723e-10
3.15605398450975e-08,0.11640260799999998,0.8585084662769803,0.0,0.0,0.33183465681469959,0.11353161770835341,0.022524289861874477,1.2828372785809166e-33,3.4420533296846257e-12,2.5053538636333942e-09,2.2307502737974157e-20,2.5811065236180746e-13,6.1923984527381925e-12,7.8969903810384872e-07,9.0828440137296052e-21,2.5226721178414021e-10,1.4023396154103081e-14,8.9572715086082106e-15,7.3719861670068024e-20,3.2377395241966585e-27,5.956617807596021e-12,1.0621190880117741e-16,0.0051375504314666778,0.00059455531654461038,8.0481535087856851e-09,5.7798715132138702e-11,7.9249994455696476e-07,6.969001073432223e-16,3.1391282088694594e-11,1.3620776736554895e-10
3.168421427046938e-08,0.11640260799999998,0.8585084662769803,0.0,0.0,0.33182689408234894,0.11352614186097353,0.022523146388568695,1.3189440028809826e-33,3.4955464760634929e-12,2.5470580737152656e-09,2.2623598216552057e-20,2.6142991829000754e-13,6.25576856577193e-12,7.9494662155990014e-07,9.3307566565554203e-21,2.5437657940105457e-10,1.4260284968525734e-14,9.1121262024764386e-15,7.5199882399787695e-20,3.3362447552480724e-27,6.0167507419446711e-12,1.0839435501730533e-16,0.0051430210031816644,0.00059684226057390207,8.0752601248518355e-09,5.8395454130364995e-11,7.9768830406313967e-07,7.0499094793751377e-16,3.1934874290007283e-11,1.3711194985205948e-10
3.1807888695841265e-08,0.11640260799999998,0.8585084662769803,0.0,0.0,0.3318191788072346,0.11352071324696762,0.022522003026641011,1.3559304228942421e-33,3.5497034731170567e-12,2.5893041526151946e-09,2.2943035073977135e-20,2.6478341665228745e-13,6.3195558056233291e-12,8.0021075357237841e-07,9.5845218996383631e-21,2.5649727612987588e-10,1.4500319054926906e-14,9.2691029047882707e-15,7.6704394795728399e-20,3.4373906912138727e-27,6.0772686384310988e-12,1.1061360226724541e-16,0.0051484443249624314,0.00059912898183597048,8.1023751430771402e-09,5.8996166042123539e-11,8.0289210877049731e-07,7.1315171357296595e-16,3.2485824648817016e-11,1.3801893141397566e-10
3.191919567867596e-08,0.11640260799999998,0.8585084662769803,0.0,0.0,0.33181227529986512,0.11351586754374333,0.022520974095855014,1.3899853618864616e-33,3.5990176220063336e-12,2.6277931169629571e-09,2.3233405154943102e-20,2.6783105930516295e-13,6.3773220236833111e-12,8.0496262042391188e-07,9.8180112164096718e-21,2.5841561012724696e-10,1.4719064281342352e-14,9.4122140790840931e-15,7.8079660988293406e-20,3.5307305399518508e-27,6.1320647803545343e-12,1.1264279272091979e-16,0.0051532852510260381,0.00060118684106455142,8.1267858500576555e-09,5.9540212695540907e-11,8.0758872913648209e-07,7.2055657107623755e-16,3.2988030699935006e-11,1.3883760750263333e-10
3.2030502661510654e-08,0.11640260799999998,0.8585084662769803,0.0,0.0,0.3318054096102579,0.11351105947797312,0.022519945254767151,1.424781047757242e-33,3.6488793157179665e-12,2.6667288280989345e-09,2.35265191312429e-20,2.7090685103431565e-13,6.4354280857497612e-12,8.0972788979414919e-07,1.0056422439993458e-20,2.6034315891592001e-10,1.4940404504128318e-14,9.5570773757216113e-15,7.9475260470863218e-20,3.6263046421345938e-27,6.1871744028218862e-12,1.1470254591761176e-16,0.0051580885262235499,0.00060324452088787652,8.1512033751329391e-09,6.0087494125593221e-11,8.1229784235516774e-07,7.2801874926087132e-16,3.3496307967899617e-11,1.3965854986277274e-10
3.214180964434535e-08,0.11640260799999998,0.8585084662769803,0.0,0.0,0.3317985814470592,0.11350628875878048,0.022518916503134947,1.4603311566463606e-33,3.6992932555362277e-12,2.7061150260861541e-09,2.3822394823891725e-20,2.7401099274700385e-13,6.493874925291036e-12,8.145065608308513e-07,1.0299843436130079e-20,2.6227994051525426e-10,1.5164362340206071e-14,9.7037087157110708e-15,8.0891430925297447e-20,3.7241593859360747e-27,6.2425982918577412e-12,1.1679322386182925e-16,0.005162854441432321,0.00060530202179089575,8.1756277239100464e-09,6.0638020594357062e-11,8.1701943995705307e-07,7.355385895524495e-16,3.4010709526467653e-11,1.4048175803158037e-10
3.225311662718004e-08,0.11640260799999998,0.8585084662769803,0.0,0.0,0.33179179052116692,0.113501555097537,0.022517887840717787,1.4966495735809508e-33,3.7502641728499845e-12,2.7459554699853438e-09,2.4121050128047681e-20,2.7714368636310404e-13,6.5526634755855676e-12,8.1929863268551927e-07,1.0548363360494753e-20,2.642259728932069e-10,1.5390960534339126e-14,9.8521241151990238e-15,8.2328412087385531e-20,3.8243419773972708e-27,6.2983372329341218e-12,1.1891519170838542e-16,0.0051675832852816602,0.00060735934425484633,8.2000589018736182e-09,6.1191799400510857e-11,8.2175351344064924e-07,7.431164267594365e-16,3.4531288733130884e-11,1.4130723154699206e-10
3.2364423610014736e-08,0.11640260799999998,0.8585084662769803,0.0,0.0,0.33178503654571317,0.1134968582078448,0.022516859267276871,1.5337503950362864e-33,3.8017968290559921e-12,2.7862539378801054e-09,2.4422503013288782e-20,2.8030513481782088e-13,6.6117946697221546e-12,8.2410410451332075e-07,1.0802072673648953e-20,2.6618127396632998e-10,1.562022195947533e-14,1.0002339684363212e-14,8.3786445758435367e-20,3.9269004523492971e-27,6.3543920109707615e-12,1.210688177801908e-16,0.0051722753441701842,0.00060941648875727878,8.2244969143859027e-09,6.1748837712851018e-11,8.265000542695238e-07,7.5075256358478142e-16,3.5058099229549503e-11,1.4213496994767637e-10
3.247573059284943e-08,0.11640260799999998,0.8585084662769803,0.0,0.0,0.33177831923604767,0.11349219780551963,0.022515830782575259,1.5716479315123731e-33,3.8538960158202138e-12,2.8270142269017695e-09,2.4726771523890943e-20,2.8349554206439565e-13,6.6712694406002554e-12,8.2892297547301955e-07,1.1061063156074101e-20,2.6814586159976556e-10,1.5852169617088874e-14,1.01543716286038e-14,8.526577581688079e-20,4.0318836884269416e-27,6.4107634103355474e-12,1.2325447358607521e-16,0.0051769309022830909,0.00061147345577208269,8.2489417666669519e-09,6.2309146600451919e-11,8.3125905386812608e-07,7.5844734714089584e-16,3.5591194941983111e-11,1.429649727730186e-10
3.2587037575684124e-08,0.11640260799999998,0.8585084662769803,0.0,0.0,0.33177163830971951,0.11348757360857331,0.022514802386377809,1.6103567101336516e-33,3.906566555313887e-12,2.8682401532540533e-09,2.5033873779107569e-20,2.8671511307680593e-13,6.7310887209302599e-12,8.337552447268912e-07,1.1325427923326755e-20,2.7011975360724213e-10,1.6086826637522227e-14,1.0308236249207885e-14,8.6766648229918673e-20,4.1393414172132628e-27,6.4674522148450105e-12,1.2547253383865466e-16,0.0051815502416093064,0.0006135302457695224,8.2733934637926837e-09,6.2872733562969541e-11,8.3603050362912126e-07,7.6620112845243575e-16,3.6130630081718217e-11,1.4379723956310641e-10
3.269834455851882e-08,0.11640260799999998,0.8585084662769803,0.0,0.0,0.33176499348646099,0.11348298533719704,0.022513774078451183,1.6498914772761764e-33,3.9598133001109696e-12,2.9099355522375531e-09,2.534382797345095e-20,2.8996405385246261e-13,6.7912534432337722e-12,8.3860091144063186e-07,1.1595261441338374e-20,2.7210296775106917e-10,1.6324216280327899e-14,1.0463949942430151e-14,8.8289311065180638e-20,4.2493242365397046e-27,6.5244592077646614e-12,1.2772337647225241e-16,0.0051861336419584793,0.00061558685921626302,8.2978520107140371e-09,6.3439604807758923e-11,8.4081439491099238e-07,7.740142071781741e-16,3.6676459145491216e-11,1.4463176985871545e-10
3.280965154135351e-08,0.11640260799999998,0.8585084662769803,0.0,0.0,0.33175838448817058,0.11347843271374444,0.022512745858563825,1.690267201222162e-33,4.0136411335521122e-12,2.9521042782737231e-09,2.5656652376975445e-20,2.9324257141490839e-13,6.8517645398438709e-12,8.4345997478327098e-07,1.1870659541858813e-20,2.7409552174213187e-10,1.6564361934610103e-14,1.0621529201181217e-14,8.9834014502439546e-20,4.3618836229414979e-27,6.581785171809417e-12,1.3000738266087294e-16,0.0051906813809778247,0.00061764329657539182,8.322317412251546e-09,6.4009772110841728e-11,8.4561071903103616e-07,7.8188693113522807e-16,3.7228736915907195e-11,1.4546856320129453e-10
3.2920958524188206e-08,0.11640260799999998,0.8585084662769803,0.0,0.0,0.33175181103889567,0.11347391546271483,0.022511717726485962,1.7314990748393968e-33,4.0680549699861104e-12,2.9947502049286977e-09,2.5972365335562381e-20,2.9655087381651844e-13,6.9126229429053751e-12,8.4833243392709271e-07,1.2151719438029772e-20,2.7609743323988545e-10,1.6807287119366269e-14,1.0780990615595704e-14,9.1401010845346518e-20,4.4770719442546009e-27,6.6394308891440399e-12,1.3232493683622396e-16,0.0051951937341688376,0.00061969955830645633,8.3467896730925403e-09,6.4583243291345551e-11,8.5041946727475868e-07,7.8981966916659384e-16,3.7787518461854965e-11,1.4630761913294996e-10
3.302113480873943e-08,0.11640260799999998,0.8585084662769803,0.0,0.0,0.33174592510260092,0.11346987995422456,0.0225107924825045,1.7693525090806683e-33,4.1175325418125639e-12,3.0335427623959594e-09,2.6258991937070116e-20,2.9955398480194571e-13,6.9676932229428632e-12,8.5272909988499887e-07,1.2409595652086653e-20,2.7790716881017532e-10,1.7028315827595924e-14,1.0926128920179262e-14,9.2830578238048979e-20,4.5830331830857876e-27,6.6915860698240647e-12,1.3443973949494245e-16,0.0051992248231435261,0.00062155004407940312,8.3688205763342959e-09,6.5102196286548561e-11,8.5475795609077822e-07,7.9701068487484109e-16,3.8296028326747691e-11,1.470647036071693e-10
3.312131109329066e-08,0.11640260799999998,0.8585084662769803,0.0,0.0,0.33174006754103919,0.11346587267811464,0.022509867309298982,1.8079233124291998e-33,4.1674924075001123e-12,3.0727278563272804e-09,2.6547986671550089e-20,3.0258154399013263e-13,7.0230462553598875e-12,8.5713661517501105e-07,1.2672210641606498e-20,2.7972451102466044e-10,1.7251632440421591e-14,1.107281751494044e-14,9.4278595925661118e-20,4.6912064673953018e-27,6.7440014532005625e-12,1.3658231494302476e-16,0.0052032276688807472,0.00062340038829307627,8.3908570425625945e-09,6.5623837975828704e-11,8.5910649495521452e-07,8.0425079796281075e-16,3.8809891637201875e-11,1.4782362007525967e-10
3.3221487377841886e-08,0.11640260799999998,0.8585084662769803,0.0,0.0,0.3317342381574408,0.11346189343793744,0.022508942206705528,1.8472230379197984e-33,4.2179382140711143e-12,3.1123083504218235e-09,2.6839363071835996e-20,3.056337051995666e-13,7.0786827192998801e-12,8.6155497920018088e-07,1.2939638207837397e-20,2.8154947265020566e-10,1.7477254374424395e-14,1.1221068695003134e-14,9.574525229714639e-20,4.8016318761894611e-27,6.7966776083299098e-12,1.387529502716071e-16,0.0052072024678288141,0.00062525059127522945,8.4128990749309547e-09,6.6148176755205759e-11,8.6346507743775099e-07,8.1154032155943326e-16,3.9329149134864188e-11,1.4858436820472586e-10
3.332166366239311e-08,0.11640260799999998,0.8585084662769803,0.0,0.0,0.33172843675640534,0.11345794203861206,0.022508017174561395,1.8872633927645112e-33,4.2688736289975525e-12,3.1522871209976175e-09,2.7133134721231275e-20,3.087106229304802e-13,7.1346032937833687e-12,8.6598419136550127e-07,1.321195309794849e-20,2.8338206641991684e-10,1.7705199132259218e-14,1.1370894818407534e-14,9.7230737164384952e-20,4.9143501054993047e-27,6.8496151039083913e-12,1.409519347544102e-16,0.0052111494150691605,0.00062710065335136705,8.434946676519352e-09,6.6675213172694741e-11,8.6783369709216653e-07,8.1887945167185491e-16,3.9853841750224605e-11,1.4934694766346917e-10
3.342183994694434e-08,0.11640260799999998,0.8585084662769803,0.0,0.0,0.33172266314389187,0.11345401828641502,0.022507092212704926,1.9280562400016833e-33,4.320302340358341e-12,3.1926670570048771e-09,2.7429315253681697e-20,3.1181245236644237e-13,7.1908086577081203e-12,8.7042425107785784e-07,1.3489231014573985e-20,2.8522230503313583e-10,1.7935484302856061e-14,1.1522308307187569e-14,9.873524176918509e-20,5.029402476201182e-27,6.9028145082723541e-12,1.4317955985850618e-16,0.0052150687043258787,0.00062895057484474415,8.456999850331175e-09,6.7204956362984704e-11,8.7221234743982238e-07,8.2626840177202329e-16,4.0384010602851268e-11,1.5011135811977891e-10
3.3511998603040443e-08,0.11640260799999998,0.8585084662769803,0.0,0.0,0.3317174904925293,0.11345051038870625,0.022506259806997372,1.9654231152002547e-33,4.3670130139039243e-12,3.2293543937625379e-09,2.7697948637302079e-20,3.1462552717776085e-13,7.2416375412228617e-12,8.7442957898297865e-07,1.3743087873000469e-20,2.8688506659502716e-10,1.8144756616238087e-14,1.1659947963361468e-14,1.0010571700831996e-19,5.1349799622153307e-27,6.9509183736516838e-12,1.4520915285694849e-16,0.0052185725761075413,0.00063061538425590201,8.4768524734279806e-09,6.7684045834822205e-11,8.761617036228145e-07,8.3296132728723247e-16,4.0865878890950404e-11,1.5080089275952423e-10
3.359314139352694e-08,0.11640260799999998,0.8585084662769803,0.0,0.0,0.33171285410243107,0.11344737217938124,0.022505510690331024,1.9995900960446668e-33,4.4093990671065568e-12,3.2626545886636509e-09,2.7941404705153996e-20,3.171747493457257e-13,7.2875816463068596e-12,8.7804188580155406e-07,1.3975096013291352e-20,2.8838686282138392e-10,1.8334745489482736e-14,1.178493919011407e-14,1.0135256716586139e-19,5.2316708928744785e-27,6.9943939727942687e-12,1.4705600315528848e-16,0.0052217071545811126,0.00063211361577990332,8.4947236969967857e-09,6.8117107288816454e-11,8.7972306251521375e-07,8.3901983035388646e-16,4.1303406520019885e-11,1.5142274156376725e-10
3.367428418401343e-08,0.11640260799999998,0.8585084662769803,0.0,0.0,0.33170823560378176,0.113444251769294,0.022504761619496664,2.034272399576814e-33,4.4521153977267772e-12,3.2962231663409309e-09,2.8186465649725022e-20,3.1974059425366933e-13,7.3337138084426355e-12,8.8166130864715668e-07,1.4210498179738872e-20,2.8989369729864139e-10,1.8526301465165913e-14,1.1910994185314841e-14,1.0261224093242407e-19,5.3299688133483391e-27,7.0380424196315283e-12,1.4892217005096351e-16,0.0052248239266958043,0.00063361175563504994,8.5125985815774794e-09,6.855195573173397e-11,8.8329099095287364e-07,8.451114771960425e-16,4.1744600841478322e-11,1.5204579109695248e-10
3.375542697449993e-08,0.11640260799999998,0.8585084662769803,0.0,0.0,0.33170363489603105,0.11344114905805817,0.022504012594410511,2.0694766370771206e-33,4.4951640056478049e-12,3.3300616864270672e-09,2.8433138814714472e-20,3.2232314569232376e-13,7.3800343881890307e-12,8.8528784720803064e-07,1.4449336482220628e-20,2.9140557671086507e-10,1.8719434057401851e-14,1.2038119674066773e-14,1.0388484271994754e-19,5.4298969189398398e-27,7.081864015510192e-12,1.508078127030334e-16,0.0052279229928382607,0.00063510980398889707,8.5304771286156226e-09,6.8988595145172197e-11,8.868654854475598e-07,8.5123644351530811e-16,4.2189484072215114e-11,1.5267004118350533e-10
3.383656976498642e-08,0.11640260799999998,0.8585084662769803,0.0,0.0,0.33169905187919474,0.11343806394585357,0.022503263614989243,2.1052094901944493e-33,4.5385468998040334e-12,3.364171714017701e-09,2.8681431565962383e-20,3.2492248774967113e-13,7.4265437460522988e-12,8.8892150117315009e-07,1.4691653460903234e-20,2.9292250772757735e-10,1.8914152817834793e-14,1.21663224093461e-14,1.0517047756964676e-19,5.5314786896127458e-27,7.125859061622476e-12,1.527130912358209e-16,0.0052310044528290009,0.00063660776100807066,8.5483593395249994e-09,6.9427025855910916e-11,8.9044654250429857e-07,8.573948915219684e-16,4.2638078510956376e-11,1.5329549164800279e-10
3.391771255547292e-08,0.11640260799999998,0.8585084662769803,0.0,0.0,0.33169448645385335,0.11343499633342292,0.02250251468115002,2.1414777115460554e-33,4.5822660983757071e-12,3.39855481967583e-09,2.8931351291511367e-20,3.2753870481149984e-13,7.4732422424861436e-12,8.9256227023220473e-07,1.4937492089699048e-20,2.9444449700375511e-10,1.9110467335709118e-14,1.229560917221057e-14,1.0646925115448608e-19,5.6347378928618619e-27,7.1700278590061061e-12,1.5463816674271083e-16,0.0052340684059256166,0.00063810562685826129,8.5662452156855157e-09,6.986725348616377e-11,8.9403415861240171e-07,8.6358683821131082e-16,4.3090406538343203e-11,1.5392214231517068e-10
3.399885534595941e-08,0.11640260799999998,0.8585084662769803,0.0,0.0,0.33168993852114786,0.11343194612206868,0.022501765792810456,2.1782881253267348e-33,4.6263236284181592e-12,3.4332125794361419e-09,2.9182905401668849e-20,3.3017188156195823e-13,7.5201302378917636e-12,8.9621015407558782e-07,1.5186895779770242e-20,2.9597155117982848e-10,1.9308387237939361e-14,1.2425986771639245e-14,1.0778126978166367e-19,5.7396985866361052e-27,7.2143707085444176e-12,1.565832012899662e-16,0.0052371149508259347,0.00063960340170423811,8.5841347584434164e-09,7.0309281967905935e-11,8.976283302524307e-07,8.6981250441245025e-16,4.3546490617008518e-11,1.5454999300988128e-10
3.407188385739726e-08,0.11640260799999998,0.8585084662769803,0.0,0.0,0.33168586025665858,0.1134292157286453,0.022501091832139324,2.2118867706171982e-33,4.6662663615560993e-12,3.4646406994831506e-09,2.9410707642261185e-20,3.3255631140346536e-13,7.5624917532070001e-12,8.9949933241989629e-07,1.5414443462685577e-20,2.9735023590429636e-10,1.9487895740627104e-14,1.2544264926411114e-14,1.0897349943327698e-19,5.8356381057116918e-27,7.2544283362768601e-12,1.5835093209677459e-16,0.0052398420383535527,0.00064095132139245958,8.6002384829556879e-09,7.0708646931885084e-11,9.0086868679465491e-07,8.7544459116978729e-16,4.3960196343148736e-11,1.5511608451404252e-10
3.41449123688351e-08,0.11640260799999998,0.8585084662769803,0.0,0.0,0.33168179601029524,0.11342649927943124,0.022500417908197137,2.2459352547773845e-33,4.7064862831258984e-12,3.4962937270227871e-09,2.9639845188428285e-20,3.3495460958523286e-13,7.6050073172304341e-12,9.0279427326453881e-07,1.5644946635240972e-20,2.9873303338502011e-10,1.9668719504244955e-14,1.2663437199604779e-14,1.1017662259028023e-19,5.9329935101687459e-27,7.2946274089716321e-12,1.6013508131575192e-16,0.0052425551759051935,0.0006422991676188147,8.6163451794189771e-09,7.1109475086850734e-11,9.0411434787964616e-07,8.8110417651395009e-16,4.4376979222952065e-11,1.5568314777130866e-10
3.4217940880272945e-08,0.11640260799999998,0.8585084662769803,0.0,0.0,0.33167774571114172,0.11342379670362651,0.022499744020924788,2.280438703801182e-33,4.7469848898554643e-12,3.5281728223696487e-09,2.9870323488792062e-20,3.3736683846410016e-13,7.6476771925856094e-12,9.0609497638521087e-07,1.587843786666663e-20,3.0011994843264161e-10,1.9850865625357919e-14,1.2783508613143385e-14,1.1139071807824938e-19,6.0317829534531337e-27,7.3349681456521391e-12,1.6193576912972712e-16,0.0052452544342811167,0.00064364694050152323,8.6324548487506423e-09,7.1511768054931042e-11,9.0736531092119538e-07,8.8679137859396657e-16,4.4796855802331464e-11,1.5625118265430503e-10
3.429096939171079e-08,0.11640260799999998,0.8585084662769803,0.0,0.0,0.33167370928864226,0.11342110793079051,0.022499070170263452,2.3154022921802014e-33,4.7877636844842302e-12,3.560279149438917e-09,3.0102148006738828e-20,3.397930605940429e-13,7.6905016418617158e-12,9.0940144155803395e-07,1.6114950021895294e-20,3.0151098584825378e-10,2.0034341225421007e-14,1.2904484207316691e-14,1.1261586514509451e-19,6.1320247869637253e-27,7.3754507652406352e-12,1.6375311636937638e-16,0.0052479398839221439,0.00064499464015821124,8.6485674918476765e-09,7.1915528151984472e-11,9.1062157332549382e-07,8.9250630813252608e-16,4.5219842681183712e-11,1.5682018903574654e-10
3.4363997903148633e-08,0.11640260799999998,0.8585084662769803,0.0,0.0,0.331669686672599,0.11341843289084021,0.022498396356154613,2.3508312432741836e-33,4.828824175825868e-12,3.5926138757487995e-09,3.033532422045677e-20,3.4223333872649989e-13,7.7334809276136218e-12,9.1271366855954561e-07,1.635451626368621e-20,3.0290615042339902e-10,2.0219153450820492e-14,1.3026369040967899e-14,1.1385214346253856e-19,6.2337375618403258e-27,7.4160754865582551e-12,1.6558724451549487e-16,0.0052506115949114739,0.00064634226670591489,8.6646831095865122e-09,7.2320757712389301e-11,9.1388313249179417e-07,8.9824906003186537e-16,4.5645956513433259e-11,1.5739016678843603e-10
3.443702641458648e-08,0.11640260799999998,0.8585084662769803,0.0,0.0,0.33166567779317097,0.11341577151404847,0.022497722578540047,2.3867308296830524e-33,4.8701678787362343e-12,3.6251781724229622e-09,3.0569857622973505e-20,3.4468773581069986e-13,7.7766153123618901e-12,9.1603165716669021e-07,1.6597170054757291e-20,3.0430544694006789e-10,2.0405309472915285e-14,1.3149168191424185e-14,1.1509963312759848e-19,6.3369400307611988e-27,7.4568425283250671e-12,1.6743827570127132e-16,0.0052532696369765033,0.00064768982026108379,8.6808017028243633e-09,7.2727459054729466e-11,9.1714998581243126e-07,9.0401973746312538e-16,4.6075214007075678e-11,1.5796111578526305e-10
3.451005492602432e-08,0.11640260799999998,0.8585084662769803,0.0,0.0,0.33166168258087125,0.11341312373104213,0.02249704883736181,2.4231063736206096e-33,4.9117963141381351e-12,3.6579732141929462e-09,3.0805753722193745e-20,3.4715631499398882e-13,7.8199050585927945e-12,9.1935540715681275e-07,1.6842945159925764e-20,3.0570888017069828e-10,2.0592816488078174e-14,1.3272886754530402e-14,1.1635841466406757e-19,6.4416511497500931e-27,7.497752109160083e-12,1.6930633271456514e-16,0.0052559140794906332,0.00064903730093958303,8.6969232723989306e-09,7.3135634501422197e-11,9.2042213067279163e-07,9.0981844375511906e-16,4.6507631924220982e-11,1.5853303589920198e-10
3.465611194890001e-08,0.11640260799999998,0.8585084662769803,0.0,0.0,0.33165373288147271,0.1134078686706521,0.022495701464084049,2.4973068732707334e-33,4.995913496583914e-12,3.7242602500001346e-09,3.1281656116976407e-20,3.5213627323976614e-13,7.9069516852763448e-12,9.2602019039732196e-07,1.734399589527661e-20,3.085281758158211e-10,2.0971912408416692e-14,1.3523102595006628e-14,1.1891017758920949e-19,6.6556761897250817e-27,7.5799997620057861e-12,1.7309401866219548e-16,0.0052611624416005892,0.00065173204412713394,8.7291753438095974e-09,7.3956416977982121e-11,9.2698228451943701e-07,9.2150035143504667e-16,4.738201634828955e-11,1.5967978897073033e-10
3.48021689717757e-08,0.11640260799999998,0.8585084662769803,0.0,0.0,0.33164583702553335,0.1134026671616964,0.022494354235863649,2.5734763265634773e-33,5.0811880126263265e-12,3.7914844532703011e-09,3.1763075767024899e-20,3.57173722617373e-13,7.9946229068696471e-12,9.3270801650752599e-07,1.7857944712370308e-20,3.1136407534715969e-10,2.135649928466537e-14,1.3777057701179674e-14,1.2150808502034525e-19,6.8759684664047304e-27,7.6628201920279454e-12,1.7695129784146077e-16,0.0052663572292167664,0.00065442649718392765,8.7614393301259767e-09,7.4783123660009491e-11,9.335635729754758e-07,9.3329560570571339e-16,4.8269244966432935e-11,1.6083042498846291e-10
3.4948225994651386e-08,0.11640260799999998,0.8585084662769803,0.0,0.0,0.33163799446974235,0.11339751866175117,0.022493007152247477,2.6516591359618325e-33,5.1676322499323472e-12,3.8596553519799483e-09,3.2250057275026966e-20,3.622691754711505e-13,8.0829208220308915e-12,9.3941888371976524e-07,1.8385072826384374e-20,3.1421661660017349e-10,2.174663559251758e-14,1.4034793510505022e-14,1.2415279666358789e-19,7.1026871358416523e-27,7.746215144544605e-12,1.808791763565575e-16,0.0052714989847648464,0.00065712066101617373,8.7937152373474886e-09,7.5615773026943718e-11,9.4016597487274743e-07,9.4520503675046296e-16,4.9169453827992953e-11,1.6198494293911052e-10
3.524034004040276e-08,0.11640260799999998,0.8585084662769803,0.0,0.0,0.33162246711282078,0.11338737854660938,0.022490313417037958,2.8142465981964433e-33,5.3440799329109905e-12,3.9988756374416e-09,3.3240885485388409e-20,3.7263615700131402e-13,8.2614051249577347e-12,9.529097344076657e-07,1.9480017094311913e-20,3.1997177484812719e-10,2.2543792428043538e-14,1.4561774486654233e-14,1.2958530631730118e-19,7.5760574980448056e-27,7.9147355902670199e-12,1.8895080935871909e-16,0.0052816255419463236,0.00066250812458666392,8.8583028370039193e-09,7.7298973538904746e-11,9.5343403375648084e-07,9.6936977020307612e-16,5.1009360829366966e-11,1.6430562059206952e-10
3.553245408615414e-08,0.11640260799999998,0.8585084662769803,0.0,0.0,0.331607146573276,0.11337744409470853,0.022487620254920255,2.9854413159585224e-33,5.5253576302249813e-12,4.1419984904736879e-09,3.4254502425889302e-20,3.8324138079825481e-13,8.4424213724020776e-12,9.6649272842812631e-07,2.0631180572627325e-20,3.2579395018296815e-10,2.3363858827959582e-14,1.5104383031617289e-14,1.3521312449765919e-19,8.0771302629362637e-27,8.0855750294652473e-12,1.9731718172617055e-16,0.0052915463436771669,0.00066789444190879486,8.9229381848314416e-09,7.9006165568465022e-11,9.6678628957245422e-07,9.940012858739255e-16,5.2902843167978345e-11,1.666418138469788e-10
3.5824568131905515e-08,0.11640260799999998,0.8585084662769803,0.0,0.0,0.33159202869907256,0.11336771116078488,0.022484927662429391,3.1656292414869057e-33,5.7115680304502124e-12,4.2891022257335416e-09,3.5291273701447426e-20,3.9408906155167691e-13,8.6259863339923442e-12,9.8016785182691899e-07,2.184099928683221e-20,3.3168343977806398e-10,2.4207317235459252e-14,1.5662961491922459e-14,1.4104178301198242e-19,8.6073062984426957e-27,8.2587473666622672e-12,2.0598673218614002e-16,0.0053012655352350675,0.00067327961991224821,8.9876213182776682e-09,8.0737495538411207e-11,9.8022256890747412e-07,1.0191064006919787e-15,5.4851020638983934e-11,1.6899351463870345e-10
3.611668217765689e-08,0.11640260799999998,0.8585084662769803,0.0,0.0,0.33157710942185042,0.11335817568311002,0.022482235636169235,3.3552106402469024e-33,5.9028154425731034e-12,4.4402660905866416e-09,3.6351568884690886e-20,4.0518346600713142e-13,8.8121167706572109e-12,9.9393509072109391e-07,2.3111995779461503e-20,3.3764053835524742e-10,2.5074656666105097e-14,1.6237857082939743e-14,1.4707692908210595e-19,9.1680464039047414e-27,8.43426648064096e-12,2.1496807652379118e-16,0.0053107871783622399,0.00067866366538905931,9.0523522703267091e-09,8.2493109233256088e-11,9.9374269652170855e-07,1.0446920149921126e-15,5.6855027056589652e-11,1.7136071491826961e-10
3.640879622340827e-08,0.11640260799999998,0.8585084662769803,0.0,0.0,0.33156238475523814,0.11334883368180788,0.022479544172811033,3.5546005179733865e-33,6.0992058126665737e-12,4.5955702671508957e-09,3.7435761557165654e-20,4.1652891329992507e-13,9.0008294346412014e-12,1.0077944312918263e-06,2.4446781525468664e-20,3.4366553818311712e-10,2.5966372749924932e-14,1.6829421919619636e-14,1.5332432690907771e-19,9.7608734190990146e-27,8.6121462244714983e-12,2.2427000998627327e-16,0.00532011525294852,0.0006840465849964275,9.117131069648894e-09,8.4273151792755398e-11,1.0073464953374864e-06,1.0707651128560983e-15,5.8916010292103879e-11,1.7374340665157857e-10
3.6700910269159645e-08,0.11640260799999998,0.8585084662769803,0.0,0.0,0.33154785079320076,0.11333968125720488,0.022476853269092111,3.7642290574941755e-33,6.3008467405230744e-12,4.755095874249828e-09,3.8544229351104582e-20,4.2812977528881547e-13,9.1921410695189787e-12,1.0217458597774991e-06,2.5848059396162667e-20,3.4975872907526478e-10,2.6882967773465796e-14,1.7438013046795031e-14,1.5978985924752655e-19,1.0387374390638535e-26,8.7924004255371486e-12,2.3390150970182013e-16,0.0053292536586812258,0.00068942838525946025,9.1819577407454219e-09,8.6077767705407721e-11,1.0210337864285248e-06,1.0973327632861024e-15,6.1035132310641848e-11,1.761415818181607e-10
3.699302431491102e-08,0.11640260799999998,0.8585084662769803,0.0,0.0,0.33153350370842,0.11333071458821223,0.022474162921814474,3.9845420654105544e-33,6.5078474962254393e-12,4.9189249692748908e-09,3.9677353991755239e-20,4.3999047688949903e-13,9.3860684102083891e-12,1.0357893624670218e-06,2.7318626171828926e-20,3.5592039838843412e-10,2.7824950721805334e-14,1.8063992468984307e-14,1.6647952898958183e-19,1.1049202796326155e-26,8.9750428855585095e-12,2.4387173711372453e-16,0.0053382062166627752,0.00069480907257387107,9.246832304081077e-09,8.7907100801938385e-11,1.0348043890095585e-06,1.1244021209495683e-15,6.3213569206485083e-11,1.7855523240996877e-10
3.72851383606624e-08,0.11640260799999998,0.8585084662769803,0.0,0.0,0.33151933975070519,0.11332192993074101,0.022471473127843519,4.2160014290580769e-33,6.7203190367342206e-12,5.0871405499539439e-09,4.0835521340284488e-20,4.521154964078786e-13,9.5826281829822914e-12,1.0499249256933721e-06,2.8861375104906635e-20,3.6215083102060911e-10,2.8792837320519269e-14,1.8707727180019152e-14,1.7339946075858644e-19,1.1748080830049973e-26,9.1600873806161865e-12,2.541900404295738e-16,0.0053469766709957475,0.00070018865320861591,9.3117547762127048e-09,8.9761294248773968e-11,1.0486581204263792e-06,1.1519804269918808e-15,6.5452511237050809e-11,1.8098435043021513e-10
3.7577252406413774e-08,0.11640260799999998,0.8585084662769803,0.0,0.0,0.33150535524543973,0.1133133236161496,0.0224687838841067,4.4590855840960276e-33,6.9383740225325331e-12,5.2598265560235811e-09,4.201912143727297e-20,4.6450936587309809e-13,9.7818371054791214e-12,1.0641525358273553e-06,3.0479298535195948e-20,3.6845030940903652e-10,2.9787150077603775e-14,1.936958919266114e-14,1.8055590251275801e-19,1.2485801749378692e-26,9.3475476611719482e-12,2.6486595708599953e-16,0.0053555686903353997,0.00070556713330848029,9.3767251699188924e-09,9.1640490541505585e-11,1.0625947961462904e-06,1.1800750098774459e-15,6.7753162855437802e-11,1.8342892789225051e-10
3.786936645216515e-08,0.11640260799999998,0.8585084662769803,0.0,0.0,0.33149154659205649,0.11330489204972266,0.022466095187592326,4.7142899928611607e-33,7.1621268343032229e-12,5.4370678708052884e-09,4.3228548546799382e-20,4.7717667137035136e-13,9.9837118867123221e-12,1.0784721792715748e-06,3.217549055747977e-20,3.7481911352818471e-10,3.0808418325352514e-14,2.0049955568109571e-14,1.8795522715871855e-19,1.3264232286779384e-26,9.537437452088425e-12,2.7590921622882783e-16,0.0053639858694105782,0.00071094451889660735,9.4417434943269476e-09,9.3544831498345517e-11,1.0766142297489663e-06,1.208693286213879e-15,7.0116742741545698e-11,1.8588895681848013e-10
3.8161480497916527e-08,0.11640260799999998,0.8585084662769803,0.0,0.0,0.33147791026254581,0.11329663170918103,0.022463407035348257,4.9821276335718154e-33,7.3916935896044788e-12,5.6189503226857985e-09,4.4464201201111879e-20,4.9012205337346408e-13,1.0188269227078649e-11,1.0928838424546123e-06,3.3953149741685994e-20,3.8125752088764364e-10,3.1857178262188486e-14,2.0749208445274205e-14,1.9560393417476066e-19,1.408531512508765e-26,9.7297704526473398e-12,2.8732974120843509e-16,0.0053722317305140398,0.00071632081587697796,9.5068097550334653e-09,9.5474458253575857e-11,1.0907162329177071e-06,1.2378427615797745e-15,7.2544483831772989e-11,1.8836442923931672e-10
3.84535945436679e-08,0.11640260799999998,0.8585084662769803,0.0,0.0,0.33146444279999204,0.11328853914322104,0.022460719424480746,5.2631295005584596e-33,7.6271921595397221e-12,5.8055606865012394e-09,4.5726482245888646e-20,5.0335020707724755e-13,1.039552581836539e-11,1.1073875118254091e-06,3.5815581906162719e-20,3.8776580652996848e-10,3.2933972994450278e-14,2.1467735069805411e-14,2.0350865124381221e-19,1.4951071438380376e-26,9.9245603365664209e-12,2.9913765209026544e-16,0.0053803097249629237,0.00072169603003683985,9.5719239542203923e-09,9.742951125099316e-11,1.1049006154310837e-06,1.2675310313514855e-15,7.5037633347286226e-11,1.908553371921701e-10
3.874570858941928e-08,0.11640260799999998,0.8585084662769803,0.0,0.0,0.33145114081714072,0.11328061097008375,0.022458032352153205,5.5578451157637758e-33,7.868742185434395e-12,5.99698668482399e-09,4.7015798886093808e-20,5.1686588272962037e-13,1.0605498343756556e-11,1.1219831738478377e-06,3.7766202944965579e-20,3.9434424302846996e-10,3.4039352578132223e-14,2.2205927822939566e-14,2.1167613589613066e-19,1.5863603499788995e-26,1.0121820752014903e-11,3.1134326818056396e-16,0.0053882232345297491,0.00072707016704908617,9.6370860907693822e-09,9.9410130237348575e-11,1.1191671851549756e-06,1.2977657815286495e-15,7.7597452820844226e-11,1.9336167272047331e-10
3.9037822635170656e-08,0.11640260799999998,0.8585084662769803,0.0,0.0,0.33143800099499349,0.11327284387615272,0.022455345815585056,5.866843051742019e-33,8.1164650955244715e-12,6.1933169891513879e-09,4.8332562732433793e-20,5.3067388596349648e-13,1.0818203477838072e-11,1.1366708149954605e-06,3.9808541709975776e-20,4.0099310048495499e-10,3.5173874060577676e-14,2.2964184250184518e-14,2.2011327716173737e-19,1.6825097357712923e-26,1.0321565321627752e-11,3.2395711056736027e-16,0.005395975572844428,0.00073244323247458455,9.7022961603736562e-09,1.0141645425578697e-10,1.1335157480349882e-06,1.3285547895595119e-15,8.0225218122163341e-11,1.9588342787274254e-10
3.932993668092203e-08,0.11640260799999998,0.8585084662769803,0.0,0.0,0.33142502008143282,0.11326523461458048,0.022452659812050607,6.1907114663518844e-33,8.3704841216497199e-12,6.3946412209958095e-09,4.9677189848416921e-20,5.4477907812843575e-13,1.1033657886601973e-11,1.1514504217464801e-06,4.1946242948474458e-20,4.0771264652741798e-10,3.6338101522125425e-14,2.3742907089823924e-14,2.2882709723256239e-19,1.783782558168438e-26,1.0523807642518604e-11,3.3698990467666115e-16,0.0054035699867679672,0.00073781523176445947,9.7675541556458414e-09,1.0344862163928535e-10,1.1479461080892546e-06,1.3599059251654793e-15,8.2922219481815741e-11,1.9842059470167058e-10
3.962205072667341e-08,0.11640260799999998,0.8585084662769803,0.0,0.0,0.3314121948898735,0.11325778000394242,0.022449974338877902,6.5300586493323227e-33,8.6309243159437841e-12,6.6010499528756959e-09,5.1050100798018349e-20,5.5918637662205745e-13,1.1251878227449691e-11,1.166321980578856e-06,4.4183070296763804e-20,4.1450314630768938e-10,3.7532606117708614e-14,2.4542504301215987e-14,2.3782475313426051e-19,1.8904150079105019e-26,1.0728561286291465e-11,3.5045258284380864e-16,0.0054110096577384666,0.00074318617026232915,9.8328600662220593e-09,1.0550677000409243e-10,1.1624580674016102e-06,1.3918271511644828e-15,8.5689761513653674e-11,2.0097316526325182e-10
3.9914164772424785e-08,0.11640260799999998,0.8585084662769803,0.0,0.0,0.33139952229794162,0.113250476926918,0.022447289393447666,6.8855135809701166e-33,8.8979125675185398e-12,6.8126347092070452e-09,5.2451720693954042e-20,5.7390075522121324e-13,1.1472881149194413e-11,1.1812854779656069e-06,4.652290933051042e-20,4.2136486249904086e-10,3.8757966118405937e-14,2.5363389092884497e-14,2.4711353840767666e-19,2.0026524984184847e-26,1.0935839799051186e-11,3.6435628689997967e-16,0.0054182977030899793,0.00074855605320649297,9.8982138788634334e-09,1.0759103624317103e-10,1.1770514261151417e-06,1.4243265242930712e-15,8.8529163235751158e-11,2.0354113161593979e-10
4.020627881817616e-08,0.11640260799999998,0.8585084662769803,0.0,0.0,0.33138699924618009,0.11324332232899847,0.022444604973192173,7.2577265030821331e-33,9.1715776191430437e-12,7.0294879670946407e-09,5.3882479246567059e-20,5.8892724441292076e-13,1.1696683292062618e-11,1.196340900370268e-06,4.8969770672544893e-20,4.2829805529375306e-10,4.0014766952944641e-14,2.6205979950410608e-14,2.5670088479995297e-19,2.1207499620492789e-26,1.1145656701412796e-11,3.7871237077382508e-16,0.0054254371773447942,0.00075392488573207861,9.9636155775551231e-09,1.097015565196448e-10,1.1917259824261016e-06,1.4574121960272002e-15,9.1441758089851967e-11,2.061244858198351e-10
4.049839286392754e-08,0.11640260799999998,0.8585084662769803,0.0,0.0,0.33137462273678037,0.11323631321722073,0.022441921075594277,7.6473695025348419e-33,9.4520500839157779e-12,7.2517031570225209e-09,5.5342810813330525e-20,6.042709317250489e-13,1.1923301287694714e-11,1.2114882342425174e-06,5.1527793158836822e-20,4.3530298240064598e-10,4.1303601249154996e-14,2.7070700664127202e-14,2.6659436396526015e-19,2.2449721538523928e-26,1.1358025488509666e-11,3.935324031082382e-16,0.0054324310734795963,0.00075929267287314095,1.0029065143602289e-08,1.118384662602505e-10,1.2064815325781899e-06,1.491092413401632e-15,9.4428893959314978e-11,2.0872321993590219e-10
4.0790506909678914e-08,0.11640260799999998,0.8585084662769803,0.0,0.0,0.33136238983234012,0.11322944665892659,0.022439237698186305,8.0551371075202194e-33,9.7394624619267973e-12,7.4793746634431092e-09,5.683315444897009e-20,6.1993696205676008e-13,1.2152751759144928e-11,1.226727466013962e-06,5.4201247063332792e-20,4.4237989904257576e-10,4.2625068875375762e-14,2.7957980356609623e-14,2.7680168917513447e-19,2.3755939629664884e-26,1.1572959630000574e-11,4.0882816989223037e-16,0.0054392823241660978,0.00076465941956472161,1.0094562555722947e-08,1.1400190014879744e-10,1.2213178708571936e-06,1.5253755198277743e-15,9.7491933185548207e-11,2.1133732602521566e-10
4.108262095543029e-08,0.11640260799999998,0.8585084662769803,0.0,0.0,0.33135029765464502,0.11322271978054735,0.022436554838549092,8.4817468968094335e-33,1.0033949156906265e-11,7.7125978252645577e-09,5.835395395620891e-20,6.3593053800870164e-13,1.2385051320880378e-11,1.2420585820940724e-06,5.6994537382343208e-20,4.495290579539018e-10,4.3979776981810384e-14,2.8868253509956627e-14,2.8733071703839532e-19,2.5129007317948673e-26,1.1790472570075695e-11,4.2461167710789171e-16,0.0054459938029866265,0.00077002513064486399,1.0160107790138243e-08,1.1619199211963606e-10,1.2362347895859861e-06,1.5602699559097734e-15,1.0063225258292279e-10,2.1396679614823384e-10
4.137473500118167e-08,0.11640260799999998,0.8585084662769803,0.0,0.0,0.33133834338347617,0.11321612976641257,0.022433872494310999,8.9279401222121878e-33,1.0335646492857015e-11,7.9514689362358016e-09,5.9905657937139534e-20,6.5225692021294831e-13,1.2620216578779429e-11,1.2574815688662658e-06,5.99122071791826e-20,4.5675070937792421e-10,4.5368340041833511e-14,2.9801959992859102e-14,2.9818944923062377e-19,2.6571885831024426e-26,1.2010577727461516e-11,4.4089515339241764e-16,0.0054525683256252131,0.0007753898108565885,1.0225700820660258e-08,1.1840887535113601e-10,1.251232079119877e-06,1.5957842602587297e-15,1.0385124345215925e-10,2.1661162236409987e-10
4.1666849046933043e-08,0.11640260799999998,0.8585084662769803,0.0,0.0,0.33132652425544112,0.11320967385758314,0.022431190663146899,9.3944823444749685e-33,1.0644692730668944e-11,8.1960852452287735e-09,6.1488719845224638e-20,6.6892142766269243e-13,1.2858264130129302e-11,1.2729964126841401e-06,6.2958940989780956e-20,4.6404510106429659e-10,4.6791379893247461e-14,3.0759545087456338e-14,3.0938603423318536e-19,2.8087647551794791e-26,1.223328849542475e-11,4.5769105271518514e-16,0.0054590086510346381,0.00078075346484982554,1.029134161877726e-08,1.2065268225917621e-10,1.2663095278423171e-06,1.6319270703048983e-15,1.0715031159217699e-10,2.1927179672996899e-10
4.195896309268442e-08,0.11640260799999998,0.8585084662769803,0.0,0.0,0.33131483756282792,0.11320334935070771,0.022428509342777292,9.8821640828543137e-33,1.0961228084713045e-11,8.446544956417354e-09,6.3103598037931502e-20,6.8592943804167644e-13,1.3099210563623019e-11,1.288603099867839e-06,6.6139568289983242e-20,4.7141247826641557e-10,4.8249525779488316e-14,3.1741459515977726e-14,3.2092876908177549e-19,2.9679479452186192e-26,1.2458618241775279e-11,4.7501205706986376e-16,0.0054653174825799403,0.00078611609718331197,1.0357030153736311e-08,1.2292354449064818e-10,1.2814669221609464e-06,1.668707123107782e-15,1.1053087731039901e-10,2.2194731130036065e-10
4.2251077138435796e-08,0.11640260799999998,0.8585084662769803,0.0,0.0,0.33130328065248371,0.11319715359690227,0.022425828530967341,1.0391801478603491e-32,1.1285394739412216e-11,8.702947229352547e-09,6.4750755830002614e-20,7.0328638805337218e-13,1.3343072459355652e-11,1.3043016167005588e-06,6.9459067025251375e-20,4.788530837387897e-10,4.9743414390781253e-14,3.2748159467167003e-14,3.3282610112446958e-19,3.1350686610526558e-26,1.268658030886806e-11,4.9287107918153902e-16,0.0054714974691588581,0.00079147771232644572,1.0422766392623485e-08,1.2522159291697337e-10,1.2967040465039889e-06,1.7061332561639236e-15,1.1399437543150396e-10,2.2463815812653619e-10
4.254319118418717e-08,0.11640260799999998,0.8585084662769803,0.0,0.0,0.33129185092471436,0.11319108400065234,0.022423148225525952,1.0924236972614681e-32,1.1617336865786232e-11,8.965392178933454e-09,6.643066154736604e-20,7.2099777374989774e-13,1.3589866388819973e-11,1.3200919494251872e-06,7.2922567203486646e-20,4.8636715773439067e-10,5.1273689905244789e-14,3.3780106622485933e-14,3.4508662978925489e-19,3.3104695814021857e-26,1.2917188013604158e-11,5.1128126522883274e-16,0.0054775512062996586,0.00079683831466110459,1.0488550300441785e-08,1.2754695762763648e-10,1.3120206833169858e-06,1.7442144082122745e-15,1.1754225530461792e-10,2.273443292558999e-10
4.283530522993855e-08,0.11640260799999998,0.8585084662769803,0.0,0.0,0.33128054583220695,0.11318513801873718,0.022420468424304913,1.1480339997462916e-32,1.1957200637968207e-11,9.2339808752736134e-09,6.8143788581689301e-20,7.3906915086067528e-13,1.3839608914901443e-11,1.3359740842410641e-06,7.6535354551695605e-20,4.9395493800198785e-10,5.2841004029943596e-14,3.4837768182094799e-14,3.5771910836102477e-19,3.4945059247842385e-26,1.315045464743084e-11,5.3025599758099806e-16,0.0054834812372368397,0.0008021979084834259,1.0554381840186749e-08,1.2989976792373631e-10,1.3274166130598687e-06,1.7829596200370021e-15,1.211759808089383e-10,2.3006581673142352e-10
4.3127419275689925e-08,0.11640260799999998,0.8585084662769803,0.0,0.0,0.33126936287897485,0.113179313159176,0.022417789125198009,1.2061007684102234e-32,1.2305134249690138e-11,9.5088153434622449e-09,6.9890615445579401e-20,7.5750613512082405e-13,1.409231659187265e-11,1.3519480073008743e-06,8.0302874237228811e-20,5.0161665978347181e-10,5.444601604188957e-14,3.5921616890608127e-14,3.7073244576801473e-19,3.687545827234875e-26,1.3386393476340777e-11,5.4980889754997173e-16,0.0054892900539651275,0.00080755649800555267,1.0620260972919853e-08,1.3228015231155522e-10,1.3428916142043695e-06,1.8223780352675826e-15,1.248970303577823e-10,2.3280261259109313e-10
4.34195333214413e-08,0.11640260799999998,0.8585084662769803,0.0,0.0,0.33125829961932218,0.11317360698019499,0.022415110326140165,1.2667165583468071e-32,1.2661287930734946e-11,9.7899985632200393e-09,7.1671625828433079e-20,7.7631440259928892e-13,1.4348005965387148e-11,1.3680137047076533e-06,8.4230734654323707e-20,5.0935255581116475e-10,5.6089392828990714e-14,3.7032131062622899e-14,3.8413570837765929e-19,3.8899707290004121e-26,1.3625017740870377e-11,5.6995382815736777e-16,0.005494980098272209,0.00081291408735734161,1.0686187657839682e-08,1.3468823849614829e-10,1.3584454632317569e-06,1.8624789011760398e-15,1.2870689690105364e-10,2.355547088673779e-10
4.371164736719268e-08,0.11640260799999998,0.8585084662769803,0.0,0.0,0.33124735365683144,0.11316801708921556,0.022412432025106618,1.3299768403243747e-32,1.302581396335231e-11,1.0077634468449054e-08,7.348730865294011e-20,7.9549969002670064e-13,1.4606693572472779e-11,1.3841711625119154e-06,8.8324711276685373e-20,5.1716285630512516e-10,5.7771808930947722e-14,3.8169794608016968e-14,3.9793812180184984e-19,4.1021757703534707e-26,1.3866340656097284e-11,5.9070489691638849e-16,0.00550055376275065,0.0008182706805880363,1.0752161852351031e-08,1.3712415337495428e-10,1.3740779346309092e-06,1.9032715694712009e-15,1.3260708792611904e-10,2.3832209758672022e-10
4.4003761412944055e-08,0.11640260799999998,0.8585084662769803,0.0,0.0,0.33123652264336889,0.11316254114186279,0.022409754220112071,1.395980076005267e-32,1.3398866698635779e-11,1.0371827946676344e-08,7.53381581322435e-20,8.1506779512296545e-13,1.4868395941524468e-11,1.4004203667088907e-06,9.2590750576842964e-20,5.2504778897044359e-10,5.9493946580097705e-14,3.9335097057015369e-14,4.1214907271157069e-19,4.3245701966918065e-26,1.4110375411637067e-11,6.1207645862863782e-16,0.0055060133917893871,0.00082362628166790779,1.0818183512131962e-08,1.3958802303142949e-10,1.3897888008967106e-06,1.9447654970898044e-15,1.3659912545708977e-10,2.4110477076904592e-10
4.429587545869543e-08,0.11640260799999998,0.8585084662769803,0.0,0.0,0.33122580427811299,0.11315717684099397,0.022407076909209938,1.4648277947342135e-32,1.3780602572858418e-11,1.0672684838390994e-08,7.7224673827759283e-20,8.3502457692458425e-13,1.5133129592296477e-11,1.4167613032358757e-06,9.7034974013022514e-20,5.3300757899453785e-10,6.1256495742204897e-14,4.0528533585021788e-14,4.267781106608942e-19,4.5575777730796559e-26,1.4357135171639088e-11,6.3408311819581562e-16,0.0055113612825452322,0.00082898089448986086,1.0884252591198864e-08,1.420799727287053e-10,1.4055778325287694e-06,1.9869702469843386e-15,1.4068454605249976e-10,2.4390272042729501e-10
4.458798950444681e-08,0.11640260799999998,0.8585084662769803,0.0,0.0,0.33121519630659985,0.11315192193574666,0.022404400090491515,1.5366246719228675e-32,1.4171180123764465e-11,1.0980311936274108e-08,7.9147360707660049e-20,8.5537595611169739e-13,1.5400911035894248e-11,1.4331939579696862e-06,1.0166368208428189e-19,5.4104244904444383e-10,6.3060154157197949e-14,4.1750605037213419e-14,4.4183494992031087e-19,4.8016372083931254e-26,1.4606633074781625e-11,6.5673973344627312e-16,0.0055165996858947894,0.0008343345228710075,1.0950369041969562e-08,1.4460012690327167e-10,1.4214447980304647e-06,2.0298954889074329e-15,1.4486490080137554e-10,2.4671593856697102e-10
4.4880103550198184e-08,0.11640260799999998,0.8585084662769803,0.0,0.0,0.33120469651978918,0.11314677422060594,0.022401723762085202,1.6114786090578879e-32,1.457076000681434e-11,1.1294816984321571e-08,8.1106729206024783e-20,8.7612791533485149e-13,1.5671756774765727e-11,1.4497183167242157e-06,1.0648335845465532e-19,5.4915261926410993e-10,6.490562737985365e-14,4.3001817952896491e-14,4.5732947131937628e-19,5.0572025892328398e-26,1.485888223426624e-11,6.8006141797641242e-16,0.0055217308073671652,0.00083968717055420692,1.1016532815324535e-08,1.4714860915868713e-10,1.4373894639083054e-06,2.0735510001927165e-15,1.4914175531769104e-10,2.4954441718570955e-10
4.517221759594956e-08,0.11640260799999998,0.8585084662769803,0.0,0.0,0.33119430275314932,0.11314173153449057,0.022399047922155815,1.6895008153603964e-32,1.4979505011380343e-11,1.161630867685909e-08,8.3103295282658906e-20,8.9728649954149052e-13,1.5945683302692272e-11,1.4663343652480965e-06,1.1150067414705983e-19,5.5733830727169228e-10,6.6793628820426476e-14,4.4282684589620583e-14,4.7327172409865143e-19,5.3247438237688781e-26,1.5113895737811366e-11,7.0406354400690882e-16,0.0055267568080578687,0.00084503884120957769,1.108274386066632e-08,1.497255422593172e-10,1.4534115946716095e-06,2.1179466665319228e-15,1.535166897332016e-10,2.5238814827286474e-10
4.5464331641700937e-08,0.11640260799999998,0.8585084662769803,0.0,0.0,0.33118401288575999,0.11313679175985755,0.022396372568903762,1.7708058911250421e-32,1.5397580076890411e-11,1.1944896657449345e-08,8.5137580483587478e-20,9.188578163021645e-13,1.6222707104779132e-11,1.483042089222449e-06,1.1672249180771794e-19,5.6559972815685716e-10,6.8724879785223936e-14,4.5593722947049091e-14,4.8967192777091269e-19,5.6047470956847104e-26,1.537168664764526e-11,7.2876174525373505e-16,0.0055316798055242925,0.00085038953843597441,1.1149002125977131e-08,1.5233104812410135e-10,1.4695109528324968e-06,2.1630924827481722e-15,1.5799129868865175e-10,2.5524712380911374e-10
4.575644568745231e-08,0.11640260799999998,0.8585084662769803,0.0,0.0,0.33117382483943297,0.11313195282182456,0.022393697700564381,1.8555119127673476e-32,1.5825152308917325e-11,1.2280691517690867e-08,8.7210112002225164e-20,9.4084803613645723e-13,1.650284465744554e-11,1.4998414742587376e-06,1.2215587004185541e-19,5.7393709447808995e-10,7.0700109517127508e-14,4.6935456790583819e-14,5.0654047399161527e-19,5.8977153283886688e-26,1.5632268000498217e-11,7.5417191981397095e-16,0.0055365018746631302,0.00085573926576243832,1.1215307557874719e-08,1.5496524782035289e-10,1.4856872989061964e-06,2.2089985535652325e-15,1.6256719132335098e-10,2.5812133576607692e-10
4.604855973320369e-08,0.11640260799999998,0.8585084662769803,0.0,0.0,0.33116373657785192,0.11312721268731045,0.022391023315407186,1.9437405196084379e-32,1.6262390995210574e-11,1.2623804795908434e-08,8.9321422741226131e-20,9.6326339283862793e-13,1.6786112428414384e-11,1.516732505896705e-06,1.278080678214356e-19,5.823506162600126e-10,7.2720055236058271e-14,4.8308415674741541e-14,5.2388792843858134e-19,6.2041686596632998e-26,1.5895652807594102e-11,7.8031023306637453e-16,0.0055412250485700901,0.00086108802664961544,1.1281660101666576e-08,1.576282615575879e-10,1.5019403914116576e-06,2.2556750943726462e-15,1.672459912631129e-10,2.6101077610595635e-10
4.6340673778955066e-08,0.11640260799999998,0.8585084662769803,0.0,0.0,0.33115374610572779,0.11312256936419259,0.022388349411735217,2.0356170024267113e-32,1.6709467621668409e-11,1.2974348975734688e-08,9.1472051375016999e-20,9.8611018380296677e-13,1.707252687670155e-11,1.5337151696024044e-06,1.3368654896569607e-19,5.9084050099071686e-10,7.4785462179387878e-14,4.9713134966280103e-14,5.4172503270089628e-19,6.5246449269246735e-26,1.6161854054641273e-11,8.0719312058669946e-16,0.0055458513193822941,0.00086643582449114748,1.1348059701402481e-08,1.6032020868138971e-10,1.5182699868724756e-06,2.3031324319865446e-15,1.7202933660655195e-10,2.6391543678118883e-10
4.663278782470644e-08,0.11640260799999998,0.8585084662769803,0.0,0.0,0.33114385146797237,0.1131180209004817,0.022385675987884313,2.1312703938064291e-32,1.7166555888247275e-11,1.333243748458272e-08,9.3662542413016632e-20,1.0093947703488629e-12,1.7362104452604863e-11,1.5507894507663112e-06,1.397989866952553e-19,5.9940695361910529e-10,7.6897083642293749e-14,5.1150155867072222e-14,5.6006270617698588e-19,6.8597001632655289e-26,1.6430884701822814e-11,8.3483729107773237e-16,0.0055503826391036784,0.0008717826626150339,1.1414506299925471e-08,1.6304120766730771e-10,1.5346758398181191e-06,2.351381005406077e-15,1.7691887990973381e-10,2.6683530973411528e-10
4.692490187045782e-08,0.11640260799999998,0.8585084662769803,0.0,0.0,0.33113405074888813,0.11311356538351301,0.022383003042222471,2.2308335603136835e-32,1.7633831724806009e-11,1.3698184692009452e-08,9.5893446263545685e-20,1.0331235780455798e-12,1.7654861597692748e-11,1.5679553347015233e-06,1.4615326826056224e-19,6.080501765522544e-10,7.9055681018058725e-14,5.2620025436724551e-14,5.7891204798185758e-19,7.2099091044579787e-26,1.6702757683786223e-11,8.6325972931403781e-16,0.0055548209204137463,0.00087712854428496586,1.1480999838921225e-08,1.6579137611479082e-10,1.5511577027854591e-06,2.4004313665651939e-15,1.8191628816917447e-10,2.697703868966644e-10
4.7217015916209195e-08,0.11640260799999998,0.8585084662769803,0.0,0.0,0.33112434207137492,0.11310920093915382,0.022380330573149202,2.3344432965306441e-32,1.8111473306882165e-11,1.4071705907969545e-08,9.8165319298429109e-20,1.0573030970367401e-12,1.7950814744792523e-11,1.5852128066420346e-06,1.5275749964546265e-19,6.1677036965279148e-10,8.126202383831459e-14,5.4123296614940035e-14,5.9828433886347682e-19,7.575865707093259e-26,1.6977485909632407e-11,8.9247769910138121e-16,0.0055591680374600235,0.00088247347270163244,1.1547540258965998e-08,1.6857083074115879e-10,1.5677153263206036e-06,2.4502941810797651e-15,1.8702324280318417e-10,2.7272066019005184e-10
4.750912996196057e-08,0.11640260799999998,0.8585084662769803,0.0,0.0,0.33111472359615096,0.11310492573102696,0.022377658579094857,2.4422404209794573e-32,1.8599661071397717e-11,1.4453117380959669e-08,1.0047872391829534e-19,1.081939882364512e-12,1.8249980317978428e-11,1.6025618517410921e-06,1.5962001034666262e-19,6.255677302362932e-10,8.3516889813229518e-14,5.5660528243621514e-14,6.1819104312826201e-19,7.9581836780378349e-26,1.7255082262904179e-11,9.2250874625081874e-16,0.0055634258266345354,0.0008878174510040021,1.1614127499573044e-08,1.7137968737561286e-10,1.5843484589810289e-06,2.5009802289898055e-15,1.9224143963155127e-10,2.756861215244922e-10
4.780124400771195e-08,0.11640260799999998,0.8585084662769803,0.0,0.0,0.33110519352099232,0.11310073795975006,0.022374987058520028,2.554369873967637e-32,1.9098577732291529e-11,1.4842536296052953e-08,1.0283422861857509e-19,1.107040554293504e-12,1.855237473255931e-11,1.6200024550696272e-06,1.6674935822986882e-19,6.3444245306870647e-10,8.5821064871638824e-14,5.7232285088714299e-14,6.3864381057567022e-19,8.3574970153869907e-26,1.7535559601574135e-11,9.5337070156742463e-16,0.0055675960873346197,0.00089316048227057682,1.1680761499237618e-08,1.7421806095328374e-10,1.6010568473380067e-06,2.5525004054966916e-15,1.9757258885356399e-10,2.7866676279892553e-10
4.8093358053463324e-08,0.11640260799999998,0.8585084662769803,0.0,0.0,0.33109575007998532,0.11309663586219004,0.022372316009914944,2.6709808173872675e-32,1.9608408296075955e-11,1.5240080772823476e-08,1.0523240805620303e-19,1.1326117986343563e-12,1.8858014395066079e-11,1.6375346016147575e-06,1.7415433446339276e-19,6.4339473036379214e-10,8.8175343201119187e-14,5.8839137861785911e-14,6.5965447844185348e-19,8.7744605610989261e-26,1.7818930758032006e-11,9.850816838536452e-16,0.0055716805827084135,0.00089850256952061992,1.174744219548064e-08,1.7708606550932261e-10,1.617840235979328e-06,2.6048657216952187e-15,2.030184150243642e-10,2.8166257590075738e-10
4.83854720992147e-08,0.11640260799999998,0.8585084662769803,0.0,0.0,0.33108639154279473,0.1130926177107327,0.022369645431798819,2.7922267365008326e-32,2.0129340077314743e-11,1.5645869863160605e-08,1.0767384311702591e-19,1.158660367067034e-12,1.9166915703238864e-11,1.6551582762783633e-06,1.8184396853000567e-19,6.524247517805964e-10,9.0580527288005433e-14,6.0481663241340794e-14,6.8123507335236198e-19,9.2097505654940442e-26,1.8105208539071452e-11,1.0176601029272495e-15,0.0055756810403852948,0.00090384371571536023,1.1814169524890968e-08,1.7998381417303274e-10,1.6346983675123218e-06,2.6580873053003942e-15,2.0858065702963207e-10,2.8467355270561008e-10
4.867758614496608e-08,0.11640260799999998,0.8585084662769803,0.0,0.0,0.3310771162139477,0.11308868181256683,0.022366975322719317,2.9182655437469443e-32,2.0661562714019807e-11,1.6060023548973128e-08,1.1015912098391996e-19,1.1851930774638175e-12,1.9479095046013981e-11,1.6728734638757288e-06,1.8982753331783746e-19,6.6153270442094808e-10,9.3037427957350553e-14,6.2160443893868124e-14,7.0339781328387174e-19,9.6640652638062159e-26,1.8394405725876388e-11,1.0511246626538592e-15,0.0055795991531916054,0.00090918392375917098,1.1880943423166368e-08,1.8291141916204465e-10,1.6516309825671584e-06,2.7121764013687262e-15,2.1426106805859772e-10,2.876996850770879e-10
4.8969700190717453e-08,0.11640260799999998,0.8585084662769803,0.0,0.0,0.33106792243213007,0.11308482650898324,0.022364305681251931,3.0492596845997899e-32,2.1205268182963962e-11,1.648266273978298e-08,1.1268883520562116e-19,1.2122168142119856e-12,1.9794568803510543e-11,1.6906801491342525e-06,1.981145502911123e-19,6.7071877282698749e-10,9.5546864412827765e-14,6.3876068494620574e-14,7.2615510953490935e-19,1.013812546497439e-25,1.8686535074006743e-11,1.085494363994043e-15,0.0055834365798519536,0.00091452319650072486,1.194776382515323e-08,1.8586899177653627e-10,1.6686378198004509e-06,2.7671443730140117e-15,2.2006141557537648e-10,2.9074096486655351e-10
4.926181423646883e-08,0.11640260799999998,0.8585084662769803,0.0,0.0,0.3310588085694996,0.11308105017468724,0.022361636505999458,3.1853762455165645e-32,2.1760650814907079e-11,1.6913909270208549e-08,1.1526358576627137e-19,1.239738528536197e-12,2.0113353347017e-11,1.70857831669222e-06,2.0671479474152161e-19,6.799831389787261e-10,9.8109664276575033e-14,6.5629131748122278e-14,7.4951956870555777e-19,1.0632675152864958e-25,1.8981609313383754e-11,1.1207885080649401e-15,0.0055871949456763586,0.00091986153673412547,1.2014630664885061e-08,1.8885664239349764e-10,1.685718615899137e-06,2.8230027021173195e-15,2.2598348128862629e-10,2.9379738391291618e-10
4.9553928282220206e-08,0.11640260799999998,0.8585084662769803,0.0,0.0,0.33104977303101013,0.11307735121712557,0.022358967795591423,3.3267870640077142e-32,2.2327907309733033e-11,1.7353885897337514e-08,1.17883979155684e-19,1.2677652388205571e-12,2.0435465038977334e-11,1.7265679510976409e-06,2.156383011210338e-19,6.8932598229163959e-10,1.0072666362898154e-13,6.7420234408404045e-14,7.7350399468611136e-19,1.1148482100117047e-25,1.9279641148274803e-11,1.1570266992164103e-15,0.0055908758432335589,0.00092519894720001603,1.2081543875619742e-08,1.9187448046104349e-10,1.7028731055846503e-06,2.8797629900311655e-15,2.3202906111952439e-10,2.9686893404243116e-10
4.984604232797158e-08,0.11640260799999998,0.8585084662769803,0.0,0.0,0.3310408142537517,0.11307372807582676,0.022356299548683518,3.473668840865297e-32,2.2907236751494613e-11,1.7802716297989016e-08,1.2055062844033167e-19,1.2963040309303813e-12,2.0760920232977102e-11,1.7446490368071432e-06,2.2489536845694619e-19,6.9874747961429833e-10,1.0339870704841583e-13,6.9249983298963798e-14,7.9812139065466298e-19,1.1686338494804855e-25,1.9580643257277777e-11,1.1942288481216714e-15,0.0055944808330107383,0.00093053543058666476,1.2148503389875657e-08,1.9492261449277264e-10,1.7201010216173729e-06,2.9374369582776555e-15,2.3819996516806171e-10,2.9995560706850955e-10
5.013815637372296e-08,0.11640260799999998,0.8585084662769803,0.0,0.0,0.33103193070630244,0.11307017922175427,0.022353631763957119,3.6262032545853158e-32,2.3498840623363935e-11,1.8260525065865306e-08,1.2326415333505994e-19,1.32536205853364e-12,2.1089735273729339e-11,1.7628215581849301e-06,2.3449656584998674e-19,7.0824780522603098e-10,1.0612664765089561e-13,7.1118991332450474e-14,8.2338496108359401e-19,1.224706158011293e-25,1.9884628293304965e-11,1.2324151748824182e-15,0.0055980114440599572,0.00093587098953102862,1.2215509139466639e-08,1.980011520621776e-10,1.7374020948013703e-06,2.9960364492404602e-15,2.4449801767765259e-10,3.0305739479153985e-10
5.0430270419474335e-08,0.11640260799999998,0.8585084662769803,0.0,0.0,0.33102312088809488,0.11306670315667362,0.02235096444011871,3.7845770780203799e-32,2.4102922822485564e-11,1.8727437708592661e-08,1.2602518027552957e-19,1.3549465434220926e-12,2.1421926497060183e-11,1.7810854995017861e-06,2.4445273805627692e-19,7.1782713083463281e-10,1.0891134712969875e-13,7.3027877530069623e-14,8.4930811375494954e-19,1.2831494307222228e-25,2.0191608883566569e-11,1.2716062121483886e-15,0.0056014691746315492,0.00094120562661979584,1.2282561055535884e-08,2.0111019979710338e-10,1.7547760539894092e-06,3.0555734268505567e-15,2.5092505699805857e-10,3.06174288998718e-10
5.072238446522571e-08,0.11640260799999998,0.8585084662769803,0.0,0.0,0.33101438332879335,0.11306329841253146,0.022348297575899401,3.9489822972996286e-32,2.4719689674729711e-11,1.9203580644651828e-08,1.2883434249139142e-19,1.385064775832106e-12,2.1757510229894428e-11,1.7994408449341482e-06,2.5477501115396863e-19,7.2748562557410986e-10,1.1175367579491542e-13,7.4977267040708624e-14,8.759044617846673e-19,1.3440506001606678e-25,2.0501597629553737e-11,1.3118228082513653e-15,0.0056048554927947527,0.00094653934439040642,1.2349659068588743e-08,2.0424986337425854e-10,1.7722226260882488e-06,3.1160599772654693e-15,2.5748293554662589e-10,3.0930628146388838e-10
5.101449851097709e-08,0.11640260799999998,0.8585084662769803,0.0,0.0,0.33100571658768557,0.11305996355084744,0.022345631170054447,4.1196162330533407e-32,2.5349349949342969e-11,1.9689081200197691e-08,1.3169228008019598e-19,1.4157241147651522e-12,2.2096502790240794e-11,1.8178875785632193e-06,2.6547479829537401e-19,7.3722345600246861e-10,1.1465451261294095e-13,7.6967791159780191e-14,9.0318782565564228e-19,1.4074993042941925e-25,2.081460710702121e-11,1.3530861303535862e-15,0.0056081718370458323,0.00095187214533205247,1.2416803108524503e-08,2.074202475137781e-10,1.7897415360642124e-06,3.1775083095420072e-15,2.6417351976783418e-10,3.1245336394739374e-10
5.1306612556728465e-08,0.11640260799999998,0.8585084662769803,0.0,0.0,0.3309971192530855,0.11305669716211851,0.022342965221362719,4.2966816639802518e-32,2.5992114873493771e-11,2.0184067605768442e-08,1.3459964008204192e-19,1.446931988307992e-12,2.2438920487177246e-11,1.8364256843741403e-06,2.7656380554540715e-19,7.4704078609954877e-10,1.1761474524590972e-13,7.9000087347781921e-14,9.3117223525959855e-19,1.4735879558829552e-25,2.1130649865969608e-11,1.3954176676105452e-15,0.0056114196169039293,0.00095720403188665729,1.2483993104667121e-08,2.1062145597384034e-10,1.8073325069490318e-06,3.2399307563022481e-15,2.7099869009115737e-10,3.1561552819593551e-10
5.159872660247984e-08,0.11640260799999998,0.8585084662769803,0.0,0.0,0.33098858994174879,0.11305349786523491,0.022340299728626237,4.4803869527961385e-32,2.6648198146710081e-11,2.068866899288421e-08,1.375570765549659e-19,1.4786958939525286e-12,2.2784779620835918e-11,1.8550551462552061e-06,2.8805403780716268e-19,7.5693777726490405e-10,1.2063527009106874e-13,8.1074799248570591e-14,9.5987193194774766e-19,1.5424118132542489e-25,2.1449738430627275e-11,1.4388392343481576e-15,0.0056146002134949283,0.00096253500644983528,1.255122898579503e-08,2.13853591545338e-10,1.8249952598459656e-06,3.3033397743927055e-15,2.7796034088723471e-10,3.1879276594244115e-10
5.189084064823122e-08,0.11640260799999998,0.8585084662769803,0.0,0.0,0.33098012729829906,0.11305036430690825,0.022337634690669725,4.6709461746027682e-32,2.7317815955206656e-11,2.1203015390535273e-08,1.4056525065107751e-19,1.5110233989153478e-12,2.3134096482388156e-11,1.8737759479971349e-06,2.9995780483545569e-19,7.6691458831572717e-10,1.2371699232009228e-13,8.3192576707349145e-14,9.8930137059020505e-19,1.6140690524998654e-25,2.177188529943179e-11,1.4833729732542725e-15,0.0056177149801235277,0.00096786507137183297,1.2618510680169961e-08,2.1711675604660616e-10,1.8427295139361895e-06,3.3677479455365011e-15,2.8506038042235313e-10,3.2198506890594089e-10
5.2182954693982594e-08,0.11640260799999998,0.8585084662769803,0.0,0.0,0.33097172999466745,0.11304729516111077,0.022334970106340106,4.8685792477169431e-32,2.8001186986099185e-11,2.1727237721559832e-08,1.4362483069344224e-19,1.5439221404569257e-12,2.3486887354029261e-11,1.892588073292379e-06,3.1228772733915624e-19,7.7697137548482894e-10,1.2686082591833605e-13,8.5354075788364972e-14,1.0194752216441427e-18,1.6886608411172256e-25,2.2097102945011112e-11,1.5290413585845087e-15,0.0056207652428337893,0.00097319422895844859,1.2685838115564837e-08,2.2041105031820562e-10,1.8605349864854512e-06,3.4331679769784246e-15,2.9230073081124039e-10,3.2519242879145352e-10
5.247506873973397e-08,0.11640260799999998,0.8585084662769803,0.0,0.0,0.33096339672954173,0.11304428912852627,0.022332305974506087,5.073512066999885e-32,2.8698532441502825e-11,2.2261467798911626e-08,1.4673649225371546e-19,1.577399826200515e-12,2.3843168508963205e-11,1.9114915057344828e-06,3.2505674317314629e-19,7.8710829241866476e-10,1.3006769372403105e-13,8.7559958792317835e-14,1.0504083732306512e-18,1.7662914131153823e-25,2.2425403814164376e-11,1.5758671993823919e-15,0.0056237523009583989,0.000978522481471936,1.2753211219290798e-08,2.2373657421776545e-10,1.8784113928510037e-06,3.4996127021227411e-15,2.9968332796816999e-10,3.2841483728987953e-10
5.2767182785485347e-08,0.11640260799999998,0.8585084662769803,0.0,0.0,0.33095512622782736,0.11304134493601178,0.022329642294057712,5.2859766397278159e-32,2.9410076052512453e-11,2.2805838321817318e-08,1.4990091823053063e-19,1.6114642344506985e-12,2.4202956211387222e-11,1.9304862288174829e-06,3.3827811362074033e-19,7.9732549017541641e-10,1.3333852746741756e-13,8.9810894273475648e-14,1.0821159332202906e-18,1.8470681456072111e-25,2.2756800327842339e-11,1.6238736427137721e-15,0.0056266774276568354,0.00098384983113188615,1.2820629918223296e-08,2.270934266148841e-10,1.8963584464887916e-06,3.5670950811636054e-15,3.0721012155637737e-10,3.3165228607790167e-10
5.305929683123672e-08,0.11640260799999998,0.8585084662769803,0.0,0.0,0.33094691724011926,0.1130384613360704,0.022326979063905916,5.506211224045192e-32,3.0136044093062029e-11,2.3360482871824027e-08,1.5311879892864529e-19,1.6461232145116163e-12,2.4566266716476283e-11,1.9495722259353525e-06,3.5196542976740462e-19,8.0762311722312686e-10,1.3667426780981796e-13,9.2107557056496693e-14,1.1146132313272964e-18,1.9311016369092885e-25,2.3091304881127514e-11,1.6730841769154979e-15,0.0056295418704427136,0.00098917628011609745,1.2888094138827421e-08,2.3048170538609065e-10,1.914375858960912e-06,3.6356282017079618e-15,3.1488307493578969e-10,3.3490476681789336e-10
5.33514108769881e-08,0.11640260799999998,0.8585084662769803,0.0,0.0,0.33093876854218457,0.11303563710633438,0.022324316282982093,5.7344604700426379e-32,3.0876665393660528e-11,2.3925535908736908e-08,1.5639083213884771e-19,1.6813846870048574e-12,2.4933116270367544e-11,1.9687494803814818e-06,3.6613261896661931e-19,8.1800131943789164e-10,1.400758643826493e-13,9.4450628252956849e-14,1.1479158212124261e-18,2.018505786171152e-25,2.3428929843214012e-11,1.7235226348583271e-15,0.0056323468517004887,0.00099450183056141832,1.2955603807182341e-08,2.3390150740986656e-10,1.9324633399433336e-06,3.7052252793907901e-15,3.227041651090701e-10,3.3817227115783496e-10
5.3643524922739476e-08,0.11640260799999998,0.8585084662769803,0.0,0.0,0.3309306789344551,0.11303287104905903,0.022321653950237719,5.9709755635022345e-32,3.1632171355001941e-11,2.4501132766447263e-08,1.5971772321862663e-19,1.7172566441870238e-12,2.5303521110144607e-11,1.9880179753482016e-06,3.8079395139872723e-19,8.2846024010210902e-10,1.4354427582637444e-13,9.684079527757979e-14,1.1820394825944142e-18,2.1093978745558452e-25,2.3769687557387025e-11,1.775213197224052e-15,0.0056350935691917379,0.00099982648456458279,1.3023158849004972e-08,2.3735292856173111e-10,1.9506205972338782e-06,3.7758996584825485e-15,3.3067538266597709e-10,3.4145479073123571e-10
5.393563896849085e-08,0.11640260799999998,0.8585084662769803,0.0,0.0,0.3309226472415307,0.11303016199062649,0.02231899206464389,6.2160143723534084e-32,3.2402795961446557e-11,2.5087409648651101e-08,1.6310018517360868e-19,1.7537471502669502e-12,2.5677497463821836e-11,2.0073776939263414e-06,3.9596404672361729e-19,8.3900001990278682e-10,1.470804698293923e-13,9.9278751864169769e-14,1.2170002233700105e-18,2.2038986479938178e-25,2.4113590341002053e-11,1.8281803957968134e-15,0.00563778319655126,0.0010051502441830228,1.3090759189672847e-08,2.4083606370938795e-10,1.9688473367604576e-06,3.8476648124887384e-15,3.387987317260422e-10,3.4475231715706339e-10
5.422775301424223e-08,0.11640260799999998,0.8585084662769803,0.0,0.0,0.33091467231169219,0.1130275087810597,0.022316330625190995,6.4698415958833355e-32,3.3188775794371309e-11,2.5684503624458551e-08,1.6653893873976514e-19,1.7908643417225989e-12,2.6055061550328493e-11,2.0268286191048266e-06,4.1165788082809623e-19,8.4962079692991353e-10,1.5068542316686684e-13,1.0176519808124406e-13,1.2528142817425803e-18,2.3021324015324808e-25,2.4460650485463867e-11,1.8824491167685845e-15,0.0056404168837731567,0.0010104731114356652,1.3158404754246276e-08,2.4435100670793809e-10,1.9871432625895777e-06,3.9205343447413592e-15,3.4707622987956691e-10,3.480648420396805e-10
5.4519867059993605e-08,0.11640260799999998,0.8585084662769803,0.0,0.0,0.33090675301642464,0.11302491029354622,0.022313669630888242,6.7327289167463754e-32,3.3990350045386384e-11,2.6292552623894332e-08,1.7003471246639229e-19,1.8286164276176037e-12,2.643622957949289e-11,2.0463707337703109e-06,4.2789079266879764e-19,8.603227066748892e-10,1.543601217394943e-13,1.0430084034736509e-13,1.2894981283592383e-18,2.4042270653038877e-25,2.4810880256205143e-11,1.9380446040588051e-15,0.0056429957576871123,0.0010157950883037145,1.3226095467489743e-08,2.4789785039515517e-10,2.0055080769350839e-06,3.9945219889822887e-15,3.5550990812694226e-10,3.5139235696878618e-10
5.481198110574498e-08,0.11640260799999998,0.8585084662769803,0.0,0.0,0.33089888824994906,0.11302236542397123,0.022311009080763337,7.0049551558176593e-32,3.4807760529415664e-11,2.6911695433289518e-08,1.7358824279986744e-19,1.8670116899174849e-12,2.6821017752026423e-11,2.0660040207068388e-06,4.4467849121149077e-19,8.7110588202901992e-10,1.5810556061220878e-13,1.0688639144616984e-13,1.3270684684564894e-18,2.5103142921332069e-25,2.5164291892664875e-11,1.9949924626481331e-15,0.0056455209224251157,0.0010211161767314184,1.3293831253892594e-08,2.5147668658683109e-10,2.0239414801671784e-06,4.0696416099382157e-15,3.6410181081629265e-10,3.5473485351936469e-10
5.510409515149636e-08,0.11640260799999998,0.8585084662769803,0.0,0.0,0.33089107692876552,0.11301987309046058,0.022308348973862097,7.286806429936665e-32,3.5641251697638614e-11,2.7542071690564854e-08,1.7720027416818456e-19,1.9060584838055161e-12,2.7209442259507638e-11,2.0857284625955445e-06,4.620370624676447e-19,8.8197045328208087e-10,1.6192274405282621e-13,1.0952257054109584e-13,1.3655422440143526e-18,2.620529546810892e-25,2.5520897608266527e-11,2.0533186619263027e-15,0.0056479934598787128,0.0010264363786268158,1.3361612037689022e-08,2.550876060721842e-10,2.0424431708216726e-06,4.1459072038873291e-15,3.7285399557944754e-10,3.5809232325163959e-10
5.5396209197247734e-08,0.11640260799999998,0.8585084662769803,0.0,0.0,0.33088331799120324,0.11301743223293255,0.022305689309248044,7.5785763125872017e-32,3.6491070650290848e-11,2.8183821880406031e-08,1.80871559066272e-19,1.9457652379982493e-12,2.7601519284366165e-11,2.1055440420143867e-06,4.7998297662911444e-19,8.929165481209428e-10,1.6581268557062607e-13,1.1221010318980208e-13,1.4049366359189438e-18,2.7350121970515823e-25,2.5880709590395917e-11,2.1130495390540631e-15,0.0056504144301471075,0.0010317556958624732,1.3429437742877443e-08,2.5873069860933828e-10,2.0610128456095018e-06,4.2233328992172388e-15,3.8176853326624412e-10,3.6146475771103322e-10
5.568832324299911e-08,0.11640260799999998,0.8585084662769803,0.0,0.0,0.3308756103969816,0.11301504181265883,0.022303030086002117,7.8805659975609145e-32,3.7357467149321299e-11,2.8837087329331118e-08,1.8460285814209588e-19,1.9861404550606964e-12,2.7997264999866706e-11,2.125450741437898e-06,4.9853309530181108e-19,9.0394429162826829e-10,1.6977640795487079e-13,1.1494972135828356e-13,1.4452690661334865e-18,2.8539056061630316e-25,2.6243740000378931e-11,2.1742118023391678e-15,0.0056527848719761745,0.0010370741302762026,1.3497308293239151e-08,2.6240605292087019e-10,2.0796501994264841e-06,4.3019329569744332e-15,3.9084750787716485e-10,3.6485214842813241e-10
5.598043728875049e-08,0.11640260799999998,0.8585084662769803,0.0,0.0,0.33086795312677902,0.11301270081183434,0.022300371303222252,8.1930844656520997e-32,3.8240693630903056e-11,2.950201020065053e-08,1.8839494028355174e-19,2.0271927117211633e-12,2.8396695570092903e-11,2.1454485432369882e-06,5.1770467883922821e-19,9.1505380628127863e-10,1.7381494331326315e-13,1.177421634346786e-13,1.4865571998777286e-18,2.9773572274485287e-25,2.6610000973458905e-11,2.2368325346264038e-15,0.0056551058031886732,0.0010423916836717693,1.3565223612356392e-08,2.6611375668942748e-10,2.0983549253633326e-06,4.3817217714047722e-15,4.0009301649431351e-10,3.6825448691865894e-10
5.6272551334501863e-08,0.11640260799999998,0.8585084662769803,0.0,0.0,0.33086034518181023,0.11301040823315571,0.022297712960023062,8.5164486544322407e-32,3.9141005217796021e-11,3.0178733489319941e-08,1.9224858270614766e-19,2.0689306591857399e-12,2.8799827149931259e-11,2.1655374296787521e-06,5.3751539377669427e-19,9.2624521195058985e-10,1.7792933311034061e-13,1.205881742427675e-13,1.5288189478157372e-18,3.1055187003664694e-25,2.6979504618773913e-11,2.3009391967016302e-15,0.0056573782211057659,0.00104770835781958,1.3633183623629795e-08,2.6985389655341653e-10,2.1171267147158984e-06,4.4627138704851364e-15,4.0950716921073215e-10,3.7167176468344519e-10
5.656466538025324e-08,0.11640260799999998,0.8585084662769803,0.0,0.0,0.33085278558341369,0.11300816309940821,0.022295055055535504,8.8509836311534322e-32,4.0058659731558253e-11,3.086740101668645e-08,1.9616457104148214e-19,2.1113630234524341e-12,2.9206675885055004e-11,2.1857173829263227e-06,5.5798332036722516e-19,9.3751862589912347e-10,1.8212062820580783e-13,1.2348850505516089e-13,1.5720724682520495e-18,3.2385459484709633e-25,2.735226301933373e-11,2.3665596307098013e-15,0.0056596031029600355,0.0010530241544573606,1.3701188250295232e-08,2.7362655810276236e-10,2.135965256995678e-06,4.5449239164460284e-15,4.1909208905806695e-10,3.7510397320841412e-10
5.6856779426004616e-08,0.11640260799999998,0.8585084662769803,0.0,0.0,0.33084527337264485,0.11300596445306117,0.022292397588906568,9.1970227688304735e-32,4.0993917704604238e-11,3.1568157425128446e-08,2.0014369942651946e-19,2.1544986056249628e-12,2.9617257911907944e-11,2.205988385038738e-06,5.7912696021985698e-19,9.4887416278109079e-10,1.8638988889280515e-13,1.2644391360617782e-13,1.6163361693361431e-18,3.3765992791575386e-25,2.7728288231996714e-11,2.4337220635869608e-15,0.005661781406300203,0.0010583390752908191,1.3769237415440104e-08,2.7743182587474247e-10,2.1548702399405475e-06,4.6283667062849792e-15,4.2884991193258444e-10,3.7855110396456536e-10
5.714889347175599e-08,0.11640260799999998,0.8585084662769803,0.0,0.0,0.3308378076098798,0.11300381135587123,0.022289740559298873,9.5549079255521925e-32,4.1947042392107359e-11,3.2281148172589525e-08,2.0418677059366545e-19,2.1983462822261821e-12,3.0031589357688314e-11,2.226350417970845e-06,6.0096524404133553e-19,9.6031193464105077e-10,1.9073818493611524e-13,1.2945516410441113e-13,1.6616287112752135e-18,3.5198434852382197e-25,2.810759228744639e-11,2.5024551105061798e-15,0.0056639140693876735,0.0010636531219942941,1.3837331042019031e-08,2.8126978334989299e-10,2.1738413495257383e-06,4.7130571722707367e-15,4.3878278651954485e-10,3.8201314840796449e-10
5.744100751750737e-08,0.11640260799999998,0.8585084662769803,0.0,0.0,0.33083038737442594,0.11300170288849397,0.022287083965890461,9.9249896270731646e-32,4.2918299783744272e-11,3.3006519527007e-08,2.0829459596164731e-19,2.2429150055111759e-12,3.0449686340332563e-11,2.2468034635732183e-06,6.2351753948204941e-19,9.7183205091304648e-10,1.9516659561030561e-13,1.3252302724497998e-13,1.7079690085552189e-18,3.6684479483704448e-25,2.8490187190167923e-11,2.5727877783374048e-15,0.0056660020115850886,0.0010689662962113933,1.3905469052869064e-08,2.8514051294798946e-10,2.1928782699750629e-06,4.7990103824379736e-15,4.4889287421593651e-10,3.8549009797973751e-10
5.7733121563258745e-08,0.11640260799999998,0.8585084662769803,0.0,0.0,0.33082301176414053,0.11299963815010303,0.022284427807874388,1.0307627252737817e-31,4.3907958615278857e-11,3.3744418560635353e-08,2.1246799572719991e-19,2.2882138037799765e-12,3.0871564968499345e-11,2.2673475035921056e-06,6.468036590870899e-19,9.8343461841982125e-10,1.9967620973780881e-13,1.3564828022146843e-13,1.7553762321701754e-18,3.8225867443645079e-25,2.8876084918424398e-11,2.644749469121214e-15,0.0056680461337370626,0.0010742785995556132,1.3973651370724308e-08,2.8904409602410379e-10,2.2119806837723611e-06,4.8862415410725937e-15,4.5918234905157873e-10,3.8898194410606872e-10
5.802523560901012e-08,0.11640260799999998,0.8585084662769803,0.0,0.0,0.33081567989505689,0.11299761625801723,0.022281772084458477,1.0703189224789529e-31,4.4916290379983382e-11,3.4494993144265182e-08,2.1670779895756134e-19,2.3342517816899398e-12,3.1297241341553171e-11,2.2879825196694035e-06,6.7084386835332888e-19,9.9511974137210906e-10,2.0426812572693803e-13,1.3883170673754848e-13,1.8038698118596709e-18,3.9824387503944057e-25,2.9265297424232914e-11,2.7183699835564426e-15,0.0056700473185432344,0.0010795900336109535,1.4041877918230075e-08,2.9298061286473707e-10,2.2311482716731968e-06,4.9747659891873156e-15,4.6965339760859725e-10,3.9248867819820373e-10
5.83173496547615e-08,0.11640260799999998,0.8585084662769803,0.0,0.0,0.33080839090101849,0.11299563634733487,0.022279116794865002,1.1112053201118151e-31,4.5943569339894657e-11,3.5258391941338121e-08,2.2101484368378166e-19,2.3810381205677529e-12,3.172673154954839e-11,2.3087084933426433e-06,6.9565889389340245e-19,1.0068875213680109e-09,2.0894345160984028e-13,1.4207409701828737e-13,1.8534694383545721e-18,4.1481877541371543e-25,2.965783663334057e-11,2.7936795245016507e-15,0.0056720064309238013,0.0010849005999325121,1.4110148617956537e-08,2.9695014268402929e-10,2.2503807127167745e-06,5.0645992049875932e-15,4.8030821893927942e-10,3.9601029165245536e-10
5.8609463700512875e-08,0.11640260799999998,0.8585084662769803,0.0,0.0,0.33080114393332027,0.11299369757057562,0.02227646193833038,1.153460627150003e-31,4.6990072536902851e-11,3.6034764401958071e-08,2.2538997699484702e-19,2.4285820787210935e-12,3.2160051673213019e-11,2.329525406045007e-06,7.2126993170750108e-19,1.0187380573924512e-09,2.1370330508038497e-13,1.4537624782113757e-13,1.9041950656308969e-18,4.3200225648658844e-25,3.0053714445200252e-11,2.8707087004904375e-15,0.0056739243183777047,0.0010902103000470737,1.41784633924119e-08,3.0095276362004668e-10,2.2696776842380971e-06,5.1557568043276733e-15,4.9114902448231522e-10,3.9954677585021474e-10
5.890157774626425e-08,0.11640260799999998,0.8585084662769803,0.0,0.0,0.33079393816035646,0.11299179909732958,0.022273807514104908,1.1971245157385462e-31,4.8056079803670619e-11,3.6824260756799728e-08,2.2983405513262208e-19,2.4768929917499183e-12,3.2597217783932617e-11,2.3504332391053594e-06,7.4769865556385646e-19,1.0306714458167164e-09,2.1854881353198908e-13,1.487389624466092e-13,1.9560669131718307e-18,4.4981371265221956e-25,3.0452942732946285e-11,2.9494885292605387e-15,0.0056758018113335718,0.001095519135453682,1.4246822164055078e-08,3.0498855273114886e-10,2.2890388618803453e-06,5.2482545411566744e-15,5.0217803797743139e-10,4.0309812215796381e-10
5.919369179201563e-08,0.11640260799999998,0.8585084662769803,0.0,0.0,0.33078677276727697,0.11298994011391338,0.02227115352145247,1.2422376415289141e-31,4.9141873774380511e-11,3.762703201091439e-08,2.3434794358761445e-19,2.5259802728573965e-12,3.3038245943734217e-11,2.3714319737483008e-06,7.7496722548883079e-19,1.0426877803980787e-09,2.2348111409537814e-13,1.5216305074862367e-13,2.0091054682378499e-18,4.6827306327934489e-25,3.085553334337003e-11,3.0300504412967224e-15,0.0056776397234936061,0.0011008271076242029,1.4315224855307974e-08,3.0905758599243472e-10,2.3084639196074934e-06,5.34210830795468e-15,5.1339749537842398e-10,4.0666432192729348e-10
5.9485805837767004e-08,0.11640260799999998,0.8585084662769803,0.0,0.0,0.33077964695564915,0.11298811982303317,0.022268499959650249,1.2888416643840011e-31,5.0247739895308288e-11,3.8443229937434046e-08,2.389325171955633e-19,2.5758534131604784e-12,3.3483152205270195e-11,2.3925215910942409e-06,8.030982963675067e-19,1.0547871522795079e-09,2.2850135367628317e-13,1.5564932914454796e-13,2.0633314881449329e-18,4.8740076442209334e-25,3.1261498096895229e-11,3.112426283387427e-15,0.0056794388521705357,0.0011061342180038757,1.4383671388567285e-08,3.1315993829226787e-10,2.3279525297171388e-06,5.4373341361585712e-15,5.2480964476459995e-10,4.1024536649492354e-10
5.977791988351838e-08,0.11640260799999998,0.8585084662769803,0.0,0.0,0.33077255994312765,0.1129863374434546,0.022265846827988496,1.3369792694547693e-31,5.1373966435220021e-11,3.9273007071174156e-08,2.4358866023485565e-19,2.6265219820000966e-12,3.3931952611802247e-11,2.4137020721594884e-06,8.321150266556871e-19,1.0669696499894662e-09,2.3361068899307322e-13,1.5919862062490803e-13,2.1187660025508302e-18,5.0721782073649794e-25,3.1670848787553327e-11,3.196648322195145e-15,0.0056811999786177828,0.0011114404680118532,1.4452161686215892e-08,3.1729568342888586e-10,2.3475043628535715e-06,5.533948196577711e-15,5.3641674625063192e-10,4.1384124718272729e-10
6.007003392926976e-08,0.11640260799999998,0.8585084662769803,0.0,0.0,0.33076551096312967,0.11298459220967916,0.022263194125770221,1.3866941886343432e-31,5.2520844495590762e-11,4.0116516702135705e-08,2.483172665247723e-19,2.677995627251006e-12,3.4384663197185426e-11,2.4349733978563608e-06,8.6204108720420981e-19,1.0792353594417932e-09,2.388102866143235e-13,1.6281175476278204e-13,2.1754303157493635e-18,5.2774579760533401e-25,3.2083597182958654e-11,3.2827492478405162e-15,0.0056829238683529775,0.0011167458590417292,1.4520695670633846e-08,3.2146489410708814e-10,2.3671190880210483e-06,5.6319667997991675e-15,5.4822107189483618e-10,4.1745195529775815e-10
6.036214797502113e-08,0.11640260799999998,0.8585084662769803,0.0,0.0,0.33075849926451856,0.11298288337162732,0.02226054185231096,1.4380312223954234e-31,5.3688668020642703e-11,4.097391286890732e-08,2.5311923952456843e-19,2.7302840756312562e-12,3.4841299985852052e-11,2.4563355489933048e-06,8.9290067019649169e-19,1.0915843639356818e-09,2.441013229963196e-13,1.6648956772287181e-13,2.2333460089727314e-18,5.4900683347393798e-25,3.2499755024283501e-11,3.3707621775000994e-15,0.0056846112714749389,0.0011220503924620579,1.4589273264208957e-08,3.2566764193500743e-10,2.386796372597296e-06,5.7314063965824933e-15,5.6022490560588104e-10,4.2107748213227961e-10
6.065426202077251e-08,0.11640260799999998,0.8585084662769803,0.0,0.0,0.33075152411129144,0.11298121019432771,0.022257890006938504,1.4910362620169776e-31,5.4877733807200742e-11,4.1845350351967919e-08,2.5799549243338874e-19,2.7833971330112911e-12,3.5301878992795873e-11,2.4777885062750454e-06,9.247184982002098e-19,1.104016744155741e-09,2.4948498452049585e-13,1.7023290227025132e-13,2.2925349427017859e-18,5.7102365239967608e-25,3.2919334026233107e-11,3.4607206590178203e-15,0.0056862629229742926,0.0011273540696168614,1.4657894389346985e-08,3.2990399742096681e-10,2.4065358823472357e-06,5.8322835782439991e-15,5.7243054304793648e-10,4.2471781896379764e-10
6.094637606652389e-08,0.11640260799999998,0.8585084662769803,0.0,0.0,0.33074458478227509,0.1129795719576131,0.022255238588992681,1.5457563122062395e-31,5.6088341514363312e-11,4.2730984666890634e-08,2.629469482910232e-19,2.8373446847226853e-12,3.5766416223556064e-11,2.4993322503027345e-06,9.5751983333404643e-19,1.1165325781721531e-09,2.5496246753080986e-13,1.7404260777879315e-13,2.3530192589842686e-18,5.9381957681776026e-25,3.3342345877020579e-11,3.5526586745300478e-15,0.0056878795430378081,0.0011326568918261261,1.4726558968481461e-08,3.3417402997041806e-10,2.4263372814369169e-06,5.9346150770303279e-15,5.8484029154426852e-10,4.2837295705509706e-10
6.123849011227526e-08,0.11640260799999998,0.8585084662769803,0.0,0.0,0.33073768057082703,0.11297796795582178,0.022252587597825082,1.6022395141221271e-31,5.732079367298638e-11,4.3630972057448732e-08,2.6797454007950383e-19,2.8921366958665033e-12,3.6234927674201411e-11,2.5209667615741296e-06,9.9133048655040094e-19,1.1291319414409229e-09,2.6053497837105195e-13,1.7791954023927097e-13,2.4148213837609496e-18,6.1741854052611987e-25,3.3768802238341679e-11,3.6466106441042991e-15,0.0056894618373466276,0.0011379588603862905,1.4795266924083154e-08,3.3847780788296519e-10,2.4462002324476658e-06,6.0384177664811972e-15,5.9745646997929465e-10,4.3204288765427893e-10
6.153060415802664e-08,0.11640260799999998,0.8585084662769803,0.0,0.0,0.33073081078454297,0.11297639749750583,0.02224993703279882,1.6605351688062784e-31,5.857539569497875e-11,4.4545469488624217e-08,2.7307921082554621e-19,2.9477832116212935e-12,3.670742933131448e-11,2.5426920204837766e-06,1.0261768270350089e-18,1.1418149068042201e-09,2.662037334220895e-13,1.8186456226713826e-13,2.4779640291996803e-18,6.418451018920723e-25,3.4198714745349563e-11,3.7426114293915272e-15,0.0056910104973684544,0.0011432599765707221,1.4864018178669192e-08,3.4281539834947477e-10,2.46612439639045e-06,6.1437086617815099e-15,6.1028140869910283e-10,4.3572760199480205e-10
6.182271820377802e-08,0.11640260799999998,0.8585084662769803,0.0,0.0,0.33072397474496962,0.1129748599051443,0.022247286893288334,1.7206937610279883e-31,5.9852455882406403e-11,4.5474634639519826e-08,2.7826191370384029e-19,3.0042943575507058e-12,3.7183937171975837e-11,2.5645080073232131e-06,1.0620857917243774e-18,1.1545815444908165e-09,2.7196995913904651e-13,1.8587854310998233e-13,2.5424701960372988e-18,6.6712445728353918e-25,3.4632095006629499e-11,3.8406963372919811e-15,0.0056925262006438807,0.001148560241630186,1.4932812654811795e-08,3.4718686744927203e-10,2.4861094327204482e-06,6.2505049201022695e-15,6.2331744941044955e-10,4.3942709129552548e-10
6.211483224952939e-08,0.11640260799999998,0.8585084662769803,0.0,0.0,0.33071717178732424,0.11297335451486312,0.022244637178679107,1.7827669835493978e-31,6.1152285436404333e-11,4.6418625896175036e-08,2.8352361214118952e-19,3.0616803399107316e-12,3.7664467163748328e-11,2.5864147022811786e-06,1.0990848949419698e-18,1.1674319221166214e-09,2.7783489208841663e-13,1.8996235865465398e-13,2.6083631759293766e-18,6.932824547275922e-25,3.5068954604173461e-11,3.9409011236346171e-15,0.0056940096110669382,0.0011538596567933009,1.5001650275146773e-08,3.5159228014742188e-10,2.5061549993518339e-06,6.3588238409307024e-15,6.3656694507824244e-10,4.431413467607541e-10
6.240694629528077e-08,0.11640260799999998,0.8585084662769803,0.0,0.0,0.33071040126021867,0.11297188067615978,0.022241987888367492,1.8468077618173996e-31,6.2475198465893383e-11,4.7377602344287223e-08,2.8886527992150528e-19,3.1199514459565758e-12,3.8149035264661404e-11,2.6084120854438457e-06,1.137202238154071e-18,1.1803661046853112e-09,2.8379977898511298e-13,1.9411689143407125e-13,2.6756665538077795e-18,7.2034560779912352e-25,3.5509305093354701e-11,4.0432619968700261e-15,0.0056954613791599931,0.0011591582232669906,1.5070530962381608e-08,3.5603170029210088e-10,2.5262607526727591e-06,6.468682866389081e-15,6.5003225982151884e-10,4.4687035958028693e-10
6.269906034103214e-08,0.11640260799999998,0.8585084662769803,0.0,0.0,0.33070366252539007,0.11297043775163437,0.022239339021760458,1.9128702790887785e-31,6.3821511996100657e-11,4.8351723761838257e-08,2.9428790129165732e-19,3.1791180442491451e-12,3.8637657423195521e-11,2.6305001367950553e-06,1.1764665198462638e-18,1.1933841545890578e-09,2.8986587672945048e-13,1.9834303063369776e-13,2.7444042102460022e-18,7.4834110974245939e-25,3.595315800290225e-11,4.1478156217768599e-15,0.0056968821423431012,0.0011644559422369209,1.5139454639303275e-08,3.6050519061205297e-10,2.5464263475605434e-06,6.5800995815425527e-15,6.6371576880793517e-10,4.5061412092946621e-10
6.299117438678352e-08,0.11640260799999998,0.8585084662769803,0.0,0.0,0.33069695495743584,0.11296902511672534,0.022236690578275389,1.9810100019952184e-31,6.5191545976881398e-11,4.9341150611627721e-08,2.9979247106818227e-19,3.2391905849611654e-12,3.9130349578266534e-11,2.6526788362165706e-06,1.2169070455214467e-18,1.2064861316093566e-09,2.96034452444064e-13,2.0264167209769522e-13,2.8146003238322677e-18,7.7729684782875648e-25,3.6400524834875451e-11,4.2545991231817296e-15,0.0056982725251979406,0.0011697528148679314,1.5208421228785754e-08,3.6501281271413864e-10,2.5666514373970711e-06,6.693091714695445e-15,6.7761985814676954e-10,4.5437262196923015e-10
6.32832884325349e-08,0.11640260799999998,0.8585084662769803,0.0,0.0,0.33069027794355571,0.11296764215945104,0.022234042557339868,2.051283706554877e-31,6.6585623290840542e-11,5.0346044033713381e-08,3.0537999474485557e-19,3.3001796001829131e-12,3.962712765921026e-11,2.6749481634883352e-06,1.2585537378203372e-18,1.2196720929179551e-09,3.0230678351075995e-13,2.0701371833474965e-13,2.8862793735503457e-18,8.0724141795204478e-25,3.6851417064638334e-11,4.3636500896925649e-15,0.00569963313972643,0.001175048842304459,1.5277430653797276e-08,3.6955462708096929e-10,2.5869356740843744e-06,6.8076771376765482e-15,6.9174692478045755e-10,4.5814585384616624e-10
6.357540247828627e-08,0.11640260799999998,0.8585084662769803,0.0,0.0,0.33068363088329672,0.11296628828015626,0.022231394958391475,2.1237495046373264e-31,6.8004069761252018e-11,5.1366565837759779e-08,3.110514886011273e-19,3.3620957042275722e-12,4.0128007585766963e-11,2.6973080982887488e-06,1.3014371467653983e-18,1.232942093077881e-09,3.0868415760730249e-13,2.1146007852357056e-13,2.9594661411680691e-18,8.3820413946679581e-25,3.7305846140834128e-11,4.4750065774453859e-15,0.0057009645856041218,0.0011803440256709491,1.534648283740724e-08,3.7413069306863364e-10,2.6072787080604285e-06,6.9238738661125348e-15,7.0609937637466528e-10,4.6193380769256701e-10
6.386751652403765e-08,0.11640260799999998,0.8585084662769803,0.0,0.0,0.33067701318830506,0.112964962891264,0.022228747780877581,2.1984668708887497e-31,6.9447214159774211e-11,5.2402878495295882e-08,3.1680797981142618e-19,3.4249495939362072e-12,4.0633005268066071e-11,2.7197586201949527e-06,1.3455884601291281e-18,1.2462961840445733e-09,3.1516787274413402e-13,2.1598166851806448e-13,3.0341857136335262e-18,8.7021507026992117e-25,3.776382348535957e-11,4.5887071138644861e-15,0.00570226745042851,0.001185638366072261,1.5415577702792899e-08,3.7874106890451497e-10,2.6276801883151339e-06,7.0417000596903634e-15,7.2067963120691767e-10,4.6573647462648815e-10
6.415963056978903e-08,0.11640260799999998,0.8585084662769803,0.0,0.0,0.3306704242820826,0.11296366541703211,0.022226101024255162,2.2754966701243574e-31,7.0915388213959816e-11,5.3455145131882482e-08,3.2265050655533303e-19,3.4887520489823562e-12,4.1142136606610736e-11,2.7422997086831166e-06,1.391039513927658e-18,1.2597344151671145e-09,3.2175923730102929e-13,2.2057941085218079e-13,3.1104634854788871e-18,9.0330502213012516e-25,3.82253604933394e-11,4.7047907014359859e-15,0.0057035423099623143,0.0011909318645940662,1.5484715173245771e-08,3.8338581168519656e-10,2.6481397624064912e-06,7.1611740224076599e-15,7.3549011805378839e-10,4.6955384575180726e-10
6.44517446155404e-08,0.11640260799999998,0.8585084662769803,0.0,0.0,0.33066386359974742,0.11296239529331492,0.02222345468799056,2.3549011851951088e-31,7.2408926614558074e-11,5.4523529519190471e-08,3.2858011812862892e-19,3.5535139321762411e-12,4.1655417492262742e-11,2.7649313431287497e-06,1.4378228030406114e-18,1.2732568331895714e-09,3.2845957006368363e-13,2.2525423474443063e-13,3.1883251612318545e-18,9.375055762675592e-25,3.8690468533100673e-11,4.8232968214947588e-15,0.0057047897283718854,0.0011962245223032342,1.5553895172177795e-08,3.880649773744635e-10,2.6686570764769724e-06,7.2823142028116926e-15,7.505332760766677e-10,4.7338591215828507e-10
6.474385866129178e-08,0.11640260799999998,0.8585084662769803,0.0,0.0,0.33065733058780034,0.11296115196732961,0.02222080877155937,2.4367441453358737e-31,7.3928167022608157e-11,5.5608196066990625e-08,3.3459787505521811e-19,3.6192461897685895e-12,4.217286380622719e-11,2.7876535028070044e-06,1.4859714919581675e-18,1.2868634822524323e-09,3.352702002602351e-13,2.300070761020796e-13,3.2677967578346812e-18,9.7284909918674358e-25,3.9159158946147159e-11,4.9442654380246649e-15,0.0057060102584607798,0.0012015163402482171,1.5623117623127214e-08,3.9277862080139183e-10,2.6892317752700754e-06,7.4051391942266564e-15,7.6581155470611913e-10,4.7723266492162815e-10
6.503597270704316e-08,0.11640260799999998,0.8585084662769803,0.0,0.0,0.3306508247038954,0.11295993489742741,0.022218163274446173,2.5210907550023134e-31,7.5473450076321603e-11,5.67093098150562e-08,3.4070484919992996e-19,3.6859598517540758e-12,4.269449142003746e-11,2.810466166893003e-06,1.5355194256562849e-18,1.3005544038941585e-09,3.4219246759772013e-13,2.3483887752501208e-13,3.3489046070707707e-18,1.0093687587657427e-24,3.9631443047133742e-11,5.0677370014721055e-15,0.0057072044418986613,0.001206807319459419,1.5692382449764266e-08,3.975267956585323e-10,2.7098635021470657e-06,7.5296677349688806e-15,7.8132741352483721e-10,4.8109409510355255e-10
6.532808675279453e-08,0.11640260799999998,0.8585084662769803,0.0,0.0,0.33064434541661542,0.11295874355286922,0.022215518196144413,2.6080077232038072e-31,7.704511939775272e-11,5.7827036424978767e-08,3.4690212388220267e-19,3.7536660321743772e-12,4.3220316195540154e-11,2.833369314462165e-06,1.5865011406010389e-18,1.3143296370528372e-09,3.4922772229846292e-13,2.3975058830927021e-13,3.4316753579987767e-18,1.0470985406046103e-24,4.0107332123840876e-11,5.1937524525728501e-15,0.0057083728094455563,0.0012120974609495648,1.5761689575896651e-08,4.0230955450018885e-10,2.7305518991039079e-06,7.6559187085506071e-15,7.97083322149221e-10,4.8497019375184905e-10
6.562020079854591e-08,0.11640260799999998,0.8585084662769803,0.0,0.0,0.33063789220525186,0.11295757741360604,0.022212873536156186,2.6975632933398639e-31,7.8643521599254687e-11,5.8961542171898761e-08,3.5319079399065092e-19,3.8223759294208371e-12,4.3750353984880155e-11,2.8563629244905431e-06,1.6389518758830328e-18,1.328189218067941e-09,3.5637732513639823e-13,2.4474316445026372e-13,3.5161359793942277e-18,1.0860732646361288e-24,4.0586837437148935e-11,5.3223532261921396e-15,0.005709515881171621,0.0012173867657140551,1.5831038925474693e-08,4.071269487407865e-10,2.7512966067883674e-06,7.7839111438714632e-15,8.1308176010957499e-10,4.8886095190045097e-10
6.591231484429728e-08,0.11640260799999998,0.8585084662769803,0.0,0.0,0.33063146455958892,0.11295643597006334,0.022210229293992058,2.7898272735475735e-31,8.0269006289720636e-11,6.0112993936151446e-08,3.5957196609852078e-19,3.89210082653674e-12,4.4284620630485689e-11,2.8794469758551672e-06,1.692907584482839e-18,1.3421331806821999e-09,3.6364264747332862e-13,2.4981756864565529e-13,3.6023137621986064e-18,1.1263286020018985e-24,4.106997022101269e-11,5.4535812551779957e-15,0.0057106341666724588,0.0012226752347313196,1.5900430422596389e-08,4.1197902865333815e-10,2.7720972645173062e-06,7.9136642153981477e-15,8.293252167289524e-10,4.927663605695013e-10
6.620442889004866e-08,0.11640260799999998,0.8585084662769803,0.0,0.0,0.33062506197969205,0.11295531872293038,0.022207585469170933,2.8848710675677168e-31,8.1921926080607368e-11,6.1281559194829258e-08,3.6604675858003424e-19,3.9628520915192131e-12,4.4823131965053582e-11,2.9026214473344013e-06,1.7484049446684354e-18,1.3561615560435777e-09,3.7102507129511314e-13,2.5497477029791685e-13,3.6902363219758811e-18,1.167901092196855e-24,4.155674168243584e-11,5.5874789742277675e-15,0.005711728165280117,0.0012279628689631599,1.5969863991512174e-08,4.1686584336800236e-10,2.7929535102941401e-06,8.0451972433321701e-15,8.4581619100065431e-10,4.9668641076542228e-10
6.649654293580004e-08,0.11640260799999998,0.8585084662769803,0.0,0.0,0.33061868397570171,0.1129542251829533,0.022204942061219844,2.9827677061372632e-31,8.3602636591741019e-11,6.246740601326168e-08,3.7261630172762572e-19,4.0346411776207103e-12,4.5365903811534415e-11,2.9258863176082946e-06,1.8054813715256006e-18,1.3702743727073583e-09,3.7852598924779084e-13,2.6021574551656132e-13,3.7799316013764435e-18,1.2108281604852996e-24,4.204716300144545e-11,5.7240893237678454e-15,0.0057127983662698225,0.0012332496693550847,1.6039339556629489e-08,4.2178744087073619e-10,2.8138649808264855e-06,8.1785296937651803e-15,8.6255719146439843e-10,5.0062109348098619e-10
6.678865698155141e-08,0.11640260799999998,0.8585084662769803,0.0,0.0,0.33061233006762902,0.11295315487073253,0.022202299069673824,3.0835918789160974e-31,8.5311496456902528e-11,6.3670703036413678e-08,3.7928173787007459e-19,4.1074796236501333e-12,4.5912951983118004e-11,2.9492415652589545e-06,1.8641750286222317e-18,1.3844716566383469e-09,3.861468046736374e-13,2.6554147712004608e-13,3.8714278726084373e-18,1.2551481355915716e-24,4.2541245331066578e-11,5.8634557538465402e-15,0.0057138452490625505,0.0012385356368366429,1.6108857042517239e-08,4.2674386800204733e-10,2.8348313115439672e-06,8.3136811788225316e-15,8.7955073608117148e-10,5.045703996953873e-10
6.708077102730279e-08,0.11640260799999998,0.8585084662769803,0.0,0.0,0.33060599978515864,0.11295210731652448,0.022199656494075699,3.1874199669558907e-31,8.7048867329192187e-11,6.4891619480203562e-08,3.8604422149153474e-19,4.1813790542735414e-12,4.6464292283218664e-11,2.9726871687709105e-06,1.9245248398075615e-18,1.3987534312131761e-09,3.9388893164715382e-13,2.7095295463735224e-13,3.9647537399164407e-18,1.300900267668497e-24,4.3038999797296889e-11,6.0056222280401015e-15,0.0057148692834235217,0.001243820772321744,1.6178416373909944e-08,4.3173517045583513e-10,2.8558521366162009e-06,8.450671456794464e-15,8.9679935210678192e-10,5.085343203743132e-10
6.737288507305417e-08,0.11640260799999998,0.8585084662769803,0.0,0.0,0.33059969266745209,0.11295108206004681,0.022197014333975959,3.2943300757191578e-31,8.8815113886171463e-11,6.6130325122741478e-08,3.9290491935146519e-19,4.2563511803144711e-12,4.7019940505460863e-11,2.9962231065315009e-06,1.9865705011472457e-18,1.4131197172227297e-09,4.0175379501098949e-13,2.7645117430923681e-13,4.0599381420674844e-18,1.3481247465467694e-24,4.3540437499081302e-11,6.1506332273718505e-15,0.0057158709296566889,0.0012491050767089755,1.6248017475711805e-08,4.3676139277833511e-10,2.8769270889709449e-06,8.5895204322548539e-15,9.1430557596412642e-10,5.1251284647002038e-10
6.766499911880554e-08,0.11640260799999998,0.8585084662769803,0.0,0.0,0.33059340826295869,0.11295007865028803,0.022194372588932618,3.4044020686566299e-31,9.0610603834780764e-11,6.7386990295489743e-08,3.9986501060546318e-19,4.3324077990538791e-12,4.7579912433664668e-11,3.0198493568312482e-06,2.0503524929952787e-18,1.427570532874672e-09,4.0974283041179704e-13,2.8203713908915975e-13,4.1570103548443493e-18,1.3968627202684531e-24,4.404556950828668e-11,6.2985337542443962e-15,0.0057168506387953203,0.0012543885508819138,1.6317660273000507e-08,4.4182257836715327e-10,2.8980558003124091e-06,8.7302481561682554e-15,9.320719531141837e-10,5.1650596892140802e-10
6.795711316455692e-08,0.11640260799999998,0.8585084662769803,0.0,0.0,0.33058714612922707,0.11294909664532063,0.022191731258511021,3.5177176013511601e-31,9.2435707916032402e-11,6.8661785874345641e-08,4.0692568692700431e-19,4.4095607945296633e-12,4.814422384183149e-11,3.0435658978642529e-06,2.1159120922037451e-18,1.4421058937960979e-09,4.1785748433602104e-13,2.8771185864388624e-13,4.2559999935461559e-18,1.447156313907809e-24,4.4554406869676759e-11,6.4493693363849118e-15,0.0057178088527887359,0.0012596711957094271,1.6387344691030919e-08,4.4691876947040216e-10,2.9192379011397389e-06,8.8728748259837696e-15,9.5010103792575666e-10,5.205136786540922e-10
6.82492272103083e-08,0.11640260799999998,0.8585084662769803,0.0,0.0,0.33058090583272265,0.11294813561211824,0.022189090342283727,3.6343601562365244e-31,9.4290799909476677e-11,6.995488327064846e-08,4.1408815263008951e-19,4.4878221378358173e-12,4.8712890494129787e-11,3.067372707728585e-06,2.1832913844713525e-18,1.4567258130362927e-09,4.260992141456186e-13,2.9347634935376398e-13,4.3569370154961794e-18,1.4990486486826664e-24,4.5066960600886876e-11,6.6031860308034641e-15,0.0057187460046852646,0.0012649530120459737,1.6457070655238614e-08,4.5205000718593202e-10,2.9404730207656466e-06,9.0174207857174536e-15,9.6839539354397037e-10,5.2453596658048515e-10
6.854134125605967e-08,0.11640260799999998,0.8585084662769803,0.0,0.0,0.33057468694864778,0.11294719512637624,0.022186449839830362,3.7544150778995408e-31,9.6176256637440885e-11,7.1266454422111289e-08,4.2135362479280517e-19,4.5672038874211533e-12,4.9285928144880924e-11,3.0912697644266852e-06,2.2525332768317545e-18,1.4714303010696043e-09,4.3446948811371376e-13,2.9933163431267704e-13,4.4598517225568924e-18,1.5525838613595907e-24,4.5583241692399018e-11,6.7600304277643416e-15,0.0057196625188115557,0.001270234000731894,1.6526838091243227e-08,4.5721633146065878e-10,2.9617607873352052e-06,9.1639065260215339e-15,9.869575917575492e-10,5.2857282359987122e-10
6.883345530181105e-08,0.11640260799999998,0.8585084662769803,0.0,0.0,0.33056848906076575,0.11294627477233615,0.022183809750737447,3.8779696089740618e-31,9.8092457969039138e-11,7.2596671783679008e-08,4.2872333338179485e-19,4.6477181893876751e-12,4.9863352538545068e-11,3.1152570458657646e-06,2.3236815102826286e-18,1.4862193657984363e-09,4.4296978546018342e-13,3.0527874332767494e-13,4.5647747636521633e-18,1.6078071239561164e-24,4.6103261107516836e-11,6.91994965477038e-15,0.0057205588109482336,0.0012755141625936954,1.659664692485163e-08,4.6241778108999138e-10,2.9831008278448019e-06,9.3123526842416635e-15,1.0057902128648863e-09,5.326242405984833e-10
6.912556934756243e-08,0.11640260799999998,0.8585084662769803,0.0,0.0,0.33056231176122847,0.11294537414261344,0.0221811700745983,4.0051129266354909e-31,1.0003978682395244e-10,7.3945708318313743e-08,4.3619852137764991e-19,4.7293772777885036e-12,5.0445179409707197e-11,3.1393345298582167e-06,2.3967806725565049e-18,1.5010930125563512e-09,4.5160159638717672e-13,3.113187129182801e-13,4.6717371372966484e-18,1.6647646637433368e-24,4.662702978234073e-11,7.0829913805602602e-15,0.0057214352885020473,0.0012807934984443322,1.6666497082060964e-08,4.6765439371735479e-10,3.0044927681612338e-06,9.4627800444615396e-15,1.0248958455389223e-09,5.3669020844958409e-10
6.94176833933138e-08,0.11640260799999998,0.8585084662769803,0.0,0.0,0.33055615465040727,0.1129444928380289,0.022178530811012859,4.1359361797045807e-31,1.0201862917597796e-10,7.5313737487708542e-08,4.4378044490121639e-19,4.8121934749254418e-12,5.1031424483063143e-11,3.1635021941220269e-06,2.4718762110343296e-18,1.5160512441112921e-09,4.6036642211456637e-13,3.1745258631547141e-13,4.7807701941322647e-18,1.7235037835521605e-24,4.7154558625743155e-11,7.2492038191187308e-15,0.005722292350674534,0.001286072009083481,1.6736388489061626e-08,4.7292620583381459e-10,3.0259362330409627e-06,9.6152095375348968e-15,1.0442770866908486e-09,5.4077071801354436e-10
6.970979743906518e-08,0.11640260799999998,0.8585084662769803,0.0,0.0,0.33055001733672779,0.11294363046744334,0.022175891959587576,4.2705325263693983e-31,1.0402937405634621e-10,7.670093324293093e-08,4.5147037334082578e-19,4.8961791916461166e-12,5.1622103473405847e-11,3.1877600162811887e-06,2.5490144458027578e-18,1.5310940606689236e-09,4.6926577491533249e-13,3.2368141346034745e-13,4.8919056394717996e-18,1.7840728823865693e-24,4.768585851934388e-11,7.4186357336997602e-15,0.0057231303886272969,0.0012913496952978087,1.6806321072239954e-08,4.782332527777969e-10,3.0474308461495108e-06,9.7696622411052429e-15,1.0639365413326505e-09,5.4486576013792248e-10
7.000191148481655e-08,0.11640260799999998,0.8585084662769803,0.0,0.0,0.33054389943650747,0.11294278664759565,0.022173253519935272,4.4089971725343977e-31,1.0607241355680521e-10,7.8107470014997139e-08,4.5926958948044905e-19,4.9813469276407295e-12,5.2217232085611539e-11,3.2121079738661256e-06,2.6282425828561598e-18,1.5462214598760846e-09,4.7830117815087975e-13,3.3000625100246715e-13,5.0051755358495564e-18,1.8465214763472403e-24,4.8220940317485441e-11,7.5913364408625846e-15,0.0057239497856439317,0.0012966265578612361,1.6876294758180918e-08,4.8357556873490854e-10,3.0689762300810036e-06,9.9261593796126729e-15,1.0838768224385192e-09,5.489753256575464e-10
7.029402553056793e-08,0.11640260799999998,0.8585084662769803,0.0,0.0,0.33053780057379617,0.11294196100294419,0.022170615491675018,4.5514274108057472e-31,1.0814814283247091e-10,7.9533522705378587e-08,4.6717938962877699e-19,5.0677092717384164e-12,5.2816826014626131e-11,3.2365460443141112e-06,2.7096087274443495e-18,1.5614334368243635e-09,4.8747416630628565e-13,3.3642816229787148e-13,5.1206123055790565e-18,1.9109002198689051e-24,4.8759814847208721e-11,7.7673558145206124e-15,0.0057247509172887231,0.0013019025975351945,1.6946309473670592e-08,4.8895318673785588e-10,3.0905720063778529e-06,1.0084722324288388e-14,1.104100550805131e-09,5.5309940539459402e-10
7.058613957631931e-08,0.11640260799999998,0.8585084662769803,0.0,0.0,0.33053172038022138,0.11294115316551118,0.022167977874431987,4.6979226601220544e-31,1.1025696010444261e-10,8.0979266676441516e-08,4.7520108374923193e-19,5.1552789022031713e-12,5.3420900945451598e-11,3.2610742049696969e-06,2.7931618975670185e-18,1.5767299840537894e-09,4.9678628502548104e-13,3.429482174067844e-13,5.2382487333177351e-18,1.9772609272748437e-24,4.9302492908228529e-11,7.9467442900031581e-15,0.0057255341515621188,0.0013071778150688801,1.701636514569855e-08,4.9436613866646335e-10,3.1122177955505811e-06,1.0245372593136478e-14,1.1246103549108263e-09,5.572379901586742e-10
7.087825362207068e-08,0.11640260799999998,0.8585084662769803,0.0,0.0,0.33052565849483467,0.11294036277473039,0.022165340667837357,4.8485845060398328e-31,1.1239926666218306e-10,8.2444877741821263e-08,4.8333599559090802e-19,5.2440685870294169e-12,5.4029472553132611e-11,3.2856924330851418e-06,2.8789520376158822e-18,1.592111091556643e-09,5.0623909114636375e-13,3.4956749309099556e-13,5.358117968638631e-18,2.0456565946519446e-24,4.9848985272909564e-11,8.1295528681300392e-15,0.0057262998490530794,0.0013124522111995006,1.7086461701460104e-08,4.9981445524778955e-10,3.1339132170977816e-06,1.0408131850902962e-14,1.1454088707736999e-09,5.6139107074691067e-10
7.117036766782206e-08,0.11640260799999998,0.8585084662769803,0.0,0.0,0.33051961456396289,0.11293958947729804,0.022162703871528182,5.0035167416831391e-31,1.1457546686566152e-10,8.3930532156732206e-08,4.9158546282044936e-19,5.3340911842371298e-12,5.4642556502743025e-11,3.3104007058208461e-06,2.9670300321655419e-18,1.607576746781387e-09,5.1583415273584435e-13,3.5628707281092519e-13,5.4802535286090156e-18,2.1161414220497716e-24,5.0399302686242135e-11,8.3158331192989238e-15,0.0057270483630883669,0.0013177257866525188,1.7156599068358508e-08,5.05298166056345e-10,3.1556578895262054e-06,1.0573021909032519e-14,1.1664987418086246e-09,5.6555863794402408e-10
7.146248171357344e-08,0.11640260799999998,0.8585084662769803,0.0,0.0,0.33051358824106092,0.11293883292702619,0.022160067485147258,5.1628254093669003e-31,1.1678596814726003e-10,8.5436406608214935e-08,4.9995083715486361e-19,5.4253596421665786e-12,5.5260168449372671e-11,3.3351990002457815e-06,3.0574477199140571e-18,1.6231269346367152e-09,5.2557304912482251e-13,3.6310804672237153e-13,5.6046893003759481e-18,2.1887708360070949e-24,5.0953455865818329e-11,8.5056371875854557e-15,0.0057277800398788051,0.0013229985421418877,1.7226777174006926e-08,5.1081729951440772e-10,3.1774514303709956e-06,1.0740064725612062e-14,1.18788261868322e-09,5.6974068252241456e-10
7.175459575932481e-08,0.11640260799999998,0.8585084662769803,0.0,0.0,0.33050757918656881,0.1129380927846997,0.022157431508343022,5.3266188429035954e-31,1.1903118101344172e-10,8.6962678205321573e-08,5.0843348449527445e-19,5.5178869997726601e-12,5.588232403811412e-11,3.3600872933379375e-06,3.1502579077742471e-18,1.6387616374957203e-09,5.3545737094309685e-13,3.7003151167294283e-13,5.7314595437587165e-18,2.2636015124094005e-24,5.1511455501808238e-11,8.699017794856146e-15,0.0057284952186626254,0.0013282704783702871,1.7296995946230386e-08,5.163718828924392e-10,3.1992934562160269e-06,1.0909282405302197e-14,1.209563159172791e-09,5.7393719524224522e-10
7.204670980507619e-08,0.11640260799999998,0.8585084662769803,0.0,0.0,0.3305015870677705,0.11293736871793565,0.022154795940769436,5.4950077106031003e-31,1.2131151904617981e-10,8.8509524469240977e-08,5.1703478506161762e-19,5.6116863869188235e-12,5.6509038904049532e-11,3.3850655619847507e-06,3.2455143851167196e-18,1.6544808352001876e-09,5.4548872015420684e-13,3.7705857119817324e-13,5.860598893848141e-18,2.3406913996808477e-24,5.2073312256936205e-11,8.8960282448939485e-15,0.0057291942318458966,0.0013335415960293473,1.7367255313067597e-08,5.2196194230959961e-10,3.2211835827143915e-06,1.108069719925545e-14,1.2315430280142519e-09,5.7814816685152687e-10
7.233882385082757e-08,0.11640260799999998,0.8585084662769803,0.0,0.0,0.33049561155865637,0.11293666040104576,0.022152160782085872,5.6681050589755019e-31,1.2362739890414819e-10,9.0077123323364637e-08,5.2575613352828085e-19,5.70677102467059e-12,5.7140328672237739e-11,3.410133782983557e-06,3.3432719381656379e-18,1.6702845050650018e-09,5.5566871009020493e-13,3.8419033551732561e-13,5.9921423636127233e-18,2.4200997423142574e-24,5.2639036766457372e-11,9.0967224275365582e-15,0.0057298774051401337,0.0013388118957998758,1.7437555202772657e-08,5.2758750273436511e-10,3.2431214246089969e-06,1.125433150502232e-14,1.2538248967590576e-09,5.8237358808620163e-10
7.263093789657894e-08,0.11640260799999998,0.8585084662769803,0.0,0.0,0.33048965233978789,0.11293596751490152,0.022149526031956995,5.8460263571469949e-31,1.2597924032367129e-10,9.1665653083294884e-08,5.3459893916069094e-19,5.8031542255886686e-12,5.7776208957701184e-11,3.4352919330420309e-06,3.4435863645482496e-18,1.6861726218826824e-09,5.6599896548636275e-13,3.91427921528881e-13,6.1261253465115809e-18,2.5018871047426432e-24,5.3208639638134376e-11,9.3011548228273761e-15,0.0057305450576971449,0.0013440813783520758,1.7507895543816718e-08,5.3324858798524054e-10,3.265106595753281e-06,1.1430207866444267e-14,1.2764114436251579e-09,5.8661344967022787e-10
7.292305194233032e-08,0.11640260799999998,0.8585084662769803,0.0,0.0,0.33048370909816543,0.11293528974680216,0.02214689169005268,6.0288895419989035e-31,1.2836746611943414e-10,9.3275292446796863e-08,5.4356462595284958e-19,5.9008493940216591e-12,5.8416695365413177e-11,3.4605399887786303e-06,3.5465144879991725e-18,1.7021451579280339e-09,5.7648112251580731e-13,3.9877245280571604e-13,6.262583619114163e-18,2.5861153955558837e-24,5.3782131452214086e-11,9.5093805051790989e-15,0.0057311975022411484,0.0013493500443457584,1.7578276264889456e-08,5.3894522073157683e-10,3.287138709132052e-06,1.1608348973534081e-14,1.2993053533479927e-09,5.9086774231566401e-10
7.32151659880817e-08,0.11640260799999998,0.8585084662769803,0.0,0.0,0.33047778152709839,0.11293462679034509,0.022144257756047881,6.2168150640401284e-31,1.3079250218495097e-10,9.4906220483695273e-08,5.5265463276582318e-19,5.9998700263983516e-12,5.9061803490285137e-11,3.4858779267230478e-06,3.6521141732204751e-18,1.718202082962924e-09,5.8711682882408951e-13,4.0622505958996937e-13,6.4015533437267096e-18,2.6728478920661406e-24,5.4359522761404634e-11,9.7214551475499496e-15,0.0057318350451982421,0.0013546178944305559,1.7648697294900527e-08,5.4467742249448609e-10,3.3092173768824384e-06,1.1788777662343875e-14,1.3225093170305557e-09,5.9513645672275438e-10
7.350728003383307e-08,0.11640260799999998,0.8585084662769803,0.0,0.0,0.33047186932607836,0.11293397834529904,0.022141624229622542,6.4099259340233694e-31,1.3325477749279253e-10,9.6558616625717341e-08,5.6187041346718493e-19,6.1002297115196116e-12,5.9711548917153818e-11,3.5113057233166606e-06,3.7604443408985578e-18,1.734343364241178e-09,5.9790774356368568e-13,4.1378687878759925e-13,6.5430710710254327e-18,2.7621492652256237e-24,5.494082409085254e-11,9.9374350256324914e-15,0.0057324579868232453,0.0013598849292461245,1.771915856298097e-08,5.5044521364785622e-10,3.3313422103149478e-06,1.197151691481991e-14,1.3460260319925381e-09,5.9941958358001471e-10
7.379939407958445e-08,0.11640260799999998,0.8585084662769803,0.0,0.0,0.33046597220065455,0.11293334411747989,0.022138991110461491,6.6083477703156222e-31,1.3575472409457152e-10,9.8232660656283643e-08,5.7121343707141586e-19,6.2019421308498651e-12,6.0365947220768948e-11,3.5368233549129766e-06,3.8715649828788507e-18,1.7505689665136e-09,6.0885553742842812e-13,4.2145905396263236e-13,6.6871737426963739e-18,2.8540856049003691e-24,5.5526045938120092e-11,1.0157377022055022e-14,0.0057330666213240081,0.0013651511494223484,1.7789659998484403e-08,5.5624861341946614e-10,3.3535128199346358e-06,1.2156589858645011e-14,1.3698582016185752e-09,6.0371711356431672e-10
7.409150812533582e-08,0.11640260799999998,0.8585084662769803,0.0,0.0,0.33046008986231151,0.11293272381862872,0.022136358398254334,6.8122088470335578e-31,1.3829277712068598e-10,9.9928532700247833e-08,5.806851878812629e-19,6.3050210588081652e-12,6.1025013965780597e-11,3.5624307977780936e-06,3.9855371774993764e-18,1.7668788520331153e-09,6.1996189268786899e-13,4.2924273533110554e-13,6.8338986940819219e-18,2.9487244455036765e-24,5.6115198773162807e-11,1.0381338630595503e-14,0.0057336612369832014,0.0013704165555795365,1.7860201530988256e-08,5.6208763989220265e-10,3.3757288154623836e-06,1.23440197670685e-14,1.3940085352056169e-09,6.0802903734097424e-10
7.43836221710872e-08,0.11640260799999998,0.8585084662769803,0.0,0.0,0.33045422202834995,0.11293211716629252,0.022133726092695392,7.0216401429545612e-31,1.4086937477981999e-10,1.0164641321358658e-07,5.9028716563006212e-19,6.4094803630588474e-12,6.1688764706726836e-11,3.5881280280911484e-06,4.1024231050841644e-18,1.7832729805600329e-09,6.3122850322157664e-13,4.3713907975470153e-13,6.9832836568339558e-18,3.0461347919929182e-24,5.6708293038307194e-11,1.0609377960408011e-14,0.0057342421162776599,0.0013756811483286158,1.7930783090294871e-08,5.6796231000537411e-10,3.3979898058562725e-06,1.253383005872302e-14,1.4184797478094412e-09,6.1235534556382914e-10
7.467573621683858e-08,0.11640260799999998,0.8585084662769803,0.0,0.0,0.33044836842176928,0.11293152388370732,0.022131094193483542,7.2367753912142528e-31,1.4348495835820127e-10,1.0338648297304191e-07,6.0002088562502319e-19,6.5153340048017788e-12,6.2357214988021526e-11,3.6139150219447712e-06,4.2222860635975781e-18,1.7997513093674353e-09,6.4265707455336068e-13,4.4514925073408119e-13,7.1353667615735881e-18,3.146387146233405e-24,5.730533914822856e-11,1.0841553740261704e-14,0.0057348095359953111,0.0013809449282713205,1.800140460643253e-08,5.7387263955612483e-10,3.4202953993330559e-06,1.2726044297429035e-14,1.4432745600903299e-09,6.1669602887533716e-10
7.496785026258995e-08,0.11640260799999998,0.8585084662769803,0.0,0.0,0.3304425287711531,0.11293094369968355,0.022128462700322215,7.4577511298015148e-31,1.4613997221861635e-10,1.0514892306571594e-07,6.0988787889148163e-19,6.6225960390621938e-12,6.3030380343942074e-11,3.6397917553455438e-06,4.3451904844605801e-18,1.8163137932466899e-09,6.5424932388543105e-13,4.5327441840191163e-13,7.2901865405574711e-18,3.2495535337330584e-24,5.7906347489929236e-11,1.1077925322792212e-14,0.0057353637673497665,0.0013862078960003787,1.8072066009656433e-08,5.7981864320095158e-10,3.4426452033897398e-06,1.2920686191986798e-14,1.4683956981579334e-09,6.2105107790665371e-10
7.525996430834133e-08,0.11640260799999998,0.8585084662769803,0.0,0.0,0.3304367028105562,0.11293037634849371,0.0221258316129192,7.6847067528621403e-31,1.4883486379918165e-10,1.0693391487862091e-07,6.1988969231812051e-19,6.7312806149801213e-12,6.3708276298617273e-11,3.6657582042144553e-06,4.4712019485299262e-18,1.8329603845130803e-09,6.6600698013248766e-13,4.6151575951559366e-13,7.4477819303506503e-18,3.3557075307516423e-24,5.8511328422716736e-11,1.1318552688765538e-14,0.0057359050760926004,0.0013914700520996945,1.8142767230449548e-08,5.8580033445731795e-10,3.4650388248252431e-06,1.3117779595955359e-14,1.4938458934153351e-09,6.2542048327772e-10
7.55520783540927e-08,0.11640260799999998,0.8585084662769803,0.0,0.0,0.33043089027939515,0.11292982156976249,0.022123200930986648,7.9177845628223771e-31,1.5157008361187199e-10,1.0874164008818496e-07,6.300278888031633e-19,6.8414019760993818e-12,6.4390918366015359e-11,3.6918143443873587e-06,4.6003872022413827e-18,1.8496910330115662e-09,6.7793178395574104e-13,4.698744574496884e-13,7.6081922745059197e-18,3.4649242917883319e-24,5.9120292278182429e-11,1.1563496451354329e-14,0.0057364337226233396,0.0013967313971445254,1.8213508199523506e-08,5.9181772570536568e-10,3.4874758697621548e-06,1.3317348507419333e-14,1.5196278824023444e-09,6.298042355973497e-10
7.584419239984408e-08,0.11640260799999998,0.8585084662769803,0.0,0.0,0.33042509092233968,0.11292927910835887,0.022120570654240918,8.1571298233436965e-31,1.5434608524080497e-10,1.1057228064971534e-07,6.4030404740154106e-19,6.952974460656196e-12,6.507832204993216e-11,3.7179601516154285e-06,4.7328141739179637e-18,1.8665056861226641e-09,6.9002548779686389e-13,4.7835170218804625e-13,7.7714573262496514e-18,3.5772805774514171e-24,5.973324936018006e-11,1.1812817860426545e-14,0.0057369499620972863,0.0014019919317016581,1.8284288847819317e-08,5.9787082818973105e-10,3.509955943668576e-06,1.3519417068742868e-14,1.5457444066380384e-09,6.342023254633153e-10
7.613630644559546e-08,0.11640260799999998,0.8585084662769803,0.0,0.0,0.33041930448920703,0.11292874871429048,0.022117940782402541,8.4028908131203979e-31,1.571633253402821e-10,1.1242601878682078e-07,6.5071976347303429e-19,7.0660125018673594e-12,6.5770502843979153e-11,3.7441956015656203e-06,4.8685519902442242e-18,1.8834042887684495e-09,7.0228985591187644e-13,4.8694869031563759e-13,7.9376172511740959e-18,3.6928547827139608e-24,6.035020994480487e-11,1.2066578806846538e-14,0.0057374540445311204,0.0014072516563295799,1.8355109106508086e-08,6.0395965202145689e-10,3.5324786513800529e-06,1.372400956631152e-14,1.5721982124625693e-09,6.3861474346243313e-10
7.642842049134684e-08,0.11640260799999998,0.8585084662769803,0.0,0.0,0.33041353073485857,0.11292823014260031,0.022115311315196083,8.6552188805315582e-31,1.6002226363258643e-10,1.1430303698079415e-07,6.6127664883139497e-19,7.1805306282180119e-12,6.646747623157187e-11,3.7705206698211337e-06,5.0076709929076677e-18,1.9003867834186916e-09,7.1472666440495991e-13,4.9566662501008885e-13,8.1067126299360648e-18,3.8117269655592733e-24,6.0971184280372632e-11,1.2324841826788441e-14,0.0057379462149064111,0.0014125105715786426,1.8425968906991649e-08,6.1008420618000028e-10,3.5550435971215792e-06,1.3931150430260808e-14,1.5989920508782655e-09,6.4304148017065156e-10
7.672053453709821e-08,0.11640260799999998,0.8585084662769803,0.0,0.0,0.33040776941909755,0.11292772315326491,0.022112682252350132,8.9142684991592749e-31,1.6292336290553634e-10,1.1620351795995657e-07,6.7197633189445011e-19,7.2965434637489921e-12,6.7169257685918149e-11,3.7969353318818595e-06,5.1502427554082964e-18,1.9174531100970976e-09,7.2733770126220289e-13,5.0450671603292501e-13,8.2787844609620657e-18,3.93397887602005e-24,6.1596182587399169e-11,1.2587670106061886e-14,0.0057384267132710226,0.0014177686779912331,1.8496868180903154e-08,6.1624449851534938e-10,3.5776503845296892e-06,1.414086423419332e-14,1.6261286773900392e-09,6.474825261531362e-10
7.701264858284959e-08,0.11640260799999998,0.8585084662769803,0.0,0.0,0.33040202030657018,0.11292722751109542,0.022110053593597148,9.1801973241849611e-31,1.6586708900979621e-10,1.181276446889656e-07,6.8282045783518552e-19,7.4140657283437683e-12,6.7875862670006607e-11,3.8234395631648522e-06,5.2963401000373517e-18,1.9346032063876915e-09,7.4012476638527905e-13,5.1347017972051925e-13,8.4538741631597248e-18,4.0596939856150771e-24,6.2225215058579831e-11,1.2855127484450023e-14,0.0057388957748384867,0.0014230259761019296,1.8567806860107598e-08,6.2244053575022798e-10,3.6002986166746183e-06,1.4353175694882766e-14,1.6536108518451334e-09,6.519378719643561e-10
7.730476262860096e-08,0.11640260799999998,0.8585084662769803,0.0,0.0,0.33039628316666753,0.11292674298563993,0.02210742533867343,9.4531662496758579e-31,1.6885391085594379e-10,1.2007560035808744e-07,6.9381068873381871e-19,7.5331122380149661e-12,6.8587306636595319e-11,3.8500333390047878e-06,5.4460371150262782e-18,1.9518370074413181e-09,7.5308967162505573e-13,5.225582389747518e-13,8.6320235786356041e-18,4.1889575171874118e-24,6.2858291858769482e-11,1.3127278460059809e-14,0.0057393536300853667,0.0014282824664376597,1.8638784876702281e-08,6.2867232348240283e-10,3.6229878960825349e-06,1.4568109671965468e-14,1.6814413382722185e-09,6.56407508148171e-10
7.759687667435234e-08,0.11640260799999998,0.8585084662769803,0.0,0.0,0.33039055777343079,0.11292626935108828,0.022104797487319014,9.7333394667739059e-31,1.7188430041129434e-10,1.2204756837243586e-07,7.0494870373085773e-19,7.6536979051904578e-12,6.9303605028200334e-11,3.8767166346544122e-06,5.5994091718669914e-18,1.9691544459822569e-09,7.6623424081513278e-13,5.3177212325338237e-13,8.8132749754192827e-18,4.3218564751479721e-24,6.3495423124962538e-11,1.3404188193684533e-14,0.0057398005048466677,0.0014335381495178582,1.8709802163017271e-08,6.349398661870932e-10,3.6457178247578543e-06,1.4785691167620408e-14,1.7096229047198707e-09,6.6089142523791629e-10
7.788899072010372e-08,0.11640260799999998,0.8585084662769803,0.0,0.0,0.33038484390545653,0.1129258063861783,0.022102170039277624,1.0020884522799276e-30,1.7495873269648191e-10,1.2404373234117865e-07,7.1623619918115044e-19,7.7758377389990706e-12,7.0024773277084467e-11,3.9034894252850199e-06,5.7565329428044422e-18,1.9865554523149779e-09,7.79560309805314e-13,5.4111306856013262e-13,8.9976710501937401e-18,4.458479676128504e-24,6.4136618966273266e-11,1.3685922513178589e-14,0.0057402366204093204,0.0014387930258546141,1.8780858651615739e-08,6.4124316721947002e-10,3.6684880042055946e-06,1.5005945326235966e-14,1.7381583230944447e-09,6.6538961375649117e-10
7.81811047658551e-08,0.11640260799999998,0.8585084662769803,0.0,0.0,0.3303791413458057,0.11292535387410454,0.022099542994296548,1.0315972381281094e-30,1.7807768578179809e-10,1.2606427606671343e-07,7.2767488880892716e-19,7.8995468455558251e-12,7.0750826805246135e-11,3.9303516859868964e-06,5.9174864185025926e-18,2.0040399543310085e-09,7.9306972649500871e-13,5.5058231743448494e-13,9.1852549310319452e-18,4.5989177800478852e-24,6.478188946391655e-11,1.3972547917844396e-14,0.0057406621936037811,0.0014440470959528225,1.8851954275294315e-08,6.4758222881725938e-10,3.6912980354538219e-06,1.5228897434064811e-14,1.767050368997374e-09,6.6990206421644213e-10
7.847321881160647e-08,0.11640260799999998,0.8585084662769803,0.0,0.0,0.33037344988191331,0.11292491160242825,0.022096916352126642,1.0618777482927938e-30,1.8124164078328847e-10,1.2810938353381413e-07,7.3926650386383645e-19,8.0248404282468198e-12,7.1481781024408299e-11,3.9573033917697907e-06,6.0823489258847973e-18,2.0216078775159258e-09,8.0676435086656497e-13,5.6018111894119836e-13,9.3760701801397093e-18,4.7432633215957938e-24,6.5431244671188639e-11,1.4264131582831545e-14,0.0057410774368937927,0.0014493003603103269,1.8923088967083339e-08,6.5395705210344179e-10,3.7141475190761358e-06,1.5454572918867082e-14,1.7963018215619082e-09,6.7442876712005233e-10
7.876533285735785e-08,0.11640260799999998,0.8585084662769803,0.0,0.0,0.33036776930550077,0.11292447936298955,0.022094290112522175,1.0929477807550797e-30,1.8445108185860706e-10,1.3017923889874953e-07,7.510127932779803e-19,8.1517337880136374e-12,7.2217651336007452e-11,3.9843445175633664e-06,6.2512011461496936e-18,2.0392591449564775e-09,8.2064605501853253e-13,5.6991072865954321e-13,9.5701607966046932e-18,4.8916107421377568e-24,6.6084694613448207e-11,1.456074136354804e-14,0.0057414825584643243,0.0014545528194180631,1.899426266024712e-08,6.603676370890441e-10,3.7370360552142197e-06,1.5682997349540287e-14,1.8259154632893243e-09,6.7896971295942438e-10
7.905744690310922e-08,0.11640260799999998,0.8585084662769803,0.0,0.0,0.33036209941248901,0.11292405695182121,0.02209166427524082,1.1248254936951484e-30,1.8770649620262933e-10,1.3227402647837626e-07,7.6291552382394711e-19,8.2802423236373682e-12,7.295845313118272e-11,4.0114750382176679e-06,6.4241251329636185e-18,2.0569936773478222e-09,8.3471672319885888e-13,5.7977240867225437e-13,9.767571219151549e-18,5.0440564220456084e-24,6.6742249288097902e-11,1.4862445800083708e-14,0.0057418777623077641,0.0014598044737601998,1.9065475288284158e-08,6.6681398267603624e-10,3.7599632436004466e-06,1.5914196435738309e-14,1.8558940798846183e-09,6.8352489221656859e-10
7.93495609488606e-08,0.11640260799999998,0.8585084662769803,0.0,0.0,0.3303564400029142,0.11292364416906427,0.022089038840043568,1.1575294118789473e-30,1.9100837404282448e-10,1.3439393073920599e-07,7.7497648027384554e-19,8.4103815320221943e-12,7.3704201790765139e-11,4.0386949285035723e-06,6.6012043308306348e-18,2.0748113930008905e-09,8.4897825183801429e-13,5.8976742755421039e-13,9.9683463289032518e-18,5.2006987134574725e-24,6.740391866456583e-11,1.5169314121645659e-14,0.0057422632483083488,0.001465055323814273,1.9136726784927247e-08,6.7329608666031742e-10,3.7829286835805282e-06,1.6148196027477593e-14,1.8862404600917172e-09,6.880942953634872e-10
7.964167499461198e-08,0.11640260799999998,0.8585084662769803,0.0,0.0,0.33035079088084468,0.11292324081888525,0.022086413806694637,1.1910784331440332e-30,1.9435720863438648e-10,1.3653913628645031e-07,7.8719746555934515e-19,8.542167008478586e-12,7.44549126852669e-11,4.0660041631132564e-06,6.7825235936412153e-18,2.0927122078498755e-09,8.6343254958204937e-13,5.9989706036083331e-13,1.0172531452148466e-17,5.3616379734713115e-24,6.8069712684287649e-11,1.5481416251005845e-14,0.0057426392123248998,0.00147030537005132,1.9208017084143645e-08,6.7981394573479855e-10,3.8059319741362173e-06,1.6385022114731435e-14,1.9169573955282186e-09,6.9267791286226094e-10
7.993378904036335e-08,0.11640260799999998,0.8585084662769803,0.0,0.0,0.33034515185430008,0.11292284670939505,0.022083789174961465,1.2254918349859118e-30,1.9775349625512573e-10,1.3870982785304353e-07,7.9958030093271949e-19,8.6756144470060224e-12,7.5210601174870747e-11,4.0934027166606482e-06,6.9681692034006517e-18,2.1106960354598421e-09,8.7808153732558142e-13,6.1016258861621862e-13,1.0380172363115018e-17,5.5269765977761978e-24,6.8739641260688703e-11,1.5798822808960665e-14,0.0057430058462719126,0.0014755546129360127,1.9279346120135098e-08,6.8636755549258703e-10,3.8289727139080537e-06,1.6624700827012814e-14,1.9480476805196896e-09,6.9727573516513515e-10
8.022590308611473e-08,0.11640260799999998,0.8585084662769803,0.0,0.0,0.33033952273517114,0.11292246165256957,0.022081164944614561,1.2607892812462221e-30,2.0119773620012138e-10,1.4090619028864549e-07,8.1212682612890065e-19,8.8107396405753499e-12,7.5971282609419488e-11,4.120890563681889e-06,7.1582288891382407e-18,2.1287627870344568e-09,8.9292714824471505e-13,6.2056530030099091e-13,1.0591315286749386e-17,5.69681905472544e-24,6.9413714279166407e-11,1.612160511880255e-14,0.0057433633381989875,0.0014808030529267833,1.9350713827337952e-08,6.9295691043025742e-10,3.8520505012181413e-06,1.6867258432944851e-14,1.9795141119335473e-09,7.0188775271460323e-10
8.05180171318661e-08,0.11640260799999998,0.8585084662769803,0.0,0.0,0.33033390333914242,0.11292208546417179,0.022078541115427529,1.2969908289041153e-30,2.0469043077613439e-10,1.4312840854862534e-07,8.2483889952854163e-19,8.9475584814106714e-12,7.6736972328405536e-11,4.1484676786357931e-06,7.3527918459983421e-18,2.1469123714238462e-09,9.0797132782988966e-13,6.3110648983989273e-13,1.0806006901502224e-17,5.8712719198556886e-24,7.0091941597073225e-11,1.6449835210803605e-14,0.0057437118723686681,0.0014860506904759516,1.9422120140423109e-08,6.9958200395122299e-10,3.8751649340929871e-06,1.7112721339819472e-14,2.011359489012544e-09,7.065139559434939e-10
8.081013117761748e-08,0.11640260799999998,0.8585084662769803,0.0,0.0,0.33032829348561515,0.11292171796367562,0.022075917687176941,1.3341169349722241e-30,2.0823208529578298e-10,1.4537666768302905e-07,8.3771839832209437e-19,9.0860869612708762e-12,7.7507685660960608e-11,4.1761340359042911e-06,7.5519487545143331e-18,2.1651446951325707e-09,9.2321603391866188e-13,6.417874580891038e-13,1.1024294342119817e-17,6.0504439108562629e-24,7.0774333043699698e-11,1.6783585826711184e-14,0.0057440516293327248,0.0014912975260298496,1.9493564994296023e-08,7.0624282836920073e-10,3.8983156102863379e-06,1.7361116093145031e-14,2.0435866132078668e-09,7.1115433527505518e-10
8.110224522336886e-08,0.11640260799999998,0.8585084662769803,0.0,0.0,0.33032269299763306,0.11292135897419103,0.02207329465964232,1.3721884634985992e-30,2.1182320807148083e-10,1.4765115282553054e-07,8.5076721867489913e-19,9.2263411717306513e-12,7.8283437925845424e-11,4.2038896097929054e-06,7.7557918000665524e-18,2.1834596623277276e-09,9.3866323672841478e-13,6.5260951232329789e-13,1.1246225202441557e-17,6.2344459229928695e-24,7.1460898420257633e-11,1.7122930424255387e-14,0.0057443827860068795,0.0014965435600289389,1.9565048324096662e-08,7.1293937491176684e-10,3.9215021273020869e-06,1.7612469376181251e-14,2.0761982880119115e-09,7.1580888112303934e-10
8.139435926912023e-08,0.11640260799999998,0.8585084662769803,0.0,0.0,0.33031710170180856,0.11292100832239095,0.022070672032606056,1.411226692676027e-30,2.1546431040913821e-10,1.4995204918236914e-07,8.639872758932948e-19,9.3683373044611746e-12,7.9064244431439665e-11,4.2317343745311905e-06,7.9644146925253115e-18,2.2018571748471656e-09,9.5431491888900069e-13,6.6357396622243477e-13,1.1471847538203276e-17,6.4233910649899416e-24,7.2151647499864034e-11,1.7467943181668531e-14,0.0057447055157440431,0.0015017887929079329,1.9636570065199426e-08,7.1967163372401125e-10,3.9447240824171836e-06,1.7866808009463419e-14,2.109197318790696e-09,7.2047758389178857e-10
8.168647331487161e-08,0.11640260799999998,0.8585084662769803,0.0,0.0,0.33031151942825077,0.11292066583843931,0.022068049805853345,1.4512533220601497e-30,2.1915590660162821e-10,1.5227954202127502e-07,8.7738050459174472e-19,9.5120916515103044e-12,7.985012047573179e-11,4.2596683042731955e-06,8.1779126860800566e-18,2.2203371322078332e-09,9.7017307547531609e-13,6.7468213985829256e-13,1.1701209869846511e-17,6.6173946953758748e-24,7.2846590027524986e-11,1.7818699002216495e-14,0.0057450199884060745,0.0015070332250959083,1.9708130153212986e-08,7.2643959387227787e-10,3.9679810727045721e-06,1.8124158950314756e-14,2.1425865126160047e-09,7.2516043397631827e-10
8.197858736062299e-08,0.11640260799999998,0.8585084662769803,0.0,0.0,0.33030594601049545,0.11292033135592097,0.022065427979172166,1.4922904798978265e-30,2.2289851392201753e-10,1.5463381666038281e-07,8.909488588609879e-19,9.6576206055824175e-12,8.0641081346309208e-11,4.2876913730979157e-06,8.3963825992556681e-18,2.238899431614235e-09,9.8623971403980103e-13,6.8593535968074234e-13,1.1934361185333611e-17,6.8165744592954014e-24,7.3545735720119732e-11,1.8175273518741871e-14,0.0057453263704340864,0.0015122768570164245,1.9779728523980178e-08,7.3324324334800443e-10,3.9912726950561625e-06,1.8384549292347059e-14,2.1763686780972219e-09,7.2985742176240258e-10
8.227070140637436e-08,0.11640260799999998,0.8585084662769803,0.0,0.0,0.33030038128543576,0.11292000471177276,0.022062806552353174,1.5343607305671895e-30,2.2669265261656365e-10,1.5701505845713654e-07,9.0469431243720994e-19,9.8049406603177501e-12,8.143714232034832e-11,4.315803555009744e-06,8.6199228351171217e-18,2.2575439679670206e-09,1.0025168546448775e-12,6.9733495850376571e-13,1.2171350942968702e-17,7.0210503257934389e-24,7.4249094266385667e-11,1.8537743098219085e-14,0.0057456248249173406,0.0015175196890876289,1.9851365113577874e-08,7.4008256907164844e-10,4.0145985462058062e-06,1.8648006264950917e-14,2.2105466252129276e-09,7.3456853762665741e-10
8.285492949787712e-08,0.11640260799999998,0.8585084662769803,0.0,0.0,0.33028927727736174,0.11291937430269292,0.022057564897477639,1.621692994301985e-30,2.3443761993485308e-10,1.6185918508326228e-07,9.3272451170748049e-19,1.0105020552690587e-11,8.3044625635403718e-11,4.372295153742023e-06,9.0826159329093425e-18,2.2950793196477006e-09,1.0357107849703346e-12,7.2057865614168677e-13,1.265704598658965e-17,7.4463820904948784e-24,7.5668488534080615e-11,1.9280676612029554e-14,0.0057461985872475059,0.0015280029553282975,1.9994752694741365e-08,7.5386819161382597e-10,4.0613513211824421e-06,1.9184229695158491e-14,2.2801011100954862e-09,7.4403311505085991e-10
8.338073478022959e-08,0.11640260799999998,0.8585084662769803,0.0,0.0,0.33027931182920572,0.1129188321721683,0.022052848773571793,1.7040607742126967e-30,2.4158960754456043e-10,1.6631298664390591e-07,9.5857757947234769e-19,1.0381385560748883e-11,8.4508956019923142e-11,4.4234420970596603e-06,9.517400572028423e-18,2.3291412853006114e-09,1.0663257617854902e-12,7.4201210077993063e-13,1.3107804893752238e-17,7.8485458055848824e-24,7.6960447955256365e-11,1.9970259195901912e-14,0.005746689430982492,0.0015374351635481745,2.0123931589696059e-08,7.6639711167196291e-10,4.1035418331621791e-06,1.967759458542775e-14,2.3440819314505586e-09,7.5259945603367014e-10
8.390654006258206e-08,0.11640260799999998,0.8585084662769803,0.0,0.0,0.33026937215519109,0.11291831304821148,0.022048133942081868,1.7901474409120675e-30,2.4891678277769347e-10,1.7085704509639675e-07,9.850360605514575e-19,1.066381488683335e-11,8.5990047853439952e-11,4.4748773591339691e-06,9.9702180205359907e-18,2.3634679597886755e-09,1.0976547564137951e-12,7.639408306463553e-13,1.3571791325786009e-17,8.2698449116939804e-24,7.8266206413759981e-11,2.0680163481016033e-14,0.0057471569796315692,0.0015468647865233887,2.0253233330201402e-08,7.7904137084499646e-10,4.1458369700613466e-06,2.018132497970112e-14,2.4093888308155522e-09,7.6121142191719602e-10
8.443234534493453e-08,0.11640260799999998,0.8585084662769803,0.0,0.0,0.33025945741687374,0.11291781609245093,0.022043420401877855,1.8801013824322813e-30,2.564222862085658e-10,1.7549244140225254e-07,1.0121121987959151e-18,1.0952408408201295e-11,8.7487989854733348e-11,4.5266007857205588e-06,1.0441702192379003e-17,2.3980586480437128e-09,1.1297100064498074e-12,7.8637284689373822e-13,1.404931110424523e-17,8.7110681871552205e-24,7.9585819394824102e-11,2.1410861989278026e-14,0.0057476020717206304,0.0015562918265108585,2.0382657551886637e-08,7.9180085467927817e-10,4.1882343773500021e-06,2.0695584517961485e-14,2.4760382232227929e-09,7.6986895625775909e-10
8.4958150627287e-08,0.11640260799999998,0.8585084662769803,0.0,0.0,0.33024956680600959,0.11291734049666764,0.022038708151854082,1.9740761992935427e-30,2.6410928898389317e-10,1.802202560489407e-07,1.0398184581425073e-18,1.1247267083835938e-11,8.9002870632535817e-11,4.5786122218277552e-06,1.0932505314101443e-17,2.4329126315388644e-09,1.1625038833764263e-12,8.0931621628082616e-13,1.4540675215202629e-17,9.1730319493054455e-24,8.0919342087142442e-11,2.2162835316720706e-14,0.0057480255156237775,0.0015657162857188457,2.051220389281622e-08,8.0467543782300023e-10,4.2307317006754937e-06,2.1220538220965535e-14,2.5440465245788069e-09,7.7857200252218944e-10
8.548395590963948e-08,0.11640260799999998,0.8585084662769803,0.0,0.0,0.3302396995434676,0.11291688548171003,0.022033997190928325,2.0722308653056674e-30,2.7198099265178242e-10,1.8504156883997321e-07,1.0681675259855018e-18,1.1548492959653518e-11,9.0534778685361468e-11,4.6309115117249873e-06,1.1443298339442067e-17,2.4680291684708314e-09,1.1960488931660286e-12,8.3277907086686048e-13,1.5046199863516401e-17,9.6565808426026807e-24,8.2266829382635181e-11,2.2936572221558666e-14,0.0057484280906484643,0.0015751381663087071,2.0641871993483113e-08,8.1766498411532995e-10,4.2733265862971577e-06,2.1756352478755061e-14,2.6134301484587795e-09,7.8732050408937848e-10
8.600976119199195e-08,0.11640260799999998,0.8585084662769803,0.0,0.0,0.33022985487818202,0.11291645029644815,0.022029287518040959,2.1747298927744995e-30,2.8004062898306137e-10,1.8995745868522883e-07,1.0971723165845345e-18,1.185618917369562e-11,9.2083802401337853e-11,4.6834984989511566e-06,1.1974771370817337e-17,2.5034074939461047e-09,1.2303576768792183e-12,8.5676960769814614e-13,1.5566206527288323e-17,1.016258864459213e-23,8.3628335876226802e-11,2.3732569712643113e-14,0.0057488105480810927,0.0015845574703965803,2.0771661496800672e-08,8.3076934667919845e-10,4.3160166815205362e-06,2.230319503880385e-14,2.6842055029005659e-09,7.9611440425182251e-10
8.653556647434442e-08,0.11640260799999998,0.8585084662769803,0.0,0.0,0.33022003208614226,0.1129160342167657,0.02202457913215413,2.2817435021265238e-30,2.882914597852139e-10,1.9496900339160124e-07,1.1268459745079045e-18,1.2170459961307144e-11,9.3650030058040626e-11,4.7363730263229519e-06,1.2527634087611494e-17,2.5390468201710706e-09,1.2654430112612369e-12,8.8129608848701777e-13,1.6101022012506921e-17,1.0691959089634456e-23,8.5003915865636054e-11,2.4551333138306151e-14,0.0057491736121952569,0.0015939742000550094,2.0901572048094471e-08,8.4398836801612112e-10,4.3587996351308921e-06,2.2861234993825458e-14,2.7563889871997385e-09,8.0495364621715801e-10
8.70613717566969e-08,0.11640260799999998,0.8585084662769803,0.0,0.0,0.330210230469419,0.11291563654458865,0.022019872032251007,2.3934477961393185e-30,2.9673677670882565e-10,2.0007727945405853e-07,1.1572018781122072e-18,1.2491410660299522e-11,9.5233549822331102e-11,4.7895349359431295e-06,1.3102616181486427e-17,2.5749463366460348e-09,1.3013178093359727e-12,9.0636683928315835e-13,1.6650978507878407e-17,1.1245626711040252e-23,8.6393623351178407e-11,2.5393376275602265e-14,0.0057495179812229761,0.0016033883573145123,2.1031603295094009e-08,8.5732188010374467e-10,4.4016730978258858e-06,2.3430642769233366e-14,2.8299969887069405e-09,8.1383817310968674e-10
8.758717703904937e-08,0.11640260799999998,0.8585084662769803,0.0,0.0,0.33020044935522669,0.11291525660694898,0.022015166217334986,2.5100249388248582e-30,3.0537990104676352e-10,2.0528336184721266e-07,1.1882536430578893e-18,1.2819147716099364e-11,9.6834449750196922e-11,4.8429840692087392e-06,1.3700467798680451e-17,2.6111052103630691e-09,1.3379951209976244e-12,9.3199025013758107e-13,1.7216413639840672e-17,1.1824557701650887e-23,8.7797512035581298e-11,2.6259221419939029e-14,0.0057498443282909539,0.001612799944165086,2.1161754887923793e-08,8.7076970449724098e-10,4.4446347226471638e-06,2.4011590110268162e-14,2.9050458796291661e-09,8.2276792797189296e-10
8.811298232140184e-08,0.11640260799999998,0.8585084662769803,0.0,0.0,0.33019068809501884,0.11291489375508197,0.022010461686429027,2.6316633390704886e-30,3.1422418352619778e-10,2.1058832381749478e-07,1.2200151258608192e-18,1.3153778686882602e-11,9.8452817786595588e-11,4.896720266819327e-06,1.4321959989359618e-17,2.647522586007639e-09,1.3754881335999993e-12,9.5817477475945571e-13,1.7797670527758381e-17,1.2429750793144401e-23,8.9215635323812437e-11,2.7149399475095321e-14,0.0057501533023232463,0.0016222089625576635,2.1292026479093619e-08,8.8433165243245849e-10,4.4876821654107109e-06,2.4604250068803387e-14,2.9815520138364326e-09,8.3174285376595092e-10
8.863878760375431e-08,0.11640260799999998,0.8585084662769803,0.0,0.0,0.33018094606361537,0.1129145473635559,0.022005758438574861,2.7585578391361545e-30,3.2327300409358614e-10,2.159932366760296e-07,1.2525004274799055e-18,1.3495412248694082e-11,1.0008874176530091e-10,4.9507433687850679e-06,1.4967885164072072e-17,2.6841975861639372e-09,1.4138101725434706e-12,9.8492893016596094e-13,1.8395097839296846e-17,1.3062238154313731e-23,9.0648046322920766e-11,2.8064450043624266e-14,0.0057504455289116444,0.0016316154144055176,2.1422417723488764e-08,8.9800752493136492e-10,4.5308130851357335e-06,2.5208796989819933e-14,3.0595317236752916e-09,8.4076289337522224e-10
8.916459288610678e-08,0.11640260799999998,0.8585084662769803,0.0,0.0,0.33017122265836257,0.1129142168294329,0.02200105647283241,2.8909099081308951e-30,3.3252977169270994e-10,2.2149916959229924e-07,1.2857238969409898e-18,1.3844158200552615e-11,1.0174230940875234e-10,5.0050532144348808e-06,1.5639057557395131e-17,2.7211293115239216e-09,1.452974701859574e-12,1.0122612963253238e-12,1.9009049845973714e-17,1.3723086308663523e-23,9.2094797841891062e-11,2.9004921517640883e-14,0.0057507216111547417,0.0016410193015856068,2.155292827835984e-08,9.1179711291166298e-10,4.5740251444719264e-06,2.5825406497583781e-14,3.1390013167905588e-09,8.4982798960574296e-10
8.969039816845925e-08,0.11640260799999998,0.8585084662769803,0.0,0.0,0.33016151729832149,0.1129139015714601,0.021996355788279059,3.0289278405844971e-30,3.419979240358658e-10,2.2710718938868758e-07,1.3197001349971783e-18,1.4200127469541426e-11,1.0341360832790725e-10,5.0596496424244729e-06,1.633631369884942e-17,2.7583168410999811e-09,1.4929953247932492e-12,1.0401805157932128e-12,1.9639886478886992e-17,1.441339707163545e-23,9.3555942391511842e-11,2.9971371169993268e-14,0.0057509821304668023,0.0016504206259398821,2.1683557803312093e-08,9.2570019729791328e-10,4.6173160101249078e-06,2.6454255481528564e-14,3.219977072956654e-09,8.5893808518770381e-10
9.021620345081173e-08,0.11640260799999998,0.8585084662769803,0.0,0.0,0.33015182942348781,0.11291360102928989,0.021991656384009087,3.1728269602286794e-30,3.5168092736832181e-10,2.3281836033599449e-07,1.3544439978257141e-18,1.4563432115883971e-11,1.0510272602209592e-10,5.1145324907443444e-06,1.7060512891148089e-17,2.7957592324412076e-09,1.5338857843827238e-12,1.0686952933426428e-12,2.0287973384617542e-17,1.513430850775918e-23,9.503153218425713e-11,3.0964365245815695e-14,0.0057512276473574561,0.0016598193892765399,2.1814305960294428e-08,9.3971654913429973e-10,4.6606833532796591e-06,2.7095522081798626e-14,3.3024752409199847e-09,8.6809312277691582e-10
9.07420087331642e-08,0.11640260799999998,0.8585084662769803,0.0,0.0,0.33014215849403711,0.1129133146627284,0.021986958259133015,3.3228298291003125e-30,3.6158227622617605e-10,2.3863374395001176e-07,1.3899706007614853e-18,1.4934185338005191e-11,1.0680974987887951e-10,5.169701596727753e-06,1.7812537695842675e-17,2.8334555218531949e-09,1.5756599640370403e-12,1.0978143955876062e-12,2.0953681981304409e-17,1.5886995908011614e-23,9.6521619134181676e-11,3.1984479054461929e-14,0.005751458702183361,0.0016692155933712325,2.1945172413588242e-08,9.5384592970200863e-10,4.7041248500217651e-06,2.7749385674544404e-14,3.3865120352537705e-09,8.7729304495626954e-10
9.126781401551667e-08,0.11640260799999998,0.8585084662769803,0.0,0.0,0.33013250398959998,0.11291304195101055,0.021982261412777048,3.4791664620838476e-30,3.7170549318775139e-10,2.4455439878924875e-07,1.4262953220672497e-18,1.5312501477578129e-11,1.085347671739109e-10,5.2251567970586209e-06,1.8593294426431422e-17,2.871404724621323e-09,1.6183318881112373e-12,1.1275466506006198e-12,2.1637389514890877e-17,1.6672672787680612e-23,9.8026254856830636e-11,3.3032297061816512e-14,0.0057516758158728792,0.0016786092399682319,2.2076156829795766e-08,9.6808809063794949e-10,4.7476381817563043e-06,2.8416026856966577e-14,3.4721036332267165e-09,8.8653779423718244e-10
9.179361929786914e-08,0.11640260799999998,0.8585084662769803,0.0,0.0,0.33012286540856106,0.1129127823921017,0.021977565844082527,3.6420745470143016e-30,3.8205412861863571e-10,2.5058138025389605e-07,1.4634338067407089e-18,1.5698496024555964e-11,1.1027786507079812e-10,5.2808979277793918e-06,1.9403713648999743e-17,2.9096058352374691e-09,1.6619157224791707e-12,1.1579009475243418e-12,2.2339479115539875e-17,1.7492591905040831e-23,9.954549066916301e-11,3.4108412982983192e-14,0.0057518794906246968,0.0016880003307815554,2.2207258877828356e-08,9.8244277405420916e-10,4.7912210356241584e-06,2.9095627431984348e-14,3.5592661716868996e-09,8.9582731306103698e-10
9.231942458022162e-08,0.11640260799999998,0.8585084662769803,0.0,0.0,0.33011324226738403,0.11291253550202392,0.021972871552205345,3.8117996704649731e-30,3.926317604105087e-10,2.567157403861144e-07,1.5014019703585518e-18,1.6092285622189431e-11,1.1203913062097074e-10,5.3369248242988408e-06,2.0244750690464163e-17,2.9480578276300869e-09,1.7064257751039917e-12,1.1888862361774637e-12,2.3060339854216963e-17,1.8348046301154816e-23,1.0107937758948971e-10,3.5213429875348513e-14,0.0057520702105813143,0.0016973888674960474,2.2338478228894449e-08,9.9690971266266831e-10,4.8348711049156336e-06,2.9788370392717427e-14,3.6480157439622295e-09,9.0516154380060565e-10
9.284522986257409e-08,0.11640260799999998,0.8585084662769803,0.0,0.0,0.33010363409996146,0.11291230081420686,0.02196817853631548,3.9885955493452391e-30,4.0344199371390072e-10,2.6295852767173363e-07,1.540216002957579e-18,1.649398807202959e-11,1.1381865076354881e-10,5.3932373213998373e-06,2.1117386154489274e-17,2.9867596553975934e-09,1.7518764966062678e-12,1.2205115266550853e-12,2.3800366799439342e-17,1.9240370361111213e-23,1.0262796633742588e-10,3.6347960232019611e-14,0.0057522484424783202,0.0017067748517684228,2.2469814556487056e-08,1.0114886299009882e-09,4.8785860894811495e-06,3.0494439906796375e-14,3.7383683967788347e-09,9.1454042876147082e-10
9.337103514492656e-08,0.11640260799999998,0.8585084662769803,0.0,0.0,0.33009404045698698,0.11291207787886184,0.02196348679559643,4.1727242684352115e-30,4.1448846066499846e-10,2.6931078684344731e-07,1.5798923729530167e-18,1.690372233891598e-11,1.1561651232521495e-10,5.4498352532470479e-06,2.2022626445145939e-17,3.0257102520450146e-09,1.7982824808297584e-12,1.252785888923716e-12,2.4559961074189186e-17,2.0170940897010545e-23,1.0419130733385799e-10,3.7512626075634112e-14,0.0057524146362702942,0.0017161582852282735,2.2601267536371382e-08,1.0261792400580455e-09,4.9223636961388644e-06,3.12140213002094e-14,3.8303401271987212e-09,9.2396391018342671e-10
9.389684042727903e-08,0.11640260799999998,0.8585084662769803,0.0,0.0,0.33008446090535054,0.11291186626237831,0.021958796329244794,4.3644565239861364e-30,4.2577482010665009e-10,2.7577355868558728e-07,1.6204478310941271e-18,1.7321608555950124e-11,1.174328020200886e-10,5.5067184533945946e-06,2.2961504298379408e-17,3.0649085312238023e-09,1.8456584654048402e-12,1.2857184524111055e-12,2.5339529912989589e-17,2.1141178253011847e-23,1.0576945070092557e-10,3.8708059052541035e-14,0.0057525692257342107,0.0017255391694790362,2.2732836846572178e-08,1.0409812484051873e-09,4.9662016390790617e-06,3.1947301041028888e-14,3.9239468795780081e-09,9.3343193024187885e-10
9.44226457096315e-08,0.11640260799999998,0.8585084662769803,0.0,0.0,0.33007489502755566,0.11291166554674223,0.021954107136469756,4.5640718735180574e-30,4.3730475730374031e-10,2.8234787984055872e-07,1.6618994144572162e-18,1.7747768029454419e-11,1.1926760644960344e-10,5.5638867547936582e-06,2.3935079321356382e-17,3.1043533869747891e-09,1.8940193323095883e-12,1.3193184055911649e-12,2.6139486719141532e-17,2.2152547432757144e-23,1.0736244626201784e-10,3.9934900527350714e-14,0.0057527126290511706,0.0017349175060989289,2.2864522167360502e-08,1.0558943513291925e-09,5.0100976402651107e-06,3.2694466723118248e-14,4.019204542547073e-09,9.4294443104922498e-10
9.494845099198398e-08,0.11640260799999998,0.8585084662769803,0.0,0.0,0.33006534242115709,0.11291147532897525,0.021949419216492645,4.7718589919487836e-30,4.490819836530463e-10,2.8903478261701895e-07,1.7042644504761514e-18,1.8182323243916397e-11,1.2112101210238741e-10,5.6213399898000311e-06,2.4944438539760807e-17,3.14404369397419e-09,1.9433801084285106e-12,1.3535949955640712e-12,2.6960251122120198e-17,2.3206559249494797e-23,1.0897034354178546e-10,4.1193801677852584e-14,0.0057528452493671679,0.0017442932966418492,2.2996323181240675e-08,1.0709182364629468e-09,5.0540494298308629e-06,3.3455707049211251e-14,4.1161289460138737e-09,9.5250135465623253e-10
9.547425627433645e-08,0.11640260799999998,0.8585084662769803,0.0,0.0,0.33005580269821899,0.11291129522059405,0.021944732568546517,4.9881159341904532e-30,4.6111023638772621e-10,2.9583529479987784e-07,1.7475605610104907e-18,1.8625397866918295e-11,1.2299310535414467e-10,5.6790779901816136e-06,2.5990696953108427e-17,3.1839783077825907e-09,1.9937559661089424e-12,1.3885575276317739e-12,2.7802249035129101e-17,2.4304771499224762e-23,1.1059319176616736e-10,4.2485423590299069e-14,0.005752967475333738,0.0017536665426382434,2.3128239572937235e-08,1.0860525828226082e-09,5.0980547464742871e-06,3.4231211813918093e-14,4.2147358581917245e-09,9.6210264305339826e-10
9.600006155668892e-08,0.11640260799999998,0.8585084662769803,0.0,0.0,0.33004627548479276,0.11291112484708923,0.021940047191875735,5.2131504043521165e-30,4.7339327827664787e-10,3.0275043946220008e-07,1.7918056664513385e-18,1.9077116754052049e-11,1.2488397246754177e-10,5.7371005871258574e-06,2.7074998098149688e-17,3.2241560650968652e-09,2.0451622237150911e-12,1.4242153648691956e-12,2.8665912712810293e-17,2.5448790157191056e-23,1.1223103986243265e-10,4.3810437355054159e-14,0.0057530796816291363,0.0017630372455959419,2.3260271029381004e-08,1.1012970609473435e-09,5.1421113378472288e-06,3.502117188699362e-14,4.3150409826527734e-09,9.7174823817230504e-10
9.65258668390414e-08,0.11640260799999998,0.8585084662769803,0.0,0.0,0.33003676042041263,0.11291096384742275,0.021935363085735536,5.4472800316890299e-30,4.8593489731865383e-10,3.0978123477908485e-07,1.8370179898650109e-18,1.9537605953819601e-11,1.2679369959209457e-10,5.7954076112471653e-06,2.8198514620430809e-17,3.2645757840049336e-09,2.0976143461797533e-12,1.4605779276912063e-12,2.9551680809109171e-17,2.6640270598048581e-23,1.1388393645923801e-10,4.5169524162605124e-14,0.0057531822294607697,0.0017724054070009656,2.3392417239695457e-08,1.1166513330344697e-09,5.1862169609410901e-06,3.5825779195711033e-14,4.4170599554084212e-09,9.8143808188695925e-10
9.705167212139387e-08,0.11640260799999998,0.8585084662769803,0.0,0.0,0.33002725715761139,0.11291081187354356,0.021930680249391696,5.6908326534417436e-30,4.9873890643191453e-10,3.169286938435979e-07,1.8832160611746417e-18,2.0006992712518574e-11,1.2872237276405915e-10,5.8539988925942173e-06,2.9362448854082913e-17,3.3052362642433e-09,2.1511279455536772e-12,1.4976546934155398e-12,3.04599984352922e-17,2.7880918840034313e-23,1.1555192988670072e-10,4.656337539993574e-14,0.0057532754670495904,0.0017817710283183023,2.3524677895183356e-08,1.1321150530816449e-09,5.2303693824683085e-06,3.6645226707136779e-14,4.520808342017902e-09,9.9117211601512268e-10
9.757747740374634e-08,0.11640260799999998,0.8585084662769803,0.0,0.0,0.33001776536145117,0.1129106685899207,0.021925998682120085,5.9441466047105417e-30,5.1180914313861887e-10,3.2419382448483265e-07,1.9304187213797907e-18,2.0485405479113323e-11,1.3067007790632467e-10,5.9128742606572654e-06,3.0568033409909343e-17,3.3461362874572993e-09,2.2057187815526067e-12,1.5354551958220566e-12,3.1391317218116043e-17,2.9172492813475557e-23,1.1723506817648679e-10,4.7992692747259606e-14,0.0057533597300970371,0.0017911341109926565,2.3657052689312228e-08,1.1476878670332942e-09,5.274566379239471e-06,3.7479708411169422e-14,4.6263016347261726e-09,1.000950282319635e-09
9.810328268609881e-08,0.11640260799999998,0.8585084662769803,0.0,0.0,0.33000828470907245,0.11291053367309314,0.021921318383206382,6.2075710155131152e-30,5.2514946924508375e-10,3.3157762908816918e-07,1.9786451268141988e-18,2.0972973910091304e-11,1.3263690082830885e-10,5.9720335443753519e-06,3.1816531771841498e-17,3.3872746174639667e-09,2.2614027621019747e-12,1.5739890247083535e-12,3.2346095358146381e-17,3.0516803653970643e-23,1.1893339906191501e-10,4.9458188275112037e-14,0.0057534353422352049,0.0018004946564491699,2.3789541317700081e-08,1.1633694129194508e-09,5.3188057385359178e-06,3.8329419302295105e-14,4.7335552496323398e-09,1.0107725225097182e-09
9.862908796845128e-08,0.11640260799999998,0.8585084662769803,0.0,0.0,0.32999881488925975,0.11291040681123572,0.021916639351945676,6.4814661151759361e-30,5.3876377051741724e-10,3.3908110441780405e-07,2.0279147534417508e-18,2.1469828874304865e-11,1.3462292722585584e-10,6.0314765721434907e-06,3.3109238901833518e-17,3.4286500005174711e-09,2.3181959438792739e-12,1.6132658254418692e-12,3.3324797688225161e-17,3.1915717020579852e-23,1.2064696997807657e-10,5.0960584541798808e-14,0.0057535026154608296,0.0018098526660941172,2.3922143478101934e-08,1.179159321001879e-09,5.3630852584776953e-06,3.9194555361042781e-14,4.8425845238897229e-09,1.0206387782422766e-09
9.915489325080375e-08,0.11640260799999998,0.8585084662769803,0.0,0.0,0.32998935560202131,0.1129102877037408,0.021911961587642158,6.7662035442120776e-30,5.5265595635304156e-10,3.4670524144161937e-07,2.0782474011907745e-18,2.1976102457798328e-11,1.3662824268113723e-10,6.0912031718197864e-06,3.4447481853266329e-17,3.470261165577014e-09,2.3761145328540923e-12,1.6532952985089713e-12,3.4327895732084329e-17,3.3371154439366624e-23,1.2237582806197066e-10,5.250061469120055e-14,0.0057535618505536517,0.0018192081413155755,2.4054858870394652e-08,1.1950572139272217e-09,5.407402748386709e-06,4.0075313537053793e-14,4.9534047129386952e-09,1.0305489911231855e-09
9.968069853315623e-08,0.11640260799999998,0.8585084662769803,0.0,0.0,0.32997990655818499,0.11291017606081494,0.02190728508960876,7.0621666738408008e-30,5.6682995944814307e-10,3.5445102515845759e-07,2.1296631983267393e-18,2.2491927968620522e-11,1.3865293266255481e-10,6.1512131707324868e-06,3.5832620392931516e-17,3.5121068245771407e-09,2.435174884825824e-12,1.6940871990610122e-12,3.5355867763104822e-17,3.4885094672632047e-23,1.2412002015265537e-10,5.4079022550930902e-14,0.0057536133374797406,0.0018285610834840713,2.4187687196562016e-08,1.211062706868866e-09,5.451756029144938e-06,4.0971891730366391e-14,5.0660309877733859e-09,1.0405031027085618e-09
9.999999999999998e-08,0.11640260799999998,0.8585084662769803,0.0,0.0,0.32997417339501606,0.11291011178823671,0.02190444584862395,7.2475392826149703e-30,5.7557649783003478e-10,3.5921452454323484e-07,2.1614233048288521e-18,2.2809887587663124e-11,1.3989194081577317e-10,6.1877931806800342e-06,3.6697237296829233e-17,3.5376319788429923e-09,2.4716041721609833e-12,1.7192347961047815e-12,3.5992460231990644e-17,3.5833864600847855e-23,1.251867043638304e-10,5.5056577834989337e-14,0.0057536409412904431,0.0018342395324715897,2.4268403753928289e-08,1.2208345757948583e-09,5.4787066294162336e-06,4.1524154112717968e-14,5.1353124201207164e-09,1.0465692529068045e-09
1.002065038155087e-07,0.11640260799999998,0.8585084662769803,0.0,0.0,0.32997046747900877,0.11291007160309008,0.021902609857166903,7.3697509333067785e-30,5.8128973546114722e-10,3.6231943442786937e-07,2.1821826058634921e-18,2.3017439941622579e-11,1.4069708252464597e-10,6.2115063956870074e-06,3.7266047631666077e-17,3.554185672700363e-09,2.4953935059590482e-12,1.7356513364573778e-12,3.640919886321914e-17,3.6459575114187671e-23,1.2587959279141524e-10,5.5696562730847253e-14,0.0057536573557803285,0.0018379114939532034,2.4320628160681224e-08,1.2271754076756019e-09,5.4961429335476224e-06,4.1884488771839528e-14,5.1804784322433441e-09,1.0505010545060326e-09
1.0073230909786117e-07,0.11640260799999998,0.8585084662769803,0.0,0.0,0.3299610380958049,0.11290997406124861,0.021897935889646145,7.6893641451592464e-30,5.9603926267258887e-10,3.7031144180239576e-07,2.2358264220130879e-18,2.3552774143241207e-11,1.4276077750799179e-10,6.2720826729728693e-06,3.8749190663708226e-17,3.5964963886520252e-09,2.5567870533165899e-12,1.777997573806185e-12,3.7488380981956073e-17,3.8096693211014584e-23,1.2765459222194394e-10,5.7354000721912239e-14,0.0057536941749466476,0.0018472593740602409,2.4453681468907195e-08,1.2433949170316721e-09,5.5405613066511896e-06,4.2813304406561254e-14,5.2967620403911685e-09,1.0605427879759889e-09
1.0125811438021364e-07,0.11640260799999998,0.8585084662769803,0.0,0.0,0.32995161814957752,0.11290988317566213,0.021893263186383929,8.021426868654105e-30,6.1108254164146048e-10,3.7842801336244876e-07,2.2906157866743295e-18,2.4098067576267276e-11,1.4484410273912754e-10,6.3329418283706028e-06,4.0283511214845937e-17,3.6390376349373346e-09,2.6193723353902546e-12,1.821135827502589e-12,3.8593912995625899e-17,3.9798607911659028e-23,1.294450643905436e-10,5.9052112995404667e-14,0.0057537240547812863,0.0018566047251267028,2.4586846829456803e-08,1.2597208286011655e-09,5.5850090061159145e-06,4.3758539274931113e-14,5.4148967138271563e-09,1.070628244532826e-09
1.0178391966256612e-07,0.11640260799999998,0.8585084662769803,0.0,0.0,0.32994220739067309,0.11290979869604299,0.021888591746725257,8.3663727514444371e-30,6.2642359485803097e-10,3.8667010855384888e-07,2.3465721859601049e-18,2.4653458484599793e-11,1.4694714323045501e-10,6.3940836871585782e-06,4.1870506299428605e-17,3.6818080581404593e-09,2.6831663126292462e-12,1.8650760667645326e-12,3.9726300766644845e-17,4.1567541141717442e-23,1.3125105494633959e-10,6.0791687102478438e-14,0.0057537472457465716,0.0018659475484589145,2.4720123952595552e-08,1.2761527291774077e-09,5.6294839025431297e-06,4.472039489165676e-14,5.5348972591419546e-09,1.0807573655461742e-09
1.0230972494491859e-07,0.11640260799999998,0.8585084662769803,0.0,0.0,0.32993280557844412,0.11290972038110843,0.021883921570022474,8.7246488897276521e-30,6.4206646639362801e-10,3.9503868002807872e-07,2.4037174567636128e-18,2.5219086357985287e-11,1.490699838801582e-10,6.4555080741197964e-06,4.3511708886313455e-17,3.7248062892056319e-09,2.7481860979662662e-12,1.909828313166817e-12,4.0886057202997042e-17,4.3405779306766253e-23,1.3307260924151155e-10,6.2573521774067411e-14,0.0057537639893003945,0.0018752878453485462,2.4853512550621436e-08,1.2926901988502416e-09,5.6739838798068292e-06,4.5699073629834921e-14,5.6567783853581631e-09,1.0909300923421192e-09
1.0283553022727106e-07,0.11640260799999998,0.8585084662769803,0.0,0.0,0.3299234124809246,0.11290964799825685,0.021879252655634999,9.0967161970200035e-30,6.5801522154747199e-10,4.0353467348530782e-07,2.4620737913635702e-18,2.579509193674254e-11,1.5121270947212033e-10,6.5172148135486092e-06,4.5208688573817606e-17,3.7680309437201541e-09,2.814448957341302e-12,1.9554026401734767e-12,4.2073702317832632e-17,4.5315674823094283e-23,1.3490977233154097e-10,6.4398427021135573e-14,0.0057537745182199831,0.0018846256170731285,2.4987012337847983e-08,1.3093328111527754e-09,5.7185068353796451e-06,4.669477870232131e-14,5.7805547014218582e-09,1.1011463662044144e-09
1.0336133550962353e-07,0.11640260799999998,0.8585084662769803,0.0,0.0,0.3299140278745169,0.11290958132325571,0.021874585002929037,9.4830497817319878e-30,6.7427394649041525e-10,4.1215902752024364e-07,2.521663742068488e-18,2.6381617216472788e-11,1.5337540467584409e-10,6.5792037292573878e-06,4.6963052273747237e-17,3.8114806221992359e-09,2.8819723102230963e-12,2.0018091726679685e-12,4.3289763289200654e-17,4.7299647676598044e-23,1.3676258897547383e-10,6.6267224235270216e-14,0.005753779056914027,0.0018939608648965527,2.5120623030591428e-08,1.3260801332091855e-09,5.7630506806530232e-06,4.7707714138649676e-14,5.9062407137349195e-09,1.1114061283756732e-09
1.03887140791976e-07,0.11640260799999998,0.8585084662769803,0.0,0.0,0.32990465154368975,0.11290952013994053,0.021869918611277375,9.8841393337207654e-30,6.9084674790621349e-10,4.2091267347086068e-07,2.5825102259001117e-18,2.6978805452755226e-11,1.5555815404637331e-10,6.6414746445831371e-06,4.8776444904575348e-17,3.8551539103725734e-09,2.9507737301283163e-12,2.0490580864823553e-12,4.4534774519915113e-17,4.9360187010203154e-23,1.3863110363620011e-10,6.8180746289616925e-14,0.0057537778217235675,0.0019032935900695519,2.5254344347154352e-08,1.342931725909623e-09,5.8076133412514825e-06,4.8738084770080986e-14,6.0338508237290391e-09,1.1217093200585583e-09
1.0441294607432848e-07,0.11640260799999998,0.8585084662769803,0.0,0.0,0.32989528328068779,0.11290946423992486,0.02186525348005915,1.0300489519998554e-29,7.0773775263046949e-10,4.2979653527005764e-07,2.6446365293161032e-18,2.7586801165828029e-11,1.5776104202421778e-10,6.7040273823940407e-06,5.0650550093839597e-17,3.8990493794725742e-09,3.0208709451384079e-12,2.0971596079255504e-12,4.5809277697552784e-17,5.1499852740176653e-23,1.4051536048074908e-10,7.0139837640154985e-14,0.0057537710212120837,0.0019126237938301618,2.5388176007806939e-08,1.359887144059715e-09,5.8521927573408896e-06,4.9786096212127251e-14,6.1633993254822858e-09,1.1320558824169553e-09
1.0493875135668095e-07,0.11640260799999998,0.8585084662769803,0.0,0.0,0.32988592288525154,0.11290941342232068,0.021860589608659598,1.0732620389778581e-29,7.249511072868953e-10,4.3881152930029217e-07,2.7080663129720645e-18,2.8205750145254655e-11,1.5998415293527975e-10,6.7668617650959609e-06,5.2587090889831738e-17,3.9431655865241732e-09,3.0922818384141506e-12,2.1461240133096822e-12,4.7113821854581518e-17,5.3721277201698808e-23,1.4241540338060069e-10,7.2145354427311429e-14,0.0057537588564451417,0.0019219514774041703,2.5522117734774906e-08,1.37694593652379e-09,5.8967868839306715e-06,5.0851954838413216e-14,6.2949004033790237e-09,1.1424457565771376e-09
1.0546455663903342e-07,0.11640260799999998,0.8585084662769803,0.0,0.0,0.32987657016434613,0.11290936749346873,0.02185592699646989,1.1181067789043097e-29,7.4249097792164741e-10,4.4795856425123609e-07,2.7728236165229822e-18,2.8835799454575757e-11,1.622275709907829e-10,6.8299776146388714e-06,5.4587830482650573e-17,3.9875010746361002e-09,3.1650244487079107e-12,2.1959616284760629e-12,4.8448963428617468e-17,5.6027166824064292e-23,1.4433127591201308e-10,7.4198164577912372e-14,0.0057537415212599733,0.0019312766420055444,2.5656169252223372e-08,1.3941076464077524e-09,5.9413936911697713e-06,5.1935867766818223e-14,6.4283681298139728e-09,1.1528788836289171e-09
1.059903619213859e-07,0.11640260799999998,0.8585084662769803,0.0,0.0,0.32986722493190124,0.11290932626667853,0.021851265642886857,1.1646383784820651e-29,7.6036154963603973e-10,4.5723854098050002e-07,2.8389328634641768e-18,2.9477097435946325e-11,1.6449138028720351e-10,6.8933747525232443e-06,5.6654572934690088e-17,4.0320543732935749e-09,3.2391169708735973e-12,2.2466828283211191e-12,4.9815266322809837e-17,5.8420303835885728e-23,1.4626302135636585e-10,7.6299147907470241e-14,0.005753719202525388,0.0019405992888368486,2.579033028623573e-08,1.4113718112126162e-09,5.9860111646363727e-06,5.3038042844627129e-14,6.563816462941198e-09,1.1633552046267855e-09
1.0651616720373837e-07,0.11640260799999998,0.8585084662769803,0.0,0.0,0.32985788700856022,0.11290928956197807,0.021846605547312853,1.2129137099362691e-29,7.7856702621693345e-10,4.6665235237746363e-07,2.906418866011846e-18,3.0129793714758399e-11,1.667756648062037e-10,6.9570529998063535e-06,5.8789163920634686e-17,4.0768239986522821e-09,3.3145777563743165e-12,2.2982980363206328e-12,5.1213301966351906e-17,6.0903548000675357e-23,1.4821068270051979e-10,7.8449196222805018e-14,0.0057536920803923208,0.0019499194190896426,2.5924600564802334e-08,1.4287379629693627e-09,6.0306373056212652e-06,5.4158688617968259e-14,6.7012592444687134e-09,1.1738746605910465e-09
1.0704197248609084e-07,0.11640260799999998,0.8585084662769803,0.0,0.0,0.32984855622143711,0.11290925720587197,0.021841946709155513,1.2629913554412496e-29,7.9711162976570996e-10,4.7620088323025724e-07,2.9753068300232871e-18,3.0794039204249178e-11,1.6908050841456721e-10,7.0210121771085479e-06,6.0993491477033398e-17,4.1218084538335807e-09,3.3914253137877392e-12,2.3508177240540977e-12,5.2643649375116757e-17,6.3479838383182205e-23,1.5017430263719222e-10,8.0649213424998458e-14,0.0057536603285353715,0.0019592370339448647,2.6058979817805373e-08,1.4462056284298316e-09,6.0752701314047245e-06,5.5298014318754281e-14,6.8407101974994348e-09,1.1844371925089281e-09
1.0756777776844331e-07,0.11640260799999998,0.8585084662769803,0.0,0.0,0.32983923240388385,0.11290922903110882,0.021837289127827609,1.3149316525762146e-29,8.1599960032641638e-10,4.8588501009592693e-07,3.0456223599568734e-18,3.1469986110094593e-11,1.7140599486413693e-10,7.0852521046194458e-06,6.3269486761525425e-17,4.1670062292208414e-09,3.4696783093091771e-12,2.4042524107301487e-12,5.4106895212416555e-17,6.6152195146865386e-23,1.5215392356534826e-10,8.2900115612679428e-14,0.0057536241143856586,0.0019685521345732078,2.6193467776994508e-08,1.4637743292268515e-09,6.1199076755268744e-06,5.6456229854859309e-14,6.9821829244191307e-09,1.1950427413356947e-09
1.0809358305079578e-07,0.11640260799999998,0.8585084662769803,0.0,0.0,0.32982991539526452,0.11290920487645664,0.021832632802746835,1.3687967408296457e-29,8.3523519551190879e-10,4.9570560117382372e-07,3.1173914638718788e-18,3.2157787934988365e-11,1.7375220779175459e-10,7.1497726021040742e-06,6.5619124821788807e-17,4.2124158027568153e-09,3.5493555672523735e-12,2.4586126627103604e-12,5.5603633849883847e-17,6.8923721382886582e-23,1.5414958759060823e-10,8.5202831185639059e-14,0.0057535835993553159,0.0019778647221354714,2.6328064175976233e-08,1.4814435819960634e-09,6.1645479880515106e-06,5.7633545773384012e-14,7.1256909048319899e-09,1.2056912479957399e-09
1.0861938833314825e-07,0.11640260799999998,0.8585084662769803,0.0,0.0,0.32982060504073901,0.11290918458648637,0.021827977733335672,1.4246506091725308e-29,8.5482269012899607e-10,5.0566351618224579e-07,3.1906405584682114e-18,3.2857599483206402e-11,1.7611923071920298e-10,7.2145734889089603e-06,6.8044425374284594e-17,4.2580356402419709e-09,3.6304760705480047e-12,2.5139090930334962e-12,5.7134467428473674e-17,7.1797604971006743e-23,1.561613365256707e-10,8.7558300948774078e-14,0.0057535389390538918,0.0019871747977829109,2.6462768750201026e-08,1.4992128985741521e-09,6.2091891358231795e-06,5.8830173247258657e-14,7.2712474935444349e-09,1.2163826533836705e-09
1.0914519361550073e-07,0.11640260799999998,0.8585084662769803,0.0,0.0,0.32981130119105345,0.1129091680113634,0.021823323919021184,1.4825591447209296e-29,8.7476637580368956e-10,5.1575960623836863e-07,3.2653964741661664e-18,3.3569576865156973e-11,1.7850714705314969e-10,7.2796545839681375e-06,7.0547453592868803e-17,4.3038641956336822e-09,3.7130589612399064e-12,2.5701523609422263e-12,5.8700005919585064e-17,7.4777120472775088e-23,1.5818921189075122e-10,8.9967478216357063e-14,0.0057534902834969811,0.0019964823626575667,2.6597581236934488e-08,1.517081786169971e-09,6.253829202717536e-06,6.0046324074189414e-14,7.4188659185977362e-09,1.227116898365378e-09
1.096709988978532e-07,0.11640260799999998,0.8585084662769803,0.0,0.0,0.32980200370233809,0.11290915500664626,0.02181867135923489,1.5425901825086095e-29,8.9507056060473335e-10,5.259947137414917e-07,3.3416864602262469e-18,3.4293877501915961e-11,1.8091604008509346e-10,7.3450157058091177e-06,7.3130320907344679e-17,4.3498999113461954e-09,3.7971235409790214e-12,2.6273531714081672e-12,6.0300867186300739e-17,7.7865631057400657e-23,1.602332549140368e-10,9.2431328916631865e-14,0.0057534377773073592,0.0020057874178925862,2.6732501375247042e-08,1.5350497474677891e-09,6.2984662898850045e-06,6.1282210631756465e-14,7.5685592793499521e-09,1.2378939237791008e-09
1.1019680418020567e-07,0.11640260799999998,0.8585084662769803,0.0,0.0,0.32979271243591407,0.11290914543309284,0.021814020053412587,1.6048135563908471e-29,9.1573956866640094e-10,5.3636967225962497e-07,3.419538189909153e-18,3.5030660129747997e-11,1.833459929913121e-10,7.4106566725587914e-06,7.5795185812027221e-17,4.3961412185512826e-09,3.8826892715150649e-12,2.6855222746574088e-12,6.1937677044743491e-17,8.1066590460699297e-23,1.6229350653215637e-10,9.4950831696732627e-14,0.0057533815599088694,0.0020150899646125334,2.6867528906005295e-08,1.5531162808307934e-09,6.3430985159874821e-06,6.2538045861012076e-14,7.7203405446077196e-09,1.2487136704364715e-09
1.1072260946255814e-07,0.11640260799999998,0.8585084662769803,0.0,0.0,0.32978342725810439,0.11290913915647346,0.021809370000994206,1.6693011511007397e-29,9.3677773981250546e-10,5.4688530641944581e-07,3.4989797656760034e-18,3.5780084804612891e-11,1.8579708883281275e-10,7.4765773019492557e-06,7.8544254684393159e-17,4.4425865374794776e-09,3.9697757751859226e-12,2.7446704657002613e-12,6.3611069325548311e-17,8.4383544977511329e-23,1.6437000739066609e-10,9.7526978027925553e-14,0.0057533217657133543,0.0020243900039336824,2.7002663571837308e-08,1.5712808804901198e-09,6.3877240174281532e-06,6.3814043279787411e-14,7.8742225508083462e-09,1.2595760791235546e-09
1.1124841474491062e-07,0.11640260799999998,0.8585084662769803,0.0,0.0,0.32977414804005462,0.11290913604739058,0.021804721201423682,1.7361269554797288e-29,9.5818942917897332e-10,5.5754243179964509e-07,3.5800397244288762e-18,3.6542312906657542e-11,1.8826941055528399e-10,7.5427774113236084e-06,8.1379782613888421e-17,4.4892342777218456e-09,4.0584028354048002e-12,2.804808583859272e-12,6.5321685935448505e-17,8.7820135487987677e-23,1.6646279784455062e-10,1.0016077231117103e-13,0.0057532585243008465,0.0020336875369643078,2.7137905117121486e-08,1.5895430366232775e-09,6.432340948574474e-06,6.5110416927778554e-14,8.030218000252672e-09,1.2704810906018726e-09
1.1177422002726309e-07,0.11640260799999998,0.8585084662769803,0.0,0.0,0.32976487465755805,0.11290913598110519,0.021800073654148815,1.8053671169043174e-29,9.799790068356947e-10,5.6834185482768536e-07,3.6627470427917389e-18,3.7317507144693588e-11,1.9076304098904987e-10,7.6092568176416508e-06,8.4304074240965842e-17,4.5360828385321334e-09,4.1485903971450625e-12,2.8659475122972181e-12,6.7070176918975239e-17,9.138009951814488e-23,1.6857191795873982e-10,1.0285323198300531e-13,0.0057531919605933041,0.0020429825648049581,2.7273253287985054e-08,1.6079022355584469e-09,6.4769474819740747e-06,6.6427381341885272e-14,8.1883394593890609e-09,1.2814286456094214e-09
1.1230002530961556e-07,0.11640260799999998,0.8585084662769803,0.0,0.0,0.32975560699088735,0.11290913883736908,0.021795427358621101,1.8770999969312861e-29,1.0021508574109191e-09,5.7928437267998594e-07,3.747131142431841e-18,3.8105831560660417e-11,1.9327806284902628e-10,7.6760153374855565e-06,8.7319484606426239e-17,4.5831306091292804e-09,4.2403585674228486e-12,2.9280981775515854e-12,6.8857200520268284e-17,9.5067273335091326e-23,1.706974075086401e-10,1.0560538762173991e-13,0.0057531221950220743,0.0020522750885487227,2.7408707832262e-08,1.6263579599916279e-09,6.5215418085635626e-06,6.7765151591858754e-14,8.348599357148928e-09,1.292418684861671e-09
1.1282583059196803e-07,0.11640260799999998,0.8585084662769803,0.0,0.0,0.32974634492463362,0.11290914450026382,0.021790782314295661,1.9514062281840256e-29,1.0247093797145675e-09,5.9037077318555692e-07,3.8332218954216572e-18,3.890745153407368e-11,1.9581455873467856e-10,7.7430527870654532e-06,9.0428420011134893e-17,4.6303759690001458e-09,4.3337276157774162e-12,2.9912715490673778e-12,7.0683423244997697e-17,9.8885594077330463e-23,1.7283930598068168e-10,1.0841828305397758e-13,0.0057530493436893553,0.0020615651092814901,2.7544268499479005e-08,1.6449096890338064e-09,6.5661221378704854e-06,6.9123943214517398e-14,8.5110099833341445e-09,1.303451149052556e-09
1.133516358743205e-07,0.11640260799999998,0.8585084662769803,0.0,0.0,0.32973708834754945,0.11290915285804463,0.02178613852063108,2.0283687725029344e-29,1.047658986360434e-09,6.01601834733091e-07,3.9210496296414319e-18,3.9722533786459566e-11,1.9837261112998171e-10,7.8103689822249704e-06,9.3633338886186945e-17,4.6778172882024071e-09,4.4287179747492255e-12,3.0554786387285492e-12,7.2549519922394678e-17,1.0283910192054803e-22,1.7499765257288017e-10,1.1129297546144284e-13,0.00575297351852384,0.0020708526280821941,2.7679935040865015e-08,1.66355689840771e-09,6.6106866982080668e-06,7.0503972171441418e-14,8.6755834870566258e-09,1.314525978855457e-09
1.1387744115667298e-07,0.11640260799999998,0.8585084662769803,0.0,0.0,0.32972783715239889,0.11290916380299065,0.021781495977089286,2.1080729803831294e-29,1.0710041033925256e-09,6.1297832618152841e-07,4.0106451342224155e-18,4.055124638577453e-11,2.0095230240338208e-10,7.8779637384466796e-06,9.6936752673594262e-17,4.7254529276674988e-09,4.5253502403557741e-12,3.1207305003988251e-12,7.4456173767390456e-17,1.0693194227929403e-22,1.77172486195414e-10,1.1423053548812612e-13,0.005752894827430766,0.0020801376460230477,2.7815707209300824e-08,1.6822990607073662e-09,6.6552337368627181e-06,7.1905454917775486e-14,8.8423318752303253e-09,1.3256431149241658e-09
1.1440324643902545e-07,0.11640260799999998,0.8585084662769803,0.0,0.0,0.32971859123581221,0.11290917723126016,0.02177685468313546,2.190606651723067e-29,1.0947491699108771e-09,6.2450100677410326e-07,4.1020396650308656e-18,4.1393758750810461e-11,2.0355371480776094e-10,7.9458368708575374e-06,1.0034122671756659e-16,4.773281239503539e-09,4.6236451725651769e-12,3.1870382294612487e-12,7.6404076442862045e-17,1.1116836804497161e-22,1.7936384547121546e-10,1.1723204734773997e-13,0.0057528133744365745,0.0020894201641697818,2.7951584759297801e-08,1.7011356454084567e-09,6.6997615202746758e-06,7.3328608327272351e-14,9.0112670111159801e-09,1.336802497893842e-09
1.1492905172137792e-07,0.11640260799999998,0.8585084662769803,0.0,0.0,0.32970935049814631,0.11290919304275107,0.021772214638237902,2.276060097907975e-29,1.1188986376952805e-09,6.3617062605588078e-07,4.1952649501928698e-18,4.2250241655585658e-11,2.0617693048040022e-10,8.0139881942342097e-06,1.0384938116646056e-16,4.8213005672981528e-09,4.7236236957675144e-12,3.2544129623538226e-12,7.8393928121983912e-17,1.1555274186054779e-22,1.8157176873657765e-10,1.2029860893148524e-13,0.0057527292598283635,0.0020987001835818552,2.8087567447024299e-08,1.7200661190432779e-09,6.7442683342114004e-06,7.4773649616679251e-14,9.1824006129187127e-09,1.3480040683819553e-09
1.154548570037304e-07,0.11640260799999998,0.8585084662769803,0.0,0.0,0.32970011484334921,0.11290921114096662,0.021767575841867937,2.3645262052523481e-29,1.1434569708350122e-09,6.4798792379479103e-07,4.2903531956600738e-18,4.3120867233721464e-11,2.0882203144294953e-10,8.0824175230083492e-06,1.0746389188546881e-16,4.8695092464210714e-09,4.8253068992439129e-12,3.3228658761180501e-12,8.0426437550683742e-17,1.200895384324045e-22,1.8379629404177479e-10,1.2343133191612679e-13,0.005752642580288324,0.0021079777053126781,2.8223655030246548e-08,1.7390899455218212e-09,6.7887524839335495e-06,7.6240796461441316e-14,9.35574425243875e-09,1.3592477669892204e-09
1.1598066228608287e-07,0.11640260799999998,0.8585084662769803,0.0,0.0,0.32969088417883108,0.11290923143288559,0.02176293829349981,2.4561004998260717e-29,1.1684286453590275e-09,6.5995362990615824e-07,4.3873370908163739e-18,4.4005808982804068e-11,2.1148909960139555e-10,8.1511246712718264e-06,1.1118749138012302e-16,4.9179056043264758e-09,4.9287160376334057e-12,3.3924081879474823e-12,8.250232211020202e-17,1.2478334687974819e-22,1.8603745915169812e-10,1.2663134187237643e-13,0.0057525534290233486,0.0021172527304098103,2.8359847268293293e-08,1.7582065861024656e-09,6.8332122943541716e-06,7.7730266918528954e-14,9.531309353775338e-09,1.3705335343005151e-09
1.1650646756843534e-07,0.11640260799999998,0.8585084662769803,0.0,0.0,0.32968165841533847,0.11290925382883754,0.021758301992610592,2.5508812136890931e-29,1.1938181488622577e-09,6.7206846438073871e-07,4.4862498141256649e-18,4.4905241768732291e-11,2.141782167460325e-10,8.2201094527818778e-06,1.1502296973068355e-16,4.9664879608549353e-09,5.0338725313975559e-12,3.4630511547280183e-12,8.4622307879753645e-17,1.2963887312200205e-22,1.8829530154650492e-10,1.2989977837358207e-13,0.0057524618958899737,0.0021265252599151634,2.8496143922106316e-08,1.7774154995222958e-09,6.877646110190655e-06,7.9242279292744476e-14,9.709107192084026e-09,1.3818613108857875e-09
1.1703227285078781e-07,0.11640260799999998,0.8585084662769803,0.0,0.0,0.32967243746683295,0.11290927824238219,0.021753666938680073,2.6489693525598781e-29,1.219629980139986e-09,6.8433313721625417e-07,4.5871250388206719e-18,4.5819341830051276e-11,2.1688946455143534e-10,8.2893716809661999e-06,1.1897317553748928e-16,5.015254628534926e-09,5.1407979672828255e-12,3.5348060725952633e-12,8.6787129699290303e-17,1.3466094230460501e-22,1.9056985842228253e-10,1.3323779510472107e-13,0.0057523680675148382,0.0021357952948651872,2.8632544754174273e-08,1.796716142403956e-09,6.9220522961090918e-06,8.0777052315310529e-14,9.8891488923873538e-09,1.393231037300956e-09
1.1755807813314028e-07,0.11640260799999998,0.8585084662769803,0.0,0.0,0.32966322125037562,0.11290930459019337,0.021749033131190674,2.7504687649432579e-29,1.2458686488244661e-09,6.967483483524254e-07,4.689996938632976e-18,4.6748286782270941e-11,2.1962292457643355e-10,8.3589111689279775e-06,1.2304101687734019e-16,5.0642039128837818e-09,5.249514098780736e-12,3.607684276494716e-12,8.8997531232363405e-17,1.3985450126364414e-22,1.9286116669172602e-10,1.3664655997169743e-13,0.0057522720274107977,0.0021450628362910591,2.8769049528472426e-08,1.8161079691896375e-09,6.9664292368619522e-06,8.2334805081064736e-14,1.0071445428439038e-08,1.4046426540887925e-09
1.1808388341549276e-07,0.11640260799999998,0.8585084662769803,0.0,0.0,0.32965400968601449,0.11290933279194713,0.02174440056962736,2.8554862127435706e-29,1.2725386750147102e-09,7.0931478760950372e-07,4.7949001935642754e-18,4.7692255622170795e-11,2.2237867826408743e-10,8.4287277294508405e-06,1.2722946227098707e-16,5.1133341127080227e-09,5.3600428465857994e-12,3.6816971397269705e-12,9.12542650290854e-17,1.4522462102975148e-22,1.9516926298482918e-10,1.4012725521093984e-13,0.0057521738560888684,0.0021543278852188554,2.8905658010545902e-08,1.8355904321918203e-09,7.0107753374186372e-06,8.3915756819350838e-14,1.0256007621641632e-08,1.4160961017797925e-09
1.1860968869784523e-07,0.11640260799999998,0.8585084662769803,0.0,0.0,0.32964480269667618,0.11290936277021361,0.021739769253477568,2.9641314433894103e-29,1.2996445889164648e-09,7.2203313463028775e-07,4.9018699956989494e-18,4.8651428732090577e-11,2.2515680694166593e-10,8.4988211750037728e-06,1.3154154166180061e-16,5.1626435204029981e-09,5.472406299051204e-12,3.7568560735143993e-12,9.3558092589188882e-17,1.5077649937169658e-22,1.9749418364959008e-10,1.4368107749930064e-13,0.0057520736311661618,0.0021635904426697264,2.9042369967441961e-08,1.855162982114884e-09,7.0550890230882415e-06,8.5520127151475349e-14,1.0442846140017693e-08,1.4275913208930402e-09
1.191354939801977e-07,0.11640260799999998,0.8585084662769803,0.0,0.0,0.32963560020806115,0.11290939445035326,0.021735139182231092,3.0765172634965866e-29,1.3271909304875471e-09,7.3490405882562329e-07,5.0109420550580033e-18,4.9625987884205757e-11,2.2795739182062573e-10,8.5691913177459495e-06,1.3598034740569361e-16,5.212130422251711e-09,5.5866267126423067e-12,3.8331725265762506e-12,9.5909784425182527e-17,1.5651546338010959e-22,1.9983596475272945e-10,1.4730923806425296e-13,0.0057519714274699056,0.0021728505096600594,2.9179185167608251e-08,1.8748250679659095e-09,7.0993687396357503e-06,8.7148136075213565e-14,1.0631971497234387e-08,1.4391282519370535e-09
1.1966129926255017e-07,0.11640260799999998,0.8585084662769803,0.0,0.0,0.3296264021485445,0.11290942776041636,0.021730510355380053,3.1927596140962822e-29,1.3551822490719732e-09,7.4792821932337267e-07,5.1221526054944517e-18,5.0616116244788989e-11,2.3078051399659256e-10,8.6398379695314867e-06,1.4054903527237007e-16,5.2617930987227897e-09,5.7027265123878874e-12,3.9106579846787946e-12,9.8310120125602401e-17,1.6244697209177155e-22,2.0219464208042225e-10,1.5101296279438587e-13,0.0057518673171377569,0.0021821080872016355,2.931610338101852e-08,1.8945761369746966e-09,7.143612953391361e-06,8.8800003586573054e-14,1.0823394051681494e-08,1.4507068354106252e-09
1.2018710454490264e-07,0.11640260799999998,0.8585084662769803,0.0,0.0,0.32961720844907749,0.11290946263104631,0.021725882772418784,3.3129776474557541e-29,1.3836231030460169e-09,7.6110626492084665e-07,5.2355384106301993e-18,5.1621998378458383e-11,2.3362625444934355e-10,8.7107609419141817e-06,1.4525082545797418e-16,5.3116298247674975e-09,5.8207282923292054e-12,3.9893239702110109e-12,1.0075988841835779e-16,1.6857661915491206e-22,2.0457025113904298e-10,1.5479349235019453e-13,0.0057517613697144893,0.0021913631763017852,2.9453124379114804e-08,1.9144156352619311e-09,7.1878201513517651e-06,9.0475950027157357e-14,1.1017124005602653e-08,1.462327011803646e-09
1.2071290982725512e-07,0.11640260799999998,0.8585084662769803,0.0,0.0,0.32960801904309517,0.11290949899538655,0.021721256432843752,3.437293805519243e-29,1.412518059474888e-09,7.7443883404067537e-07,5.3511367698344762e-18,5.2643820252409679e-11,2.3649469404279161e-10,8.781960046152134e-06,1.5008900360921253e-16,5.3616388701157257e-09,5.9406548159668251e-12,4.0691820417786121e-12,1.0325988723417072e-16,1.7491013553595557e-22,2.0696282715592332e-10,1.5865208227516521e-13,0.0057516536522452064,0.0022006157779635321,2.9590247934640561e-08,1.9343430077579684e-09,7.2319888412749944e-06,9.2176196175167922e-14,1.1213171404279805e-08,1.4739887215979168e-09
1.212387151096076e-07,0.11640260799999998,0.8585084662769803,0.0,0.0,0.32959883386642536,0.1129095367889906,0.021716631336153504,3.5658338999971822e-29,1.441871693752078e-09,7.8792655469011701e-07,5.4689855242439275e-18,5.368176924063463e-11,2.393859135249709e-10,8.8534350932123198e-06,1.5506692185902356e-16,5.4118184995708487e-09,6.0625290167052443e-12,4.1502437937592883e-12,1.0581092377010752e-16,1.8145339226816059e-22,2.0937240508012274e-10,1.6259000310715349e-13,0.0057515442293652082,0.0022098658931857394,2.9727473821817558e-08,1.9543576979201788e-09,7.2761175517687979e-06,9.3900962644518873e-14,1.1411546135270608e-08,1.4856919052679511e-09
1.2176452039196006e-07,0.11640260799999998,0.8585084662769803,0.0,0.0,0.32958965285720276,0.11290957594973539,0.021712007481848622,3.6987271941320821e-29,1.4716885892512924e-09,8.0157004442377794e-07,5.5891230628243711e-18,5.4736034128126931e-11,2.4229999352802461e-10,8.9251858937751216e-06,1.6018799987386736e-16,5.4621669733034263e-09,6.1863739982953253e-12,4.2325208558856396e-12,1.0841381455320188e-16,1.882124032425991e-22,2.1179901958321177e-10,1.6660854049005367e-13,0.0057514331633866283,0.0022191135229632421,2.9864801816319866e-08,1.9744591485779301e-09,7.3202048323706781e-06,9.5650470318795219e-14,1.1612257927698657e-08,1.4974365032817653e-09
1.2229032567431253e-07,0.11640260799999998,0.8585084662769803,0.0,0.0,0.32958047595578471,0.11290961641773782,0.021707384869431606,3.8361064861698982e-29,1.5019733369974805e-09,8.1536991030972159e-07,5.7115883284743063e-18,5.5806805115071334e-11,2.4523701456819343e-10,8.9972122582387602e-06,1.6545572591270937e-16,5.5126825471436122e-09,6.3122130352745048e-12,4.3160248928632194e-12,1.1106938550416858e-16,1.9519332804192442e-22,2.1424270506006769e-10,1.7070899528575801e-13,0.0057513205143819406,0.0022283586682869793,3.0002231695008914e-08,1.9946468019182283e-09,7.3642492536215625e-06,9.7424940648012754e-14,1.1815316351596324e-08,1.5092224561016556e-09
1.22816130956665e-07,0.11640260799999998,0.8585084662769803,0.0,0.0,0.32957130310467048,0.11290965813527418,0.021702763498406847,3.9781081945660342e-29,1.5327305353125359e-09,8.2932674889895796e-07,5.8364208241702472e-18,5.6894273821018719e-11,2.4819705704580588e-10,9.0695139967236716e-06,1.7087365789777176e-16,5.5633634728722379e-09,6.4400695734048232e-12,4.4007676039314209e-12,1.1377847200120589e-16,2.0240247481737938e-22,2.1670349562968183e-10,1.7489268368640509e-13,0.0057512063402644868,0.0022376013301441248,3.0139763236166501e-08,2.0149200989031957e-09,7.4082494071336464e-06,9.922459473016088e-14,1.2020730817299936e-08,1.5210497041849614e-09
1.2334193623901748e-07,0.11640260799999998,0.8585084662769803,0.0,0.0,0.32956213424842334,0.11290970104670256,0.021698143368280558,4.1248724449554702e-29,1.5639647894718674e-09,8.4344114619828757e-07,5.9636606191539154e-18,5.7998633289049993e-11,2.5118020124526976e-10,9.1420909190768512e-06,1.7644542449712617e-16,5.6142079985104801e-09,6.5699672301087379e-12,4.4867607224499231e-12,1.1654191894388709e-16,2.0984630320949927e-22,2.191814251359795e-10,1.7916093732691531e-13,0.005751090696866086,0.0022468415095182048,3.0277396219537904e-08,2.0352784803123342e-09,7.4522039056495613e-06,1.0104965379773057e-13,1.2228510574897068e-08,1.5329181879848225e-09
1.2386774152136995e-07,0.11640260799999998,0.8585084662769803,0.0,0.0,0.32955296933359596,0.11290974509838797,0.021693524478560711,4.2765431589169492e-29,1.5956807113932154e-09,8.5771367764646054e-07,6.0933483551613699e-18,5.9120077989922334e-11,2.5418652733506656e-10,9.2149428348760868e-06,1.8217472621920087e-16,5.6652143686080312e-09,6.7019297949027662e-12,4.5740160155469396e-12,1.1936058081713866e-16,2.1753142731296476e-22,2.2167652714865172e-10,1.8351510339781154e-13,0.0057509736380118659,0.002256079207389218,3.0415130425925647e-08,2.0557213868953358e-09,7.4961113830950731e-06,1.0290033987794862e-13,1.243866471372562e-08,1.5448278479509178e-09
1.2439354680372242e-07,0.11640260799999998,0.8585084662769803,0.0,0.0,0.32954380830865804,0.11290979023863031,0.021688906828756981,4.433268144561485e-29,1.6278829192904486e-09,8.7214490809365002e-07,6.2255252526941165e-18,6.0258803826200669e-11,2.5721611536774442e-10,9.2880695534341366e-06,1.8806533651927631e-16,5.7163808245297254e-09,6.8359812298289213e-12,4.6625452836874877e-12,1.2223532175530534e-16,2.2546461868606464e-22,2.241888349639978e-10,1.879565447583251e-13,0.0057508552155924042,0.002265314424733746,3.0552965637473827e-08,2.0762482583641464e-09,7.5399704946269278e-06,1.0477687444331843e-13,1.2651202161924379e-08,1.5567786245301979e-09
1.249193520860749e-07,0.11640260799999998,0.8585084662769803,0.0,0.0,0.3295346511239261,0.11290983641759468,0.021684290418380686,4.5951991889758152e-29,1.6605760373321221e-09,8.8673539178420541e-07,6.3602331173322778e-18,6.1415008136379846e-11,2.6026904527991514e-10,9.3614708838028725e-06,1.9412110291804334e-16,5.7677056047405154e-09,6.9721456698839702e-12,4.7523603602566983e-12,1.2516701560630051e-16,2.3365280940522812e-22,2.2671838160577953e-10,1.9248664004978363e-13,0.0057507354796332713,0.0022745471625250711,3.0690901637840656e-08,2.0968585346289325e-09,7.5837799166716291e-06,1.0667947885926934e-13,1.2866131686034738e-08,1.5687704581676009e-09
1.2544515736842737e-07,0.11640260799999998,0.8585084662769803,0.0,0.0,0.32952549773149692,0.11290988358724437,0.021679675246944762,4.7624921525518824e-29,1.6937646953518571e-09,9.014856723426356e-07,6.4975143460898571e-18,6.2588889698988425e-11,2.6334539689225189e-10,9.4351466347773239e-06,2.0034594813229618e-16,5.8191869450887647e-09,7.1104474234465015e-12,4.8434731112455111e-12,1.2815654599584058e-16,2.4210309516509214e-22,2.2926519982608752e-10,1.9710678380928105e-13,0.0057506144783620707,0.0022837774217332697,3.0828938211597351e-08,2.1175516562777616e-09,7.6275383469574329e-06,1.0860837564690662e-13,1.3083461890653157e-08,1.5808032893067583e-09
1.2597096265077984e-07,0.11640260799999998,0.8585084662769803,0.0,0.0,0.32951634808518265,0.1129099317012764,0.021675061313963667,4.9353070652337198e-29,1.7274535285131706e-09,9.163962827628224e-07,6.6374119338121697e-18,6.378064873667591e-11,2.6644524990948714e-10,9.5090966148996641e-06,2.0674387121783558e-16,5.870823079087759e-09,7.250910972701812e-12,4.9358954348304739e-12,1.3120480639176357e-16,2.5082273842456679e-22,2.318293221062171e-10,2.0181838658362723e-13,0.0057504922582730785,0.002293005203325323,3.0967075144539644e-08,2.138327062989593e-09,7.6712445045427889e-06,1.1056378658243441e-13,1.3303201218134045e-08,1.59287705839069e-09
1.264967679331323e-07,0.11640260799999998,0.8585084662769803,0.0,0.0,0.32950720214044804,0.11290998071505887,0.021670448618953377,5.1138082247135821e-29,1.7616471769654535e-09,9.3146774540043047e-07,6.7799694796154818e-18,6.4990486920293719e-11,2.695686839204132e-10,9.5833206324631403e-06,2.1331894872465452e-16,5.9226122381953824e-09,7.393560974064628e-12,5.0296392609431733e-12,1.3431270016842988e-16,2.5981917159937021e-22,2.344107806575547e-10,2.0662287504357668e-13,0.0057503688641895442,0.0023022305082652105,3.1105312224082745e-08,2.1591841949135375e-09,7.7148971298354139e-06,1.1254593291564547e-13,1.3525357948342573e-08,1.6049917058624883e-09
1.2702257321548478e-07,0.11640260799999998,0.8585084662769803,0.0,0.0,0.32949805985435077,0.11291003058557116,0.021665837161431303,5.2981642966094974e-29,1.7963502855797531e-09,9.4670057196844605e-07,6.9252311933689364e-18,6.6218607372956903e-11,2.7271577839788359e-10,9.6578184955159531e-06,2.2007533586448106e-16,5.9745526520918962e-09,7.538422258599634e-12,5.1247165510013478e-12,1.3748114067120473e-16,2.6910000030150105e-22,2.3700960742247689e-10,2.1152169209833366e-13,0.0057502443393237634,0.0023114533375140061,3.1243649238403877e-08,2.180122493716641e-09,7.7584949846037803e-06,1.145550375814959e-13,1.374994019845703e-08,1.6171471721659836e-09
1.2754837849783726e-07,0.11640260799999998,0.8585084662769803,0.0,0.0,0.32948892118548284,0.11291008127134593,0.021661226940916264,5.4885484166568544e-29,1.8315675036296755e-09,9.620952635358478e-07,7.0732419022187985e-18,6.7465214674086455e-11,2.7588661269881567e-10,9.732590011865002e-06,2.2701726769075089e-16,6.0266425489557467e-09,7.6855198324398313e-12,5.2211392975085248e-12,1.4071105128102144e-16,2.7867300662612206e-22,2.3962583407525771e-10,2.1651629701033385e-13,0.0057501187253349937,0.0023206736920299668,3.1382085976723333e-08,2.2011414002428968e-09,7.8020368519868865e-06,1.1659132264939392e-13,1.3976955922820261e-08,1.6293433977464078e-09
1.2807418378018973e-07,0.11640260799999998,0.8585084662769803,0.0,0.0,0.32947978609391515,0.11291013273241329,0.021656617956928467,5.6851382949469873e-29,1.8673034844377489e-09,9.7765231052938329e-07,7.2240470571550784e-18,6.8730514863449333e-11,2.7908126606419446e-10,9.8076349890796733e-06,2.3414906029108513e-16,6.0788801557373397e-09,7.8348788772027513e-12,5.3189195235935149e-12,1.440033654790245e-16,2.8854615248633205e-22,2.4225949202298548e-10,2.2160816551029996e-13,0.0057499920623852669,0.0023298915727686248,3.152062223005759e-08,2.2222403559039215e-09,7.8455215364944266e-06,1.1865500896214559e-13,1.4206412912839664e-08,1.6415803230510402e-09
1.285999890625422e-07,0.11640260799999998,0.8585084662769803,0.0,0.0,0.32947065454114344,0.112910184930247,0.021652010208989401,5.8881163222461928e-29,1.9035628851398993e-09,9.9337219273835927e-07,7.3776927396205955e-18,7.0014715445179197e-11,2.8229981761907819e-10,9.882953234495469e-06,2.4147511199234486e-16,6.131263698430721e-09,7.9865247504044607e-12,5.4180692827944875e-12,1.4735902691129169e-16,2.9872758299630036e-22,2.4491061240649181e-10,2.2679878991257014e-13,0.0057498643891932223,0.0023391069806828631,3.1659257790045078e-08,2.2434188046430365e-09,7.8889478639980789e-06,1.2074631977498895e-13,1.4438318796935323e-08,1.6538578885298401e-09
1.2912579434489467e-07,0.11640260799999998,0.8585084662769803,0.0,0.0,0.32946152649003646,0.11291023782771251,0.021647403696621846,6.0976696784289029e-29,1.9403503663908596e-09,1.0092553793224477e-06,7.534225668162544e-18,7.13180253917726e-11,2.8554234637260436e-10,9.9585445552175947e-06,2.4899990457833774e-16,6.1837914023431138e-09,8.1404829858714318e-12,5.5186006586937198e-12,1.5077898945363377e-16,3.0922562990324768e-22,2.4757922610128965e-10,2.3208967923069818e-13,0.0057497357430859822,0.0023483199167230072,3.1797992449082643e-08,2.2646761896628121e-09,7.9323146817231786e-06,1.2286547753118373e-13,1.4672681040535653e-08,1.6661760346360715e-09
1.2965159962724714e-07,0.11640260799999998,0.8585084662769803,0.0,0.0,0.32945240190478547,0.11291029138901701,0.021642798419349844,6.3139904430592798e-29,1.9776705919909214e-09,1.025302328822507e-06,7.6936932051265687e-18,7.2640655148087991e-11,2.8880893121799729e-10,1.0034408758124531e-05,2.5672800452024965e-16,6.2364614923622297e-09,8.2967792941502483e-12,5.6205257644043896e-12,1.5426421727647222e-16,3.2004881506875212e-22,2.5026536371851658e-10,2.374823592933235e-13,0.0057496061600491744,0.0023575303818368968,3.1936826001628051e-08,2.2860119545633162e-09,7.9756208582312328e-06,1.2501270232436963e-13,1.4909506946120096e-08,1.6785347018269161e-09
1.3017740490959962e-07,0.11640260799999998,0.8585084662769803,0.0,0.0,0.32944328075085655,0.11291034557966119,0.021638194376698609,6.5372757081557872e-29,2.0155282286806653e-09,1.0415134891742836e-06,7.8561433633934721e-18,7.3982816635327246e-11,2.9209965093257696e-10,1.0110545649871504e-05,2.6466406421987544e-16,6.2892721932213186e-09,8.4554395629151408e-12,5.7238567424125993e-12,1.5781568490979243e-16,3.3120585399986931e-22,2.5296905560589391e-10,2.4297837286031025e-13,0.005749475674775152,0.0023667383769699606,3.2075758242665335e-08,2.3074255467039338e-09,8.0188652833910641e-06,1.2718821759187746e-13,1.5148803653308312e-08,1.6909338305640724e-09
1.307032101919521e-07,0.11640260799999998,0.8585084662769803,0.0,0.0,0.3294341629949436,0.11291040036639279,0.021633591568194541,6.7677276931737876e-29,2.0539279458845059e-09,1.0578892977250023e-06,8.0216248131585233e-18,7.5344723254984163e-11,2.9541458417776921e-10,1.018695503689382e-05,2.7281282326572196e-16,6.34222172976189e-09,8.6164898573733907e-12,5.8286057642733267e-12,1.6143437730817291e-16,3.4270565943054845e-22,2.5569033184869092e-10,2.4857927973915302e-13,0.0057493443207094755,0.0023759439030652928,3.2214788967495213e-08,2.3289164128570742e-09,8.0620468683531029e-06,1.293922463647004e-13,1.5390578138995158e-08,1.7033733613143428e-09
1.3122901547430456e-07,0.11640260799999998,0.8585084662769803,0.0,0.0,0.32942504860492389,0.11291045571716159,0.021628989993365155,7.0055538622415418e-29,2.092874415304608e-09,1.0744301812528736e-06,8.1901868887535178e-18,7.6726589892802264e-11,2.9875380949911633e-10,1.0263636725410279e-05,2.8117910970205772e-16,6.3953083271940451e-09,8.7799564206685245e-12,5.9347850300140146e-12,1.6512128991588859e-16,3.5455734495383912e-22,2.5842922227069541e-10,2.542866569016489e-13,0.0057492121300957407,0.002385146961063722,3.2353917973842802e-08,2.3504839996280111e-09,8.1051645455156571e-06,1.3162500759329003e-13,1.5634837217531099e-08,1.7158532345502111e-09
1.3175482075665703e-07,0.11640260799999998,0.8585084662769803,0.0,0.0,0.32941593754981424,0.11291051160107651,0.021624389651739087,7.2509670436855257e-29,2.1323723107436315e-09,1.091136555989345e-06,8.361879595511533e-18,7.8128632922719422e-11,3.0211740532628936e-10,1.034059052142646e-05,2.8976784131098192e-16,6.4485302113543885e-09,8.945865674281441e-12,6.0424067680330083e-12,1.6887742873208856e-16,3.6677022870537696e-22,2.6118575643519762e-10,2.6010209860083366e-13,0.0057490791340187681,0.0023943475519038748,3.2493145059967201e-08,2.3721277588505483e-09,8.1482172684760856e-06,1.3388672466145844e-13,1.5881587540947146e-08,1.7283733907504088e-09
1.322806260390095e-07,0.11640260799999998,0.8585084662769803,0.0,0.0,0.32940682979973013,0.11291056798836374,0.021619790542846021,7.5041855518812585e-29,2.1724263079076615e-09,1.1080088276440866e-06,8.5367536166744995e-18,7.9551070210766845e-11,3.0550544997310113e-10,1.0417816230737846e-05,2.9858402690758762e-16,6.5018856089614415e-09,9.1142442184293164e-12,6.1514832348989005e-12,1.7270381037604596e-16,3.793538370986436e-22,2.639599636459821e-10,2.6602721648818153e-13,0.0057489453624462589,0.0024035456765222458,3.2632470023773536e-08,2.3938471421271847e-09,8.1912040119880909e-06,1.3617762158948425e-13,1.6130835599223983e-08,1.7409337704004687e-09
1.3280643132136198e-07,0.11640260799999998,0.8585084662769803,0.0,0.0,0.32939772532584494,0.1129106248503266,0.021615192666216684,7.7654333114663741e-29,2.2130410839510608e-09,1.1250473914328047e-06,8.7148603203436355e-18,8.0994121118984325e-11,3.0891802163752094e-10,1.0495313658933016e-05,3.0763276764829217e-16,6.5553727478685139e-09,9.2851188324623954e-12,6.2620267146324759e-12,1.7660146215248062e-16,3.9231790861249696e-22,2.6675187294831985e-10,2.7206363973106543e-13,0.0057488108442689525,0.0024127413358532609,3.2771892666049637e-08,2.4156415997688157e-09,8.2341237719136856e-06,1.384979157533979e-13,1.6382587720604365e-08,1.7535343139932657e-09
1.3333223660371445e-07,0.11640260799999998,0.8585084662769803,0.0,0.0,0.32938862410035152,0.11291068215930689,0.021610596021382794,8.0349399839529983e-29,2.2542213173179051e-09,1.1422526321076517e-06,8.8962517664727325e-18,8.245800650933215e-11,3.1235519840168948e-10,1.0573082611396821e-05,3.1691925835240722e-16,6.6089898573140078e-09,9.458516475258634e-12,6.3740495186469892e-12,1.8057142211695247e-16,4.0567239763147164e-22,2.6956151312997694e-10,2.7821301513047903e-13,0.0057486756073393255,0.002421934530829329,3.2911412788325095e-08,2.4375105890219492e-09,8.2769755651544979e-06,1.4084783006599986e-13,1.6636850071948382e-08,1.7661749620295471e-09
1.3385804188606692e-07,0.11640260799999998,0.8585084662769803,0.0,0.0,0.32937952609642462,0.11291073988864758,0.021606000607877054,8.3129410967770235e-29,2.295971687636052e-09,1.1596249239901959e-06,9.0809807139044392e-18,8.3942948747538324e-11,3.1581705823193498e-10,1.065112289331322e-05,3.2644878883702588e-16,6.6627351681690782e-09,9.6344642856162179e-12,6.4875639857158584e-12,1.8461473914132605e-16,4.1942747833934903e-22,2.7238891272223168e-10,2.8447700723901605e-13,0.0057485396785089196,0.0024311252623809079,3.3051030190785382e-08,2.4594535676696575e-09,8.3197584295921694e-06,1.4322759019161182e-13,1.6893628659130678e-08,1.7788556550184525e-09
1.343838471684194e-07,0.11640260799999998,0.8585084662769803,0.0,0.0,0.32937043128818505,0.11291079801265676,0.021601406425233127,8.5996781748222159e-29,2.338296875195124e-09,1.1771646310071297e-06,9.2691006274494833e-18,8.5449171706968101e-11,3.1930367897879112e-10,1.0729434309668338e-05,3.3622674526529425e-16,6.7166069131825932e-09,9.812989582643896e-12,6.6025824810884416e-12,1.8873247297930351e-16,4.335935486665009e-22,2.7523410000088617e-10,2.9085729847910787e-13,0.0057484030836643116,0.0024403135314365622,3.3190744677018149e-08,2.4814699903152847e-09,8.3624714240283956e-06,1.4563741150775187e-13,1.7152929327479162e-08,1.7915763334780266e-09
1.3490965245077187e-07,0.11640260799999998,0.8585084662769803,0.0,0.0,0.32936133965066555,0.11291085650657295,0.02159681347298557,8.8953988744575044e-29,2.3812015607850597e-09,1.1948721067284367e-06,9.4606656850089596e-18,8.697690077250961e-11,3.2281513837701497e-10,1.0808016665253449e-05,3.4625861150814801e-16,6.7706033272234164e-09,9.9941198661492242e-12,6.7191173964340485e-12,1.9292569433202816e-16,4.4818123429151299e-22,2.7809710298729677e-10,2.9735558926151705e-13,0.0057482658477617989,0.0024494993389230068,3.3330556051910421e-08,2.5035593203763658e-09,8.4051136280966322e-06,1.4807751572833509e-13,1.7414757762254322e-08,1.8043369379357096e-09
1.3538287720488908e-07,0.11640260799999998,0.8585084662769803,0.0,0.0,0.32935315986793567,0.11291090944762601,0.021592680867567715,9.1694382371490656e-29,2.4203151176699773e-09,1.2109525610313594e-06,9.6360651932690151e-18,8.837043215387505e-11,3.2599675303683011e-10,1.0878972276827595e-05,3.555089962587258e-16,6.81930523489542e-09,1.0159387259252376e-11,6.8253056223834872e-12,1.9676502918279643e-16,4.6167960128258375e-22,2.8068906106062658e-10,3.0330636055328427e-13,0.0057481418072482856,0.0024577644617836208,3.3456468965900868e-08,2.5235016109053684e-09,8.4434303420389361e-06,1.5029968990316922e-13,1.7652569164132133e-08,1.8158555695299692e-09
1.358561019590063e-07,0.11640260799999998,0.8585084662769803,0.0,0.0,0.32934498261699113,0.11291096265216538,0.021588549258056595,9.4511494733383573e-29,2.4599052724453455e-09,1.2271694292680449e-06,9.8143402506691538e-18,8.9781733713069817e-11,3.2919860638122329e-10,1.0950147048327864e-05,3.6497370837019849e-16,6.8681054133305007e-09,1.0326807415631641e-11,6.9327412776382374e-12,2.0066718120704172e-16,4.7553634654615354e-22,2.8329549242053387e-10,3.0935536865788317e-13,0.0057480172839165719,0.0024660275921954541,3.3582460057534319e-08,2.543502129794886e-09,8.4816883453445493e-06,1.5254673457186628e-13,1.789243645279768e-08,1.8274064496767619e-09
1.3632932671312352e-07,0.11640260799999998,0.8585084662769803,0.0,0.0,0.32933680788139391,0.11291101610394294,0.021584418644114724,9.7407264138268964e-29,2.4999754376577039e-09,1.243522947840976e-06,9.9955318630898236e-18,9.1210972911270585e-11,3.3242075483836759e-10,1.1021540837051801e-05,3.7465695409667337e-16,6.9170025810994896e-09,1.0496400759607878e-11,7.0414334497030634e-12,2.0463295395252154e-16,4.897597056707081e-22,2.8591641697007356e-10,3.1550389102170368e-13,0.0057478922941572429,0.0024742887308304554,3.3708529187093418e-08,2.5635604891687005e-09,8.5198870100328653e-06,1.548188053415411e-13,1.8134363442404708e-08,1.8389895350419695e-09
1.3680255146724073e-07,0.11640260799999998,0.8585084662769803,0.0,0.0,0.32932863564522535,0.11291106978724176,0.021580289025405163,1.0038367261958399e-28,2.5405290257183685e-09,1.2600133464672612e-06,1.0179681522285398e-17,9.2658318210859729e-11,3.3566325476052607e-10,1.1093153500176744e-05,3.8456300727482945e-16,6.9659954587513289e-09,1.0668187835013576e-11,7.1513912429656054e-12,2.0866315831357229e-16,5.0435807397792851e-22,2.8855185444796168e-10,3.2175321719022222e-13,0.0057477668538297774,0.0024825478783594831,3.3834676212892825e-08,2.583676306557124e-09,8.5580257215743185e-06,1.5711607435414365e-13,1.8378353843517027e-08,1.8506047822987068e-09
1.3727577622135795e-07,0.11640260799999998,0.8585084662769803,0.0,0.0,0.32932046589306757,0.11291112368685877,0.021576160401591497,1.0344274679763174e-28,2.5815694486212575e-09,1.2766408482075512e-06,1.0366831210204754e-17,9.4123939077657926e-11,3.3892616242406472e-10,1.1164984894761809e-05,3.9469621016441703e-16,7.015082768948564e-09,1.0842189305416455e-11,7.2626237781542224e-12,2.1275861257002384e-16,5.1934000903407802e-22,2.9120182442919306e-10,3.2810464887864076e-13,0.0057476409782799198,0.0024908050354523485,3.3960900993986417e-08,2.6038491903994635e-09,8.5961038788514626e-06,1.5943869732802816e-13,1.862441126349452e-08,1.8622521481277709e-09
1.3770167850006344e-07,0.11640260799999998,0.8585084662769803,0.0,0.0,0.32931311522760359,0.1129111723693018,0.021572445490517553,1.062683043565875e-28,2.6189248926037362e-09,1.2917230019560979e-06,1.0537866050427002e-17,9.5458764341609821e-11,3.4188027439139679e-10,1.1229820047050688e-05,4.0401395045596674e-16,7.0593410340414568e-09,1.1000701111602764e-11,7.3638305155386286e-12,2.1650099235195663e-16,5.3315890574369485e-22,2.9359923874995683e-10,3.3390932334810532e-13,0.0057475273304522347,0.0024982347755657642,3.4074569662897571e-08,2.6220532629015954e-09,8.6303219604250261e-06,1.6155086464335944e-13,1.8847633141248422e-08,1.8727622029564621e-09
1.380849905508984e-07,0.11640260799999998,0.8585084662769803,0.0,0.0,0.32930650132990669,0.11291121631453106,0.021569102759131417,1.0887126515478222e-28,2.6528863674346074e-09,1.3053921677755714e-06,1.0693930359674182e-17,9.6672985147599548e-11,3.4455318128519782e-10,1.1288322981247925e-05,4.1256298088101894e-16,7.0992372218527278e-09,1.114492229834758e-11,7.4558112436793237e-12,2.1991539640189447e-16,5.4587293960416647e-22,2.9576700117454857e-10,3.3920595195356863e-13,0.0057474247649596478,0.0025049201640568179,3.4176925133965296e-08,2.6384759581064954e-09,8.6610755430364418e-06,1.6346958437714557e-13,1.9049968827707558e-08,1.8822434399331861e-09
1.3846830260173335e-07,0.11640260799999998,0.8585084662769803,0.0,0.0,0.32929988903611818,0.11291126037625712,0.021565760679899994,1.1153221707160074e-28,2.6871733194466549e-09,1.3191516618867066e-06,1.0852039262834662e-17,9.789950117080474e-11,3.4723957751041494e-10,1.1346969170617362e-05,4.2126899365909081e-16,7.1391931033199049e-09,1.1290633483910177e-11,7.5486446003569659e-12,2.2337409025456026e-16,5.5885439242243018e-22,2.9794433264583957e-10,3.4457192675271642e-13,0.0057473219396013322,0.0025116042478102898,3.4279331372402768e-08,2.654935415868219e-09,8.6917883708063071e-06,1.6540522718575098e-13,1.9253666762951266e-08,1.8917456729088813e-09
1.388516146525683e-07,0.11640260799999998,0.8585084662769803,0.0,0.0,0.32929327833893707,0.11291130454731645,0.021562419252645459,1.1425232673785151e-28,2.7217875607368081e-09,1.3330015901841899e-06,1.1012216031861754e-17,9.9138404409873386e-11,3.4993949282886964e-10,1.1405758538969914e-05,4.3013443167651406e-16,7.1792080042560786e-09,1.143784588076285e-11,7.6423354638471874e-12,2.2687752313807843e-16,5.7210813511447522e-22,3.0013124325503467e-10,3.5000796322320574e-13,0.0057472188616167685,0.0025182870271802157,3.4381788305048952e-08,2.6714314349148869e-09,8.722460149739625e-06,1.6735786614219249e-13,1.945872866770088e-08,1.9012688788775684e-09
1.3923492670340325e-07,0.11640260799999998,0.8585084662769803,0.0,0.0,0.32928666923124772,0.11291134882073621,0.021559078477190196,1.1703278173894461e-28,2.756730902960001e-09,1.3469420557603509e-06,1.1174484158261659e-17,1.0038978729970933e-10,3.5265295696974017e-10,1.1464691010068961e-05,4.3916176895182863e-16,7.2192812516386517e-09,1.1586570753348419e-11,7.7368887191846943e-12,2.3042614753570082e-16,5.8563911350111569e-22,3.023277430240914e-10,3.5551478221956852e-13,0.0057471155380549284,0.0025249685025202171,3.4484295858387124e-08,2.6879638185255025e-09,8.7530905914815149e-06,1.6932759767708592e-13,1.9665156219113558e-08,1.9108130348371793e-09
1.396182387542382e-07,0.11640260799999998,0.8585084662769803,0.0,0.0,0.32928006170611501,0.11291139318972916,0.021555738353356786,1.1987479094843325e-28,2.7920051573492763e-09,1.3609731589177822e-06,1.133886735465116e-17,1.0165374271223383e-10,3.5537999962956807e-10,1.1523766507630035e-05,4.4835351094537952e-16,7.259412173653025e-09,1.1736819418155668e-11,7.8323092581754304e-12,2.3402041919945062e-16,5.9945234925222438e-22,3.0453384190594482e-10,3.6109310999813408e-13,0.005747011975779176,0.0025316486741835233,3.4586853958840244e-08,2.7045323637254376e-09,8.7836794133023925e-06,1.7131451140839688e-13,1.9872951050958197e-08,1.9203781177895367e-09
1.4000155080507315e-07,0.11640260799999998,0.8585084662769803,0.0,0.0,0.32927345575677902,0.11291143764768888,0.021552398880968004,1.2277958486314583e-28,2.8276121347118595e-09,1.3750949971820489e-06,1.1505389556317535e-17,1.0293036395714951e-10,3.5812065047226259e-10,1.1582984955319977e-05,4.5771219486965375e-16,7.2996000997361144e-09,1.1888603243794777e-11,7.9286019793959563e-12,2.376607971637692e-16,6.1355294083412055e-22,3.0674954978473132e-10,3.6674367824196039e-13,0.0057469081814721136,0.0025383275425229666,3.4689462533652775e-08,2.7211368708965049e-09,8.8142263380626557e-06,1.7331867682924975e-13,2.0082114753792858e-08,1.9299641047402473e-09
1.4034653165082462e-07,0.11640260799999998,0.8585084662769803,0.0,0.0,0.32926751174423391,0.11291147773060091,0.021549393912656943,1.2544861500568924e-28,2.8599443886898674e-09,1.3878823085133639e-06,1.1657108350513589e-17,1.0409022983811983e-10,3.6059889571796823e-10,1.163640371747388e-05,4.6627986859105565e-16,7.3358174185120432e-09,1.2026530687598264e-11,8.0160151983748684e-12,2.4097694026648222e-16,6.2649343901147568e-22,3.0875191068199131e-10,3.7189156438800929e-13,0.0057468145735903205,0.0025443374099778622,3.4781853346262684e-08,2.7361115147849461e-09,8.8416825237866545e-06,1.751372573041535e-13,2.0271533750957002e-08,1.9386093469128391e-09
1.4069151249657609e-07,0.11640260799999998,0.8585084662769803,0.0,0.0,0.3292615689980572,0.11291151787579615,0.021546389471743716,1.2817044343808678e-28,2.8925489339410721e-09,1.4007432592484112e-06,1.1810597073913974e-17,1.0526049962045624e-10,3.6308820917216795e-10,1.1689938151651522e-05,4.7498674138808029e-16,7.3720798814876909e-09,1.2165719223824707e-11,8.1041424386786989e-12,2.4433114324853829e-16,6.3967471507070174e-22,3.1076206992644792e-10,3.7709910348302735e-13,0.0057467207876603817,0.002550346222282584,3.4874284930822382e-08,2.7511149840706413e-09,8.8691043587077895e-06,1.7696994891249536e-13,2.0462063886134706e-08,1.9472714859446981e-09
1.4103649334232755e-07,0.11640260799999998,0.8585084662769803,0.0,0.0,0.32925562751366722,0.11291155807881532,0.021543385558099523,1.3094601347350487e-28,2.925427089406825e-09,1.4136779147654529e-06,1.1965873644215548e-17,1.0644124223951492e-10,3.6558861239207733e-10,1.1743588202108954e-05,4.8383473010399065e-16,7.4083870025940237e-09,1.2306177248779386e-11,8.1929872851522989e-12,2.4772374762014117e-16,6.531006491638901e-22,3.1278003458158871e-10,3.8236684029825246e-13,0.0057466268281971926,0.0025563539796935562,3.4966757234559249e-08,2.766147136507876e-09,8.8964916523067293e-06,1.7881681357390436e-13,2.0653706229793037e-08,1.9559505050813877e-09
1.4134697610350387e-07,0.11640260799999998,0.8585084662769803,0.0,0.0,0.32925028125284073,0.11291159430737291,0.021540682486528424,1.3349076734616334e-28,2.9552524558457421e-09,1.4253821749128854e-06,1.2107166096438829e-17,1.0751292208011215e-10,3.6784847483947517e-10,1.1791972053343055e-05,4.9192017574725124e-16,7.4411011933021426e-09,1.2433681851353937e-11,8.2735641665998477e-12,2.5081020876360158e-16,6.6539642194854985e-22,3.1460288219939776e-10,3.871597256553321e-13,0.005746542119954583,0.0025617600596410154,3.5050017079343226e-08,2.7797004799616332e-09,8.9211105291557283e-06,1.8049116126631836e-13,2.0827136139606067e-08,1.963776040948682e-09
1.416574588646802e-07,0.11640260799999998,0.8585084662769803,0.0,0.0,0.32924493600723892,0.11291163057614119,0.021537979841847285,1.3608053719665364e-28,2.9853014755191949e-09,1.4371462325872803e-06,1.224993461344171e-17,1.0859319165172759e-10,3.7011735312618477e-10,1.1840449467906948e-05,5.001229233924484e-16,7.4738508111087098e-09,1.2562227738026691e-11,8.354727835664255e-12,2.5392830547583797e-16,6.7789645681296867e-22,3.1643206297174746e-10,3.9200221761633389e-13,0.0057464572778624101,0.002567165285518644,3.5133309825612785e-08,2.7932768374499036e-09,8.945701142310213e-06,1.8217708429032152e-13,2.1001468523947192e-08,1.9716152239218941e-09
1.4196794162585651e-07,0.11640260799999998,0.8585084662769803,0.0,0.0,0.32923959177373252,0.11291166688208722,0.021535277623962453,1.3871604236387841e-28,3.01557510907314e-09,1.44897013174861e-06,1.239419257069942e-17,1.0968210180976752e-10,3.7239526292297143e-10,1.1889020405101092e-05,5.0844441569310121e-16,7.5066355036420831e-09,1.2691821101222999e-11,8.4364809145967455e-12,2.5707829127838419e-16,6.9060369319578379e-22,3.1826758195555614e-10,3.9689472087469028e-13,0.0057463723049942699,0.0025725696575128825,3.5216635434973424e-08,2.8068761064606054e-09,8.9702633603364622e-06,1.8387462788755027e-13,2.1176704105479286e-08,1.9794680417928399e-09
1.4227842438703283e-07,0.11640260799999998,0.8585084662769803,0.0,0.0,0.3292342485492562,0.11291170322224377,0.021532575832780367,1.4139801244896446e-28,3.0460743168532199e-09,1.4608539151985742e-06,1.2539953443843719e-17,1.1077970360014291e-10,3.7468221988656971e-10,1.1937684824206486e-05,5.1688610983523872e-16,7.5394549191834301e-09,1.2822468156006784e-11,8.5188260284217199e-12,2.6026042114295462e-16,7.0352110625604554e-22,3.2010944417874045e-10,4.0183764252802248e-13,0.005746287204358054,0.002577973175810021,3.5299993869202942e-08,2.8204981839356824e-09,8.9947970541351352e-06,1.8558383728976857e-13,2.135284358878973e-08,1.9873344823552211e-09
1.4258890714820915e-07,0.11640260799999998,0.8585084662769803,0.0,0.0,0.32922890633080609,0.11291173959370783,0.021529874468207515,1.4412718744358548e-28,3.076800058892979e-09,1.4727976245857061e-06,1.2687230809223031e-17,1.1188604825953013e-10,3.76978239659686e-10,1.198644268448491e-05,5.2544947765098175e-16,7.5723087066806918e-09,1.2954175140106039e-11,8.601765804920372e-12,2.6347495149622392e-16,7.1665170722639089e-22,3.2195765464029362e-10,4.0683139208692187e-13,0.0057462019788973558,0.0025833758405962013,3.5383385090194815e-08,2.8341429669279179e-09,9.0193020969304244e-06,1.8730475683304029e-13,2.152988766046354e-08,1.9952145334046352e-09
1.4289938990938547e-07,0.11640260799999998,0.8585084662769803,0.0,0.0,0.32922356511543976,0.11291177599363947,0.021527173530150476,1.4690431785970172e-28,3.1077532949032832e-09,1.4848013004105554e-06,1.2836038344464502e-17,1.1300118721563114e-10,3.792833378709999e-10,1.2035293945179103e-05,5.3413600573277947e-16,7.6051965157624666e-09,1.3086948313938188e-11,8.6853028746218167e-12,2.6672214022461038e-16,7.2999854376899695e-22,3.2381221831036599e-10,4.1187638148374243e-13,0.0057461166314928275,0.002588777652057418,3.5466809059845364e-08,2.8478103543950617e-09,9.0437783642578228e-06,1.8903743164946235e-13,2.1707836989157759e-08,2.0031081827385988e-09
1.432098726705618e-07,0.11640260799999998,0.8585084662769803,0.0,0.0,0.32921822490027353,0.11291181241926029,0.021524473018515899,1.4973016486055545e-28,3.1389349842625017e-09,1.49686498203094e-06,1.2986389829037754e-17,1.1412517208743272e-10,3.8159753013516727e-10,1.2084238565512875e-05,5.4294719554820842e-16,7.6381179967517228e-09,1.3220793960635447e-11,8.7694398707908734e-12,2.7000224667905996e-16,7.4356470033398363e-22,3.2567314013034407e-10,4.1697302508140072e-13,0.0057460311649635441,0.0025941786103795225,3.5550265740078837e-08,2.8615002446593875e-09,9.0682257339561705e-06,1.907819071478124e-13,2.1886692225676755e-08,2.0110154181565939e-09
1.4352035543173811e-07,0.11640260799999998,0.8585084662769803,0.0,0.0,0.3292128856824828,0.11291184886785222,0.021521772933210503,1.5260550039298198e-28,3.1703460860039869e-09,1.5089887076672514e-06,1.3138299144820375e-17,1.1525805468546511e-10,3.8392083205282222e-10,1.2133276504691182e-05,5.5188456355536541e-16,7.6710728006794128e-09,1.3355718386070005e-11,8.8541794294078631e-12,2.7331553167983319e-16,7.5735329852036689e-22,3.2754042501292989e-10,4.2212173968218663e-13,0.0057459455820683064,0.0025995787157482219,3.5633755092946531e-08,2.8752125356706866e-09,9.0926440861567968e-06,1.9253822742930586e-13,2.2066454003048739e-08,2.0189362274600878e-09
1.4383083819291443e-07,0.11640260799999998,0.8585084662769803,0.0,0.0,0.32920754745929887,0.11291188533675611,0.021519073274141067,1.5553110732111814e-28,3.2019875588050341e-09,1.5211725144078341e-06,1.3291780276665281e-17,1.1639988701206041e-10,3.8625325921057923e-10,1.2182407721900268e-05,5.6094964131888949e-16,7.7040605792979144e-09,1.349172791887919e-11,8.9395241891590293e-12,2.7666225752129444e-16,7.7136749743972903e-22,3.294140778422216e-10,4.273229445365828e-13,0.0057458598855069341,0.0026049779683490829,3.5717277080575816e-08,2.8889471278455257e-09,9.1170333032698854e-06,1.9430643742783793e-13,2.2247122936603329e-08,2.0268705984525376e-09
1.4414132095409075e-07,0.11640260799999998,0.8585084662769803,0.0,0.0,0.32920221022800922,0.11291192182337066,0.021516374041214457,1.5850777956156192e-28,3.233860360977889e-09,1.5334164382144322e-06,1.3446847312970016e-17,1.1755072126161018e-10,3.8859482718103615e-10,1.2231632176307837e-05,5.7014397562663305e-16,7.7370809850943735e-09,1.3628828910490508e-11,9.0254767914262808e-12,2.8004268797670408e-16,7.8561049408269778e-22,3.3129410347379297e-10,4.3257706135209493e-13,0.0057457740779215333,0.0026103763683675337,3.5800831665111347e-08,2.9027039209653024e-09,9.1413932699766251e-06,1.9608658275674167e-13,2.2428699624050255e-08,2.034818518939412e-09
1.4445180371526707e-07,0.11640260799999998,0.8585084662769803,0.0,0.0,0.32919687398595571,0.11291195832515101,0.021513675234337601,1.6153632221997302e-28,3.2659654504567648e-09,1.5457205139277004e-06,1.3603514446247905e-17,1.1871060982082239e-10,3.9094555152277562e-10,1.2280949827063167e-05,5.7946912860697576e-16,7.7701336713038562e-09,1.3767027735146589e-11,9.1120398802636188e-12,2.8345708830301179e-16,8.0008552368820834e-22,3.3318050673477311e-10,4.3788451430209145e-13,0.0057456881618977206,0.0026157739159888681,3.5884418808796695e-08,2.916482813768432e-09,9.1657238732186546e-06,1.9787870724933603e-13,2.2611184645559228e-08,2.0427799767282225e-09
1.447622864764434e-07,0.11640260799999998,0.8585084662769803,0.0,0.0,0.32919153873053292,0.11291199483960761,0.021510976853417487,1.64617551729097e-28,3.2983037847884551e-09,1.5580847752727818e-06,1.3761795973701107e-17,1.1987960526897797e-10,3.9330544778036795e-10,1.2330360633297234e-05,5.8892667784676648e-16,7.8032182919224049e-09,1.3906330789930068e-11,9.1992161023912267e-12,2.8690572524565315e-16,8.1479586011549945e-22,3.3507329242392704e-10,4.4324573003465273e-13,0.0057456021399658339,0.0026211706113982401,3.5968038473937467e-08,2.9302837081736317e-09,9.1900250021826143e-06,1.9968285554178658e-13,2.279457856384079e-08,2.0507549596285491e-09
1.4507276923761972e-07,0.11640260799999998,0.8585084662769803,0.0,0.0,0.329186204459188,0.112912031364305,0.021508278898361169,1.6775229598821515e-28,3.3308763211258438e-09,1.57050925486494e-06,1.3921706297795453e-17,1.2105776037818643e-10,3.9567453148437355e-10,1.2379864554122799e-05,5.9851821650989322e-16,7.8363345017199192e-09,1.4046744494788354e-11,9.2870081071910391e-12,2.9038886704334837e-16,8.2974481621883864e-22,3.3697246531173562e-10,4.4866113768143067e-13,0.0057455160146021155,0.0026265664547806752,3.6051690622844546e-08,2.94410650563984e-09,9.214296548292382e-06,2.0149907356693892e-13,2.2978881924228266e-08,2.0587434554520543e-09
1.4538325199879604e-07,0.11640260799999998,0.8585084662769803,0.0,0.0,0.32918087116941847,0.11291206789686067,0.021505581369075783,1.7094139450404349e-28,3.3636840162130111e-09,1.58299398421526e-06,1.4083259926837192e-17,1.2224512811364125e-10,3.9805281815134551e-10,1.2429461548634548e-05,6.082453534564847e-16,7.8694819562529393e-09,1.4188275292558329e-11,9.3754185466760644e-12,2.9390678343290293e-16,8.4493574422501209e-22,3.3887803014047629e-10,4.5413116886651662e-13,0.0057454297882298657,0.0026319614463210664,3.613537521796357e-08,2.9579511055776123e-09,9.2385384051993983e-06,2.0332740490907131e-13,2.3164095254760675e-08,2.0667454520124956e-09
1.4569373475997236e-07,0.11640260799999998,0.8585084662769803,0.0,0.0,0.32917553885877215,0.112912104434944,0.021502884265468519,1.7418569853310292e-28,3.3967278263763639e-09,1.5955389937364002e-06,1.4246471475551552e-17,1.2344176163387434e-10,4.0044032328383134e-10,1.2479151575909229e-05,6.1810971336275287e-16,7.9026603118772537e-09,1.4330929648990928e-11,9.4644500754857907e-12,2.974597456540109e-16,8.6037203611361464e-22,3.4078999162430259e-10,4.5965625771532041e-13,0.0057453434632205782,0.0026373555862041738,3.6219092221802477e-08,2.9718174113884918e-09,9.262750468765013e-06,2.0516789375378302e-13,2.3350219066266664e-08,2.0747609371257521e-09
1.4600421752114868e-07,0.11640260799999998,0.8585084662769803,0.0,0.0,0.32917020752484499,0.112912140976275,0.02150018758744662,1.7748607122557377e-28,3.4300087075220085e-09,1.6081443127484058e-06,1.4411355665663206e-17,1.2464771429101045e-10,4.0283706237037632e-10,1.2528934595005733e-05,6.2811293684147827e-16,7.9358692257603684e-09,1.4474714052775685e-11,9.5541053508913195e-12,3.0104802645405977e-16,8.7605712400015552e-22,3.4270835444932541e-10,4.6523684086345686e-13,0.0057452570418950483,0.0026427488746146328,3.6302841596807592e-08,2.9857053264864967e-09,9.2869326370526174e-06,2.0702058647876934e-13,2.3537253852449434e-08,2.0827898986098448e-09
1.46314700282325e-07,0.11640260799999998,0.8585084662769803,0.0,0.0,0.3291648771652807,0.11291217751862345,0.021497491334917414,1.8084338777064394e-28,3.4635276151181625e-09,1.6208099694845817e-06,1.4577927326478597e-17,1.2586303963101984e-10,4.0524305088552541e-10,1.2578810564965226e-05,6.3825668056313738e-16,7.9691083558938611e-09,1.4619635015565119e-11,9.6443870327552643e-12,3.0467190009293869e-16,8.9199448052198534e-22,3.4463312327369318e-10,4.7087335746564411e-13,0.0057451705265244429,0.0026481413117369541,3.6386623305593853e-08,2.9996147508116247e-09,9.311084810319596e-06,2.0888552647382125e-13,2.372520008997263e-08,2.0908323242849576e-09
1.4662518304350132e-07,0.11640260799999998,0.8585084662769803,0.0,0.0,0.32915954777776973,0.11291221405980759,0.021494795507788277,1.8425853554335764e-28,3.4972855041860565e-09,1.6335359910974193e-06,1.4746201395470141e-17,1.2708779139397206e-10,4.0765830428982581e-10,1.2628779444811257e-05,6.4854261737767243e-16,8.0023773611055629e-09,1.4765699071999093e-11,9.7352977835264395e-12,3.0833164234784744e-16,9.0818761922705169e-22,3.4656430272767239e-10,4.7656624920461012e-13,0.0057450839193313816,0.0026535328977555202,3.6470437310881267e-08,3.0135455891528639e-09,9.3352068909970368e-06,2.1076275725412459e-13,2.3914058238547136e-08,2.0988882019734484e-09
1.4693566580467764e-07,0.11640260799999998,0.8585084662769803,0.0,0.0,0.32915421936004746,0.11291225059769319,0.021492100105966652,1.8773241425297901e-28,3.5312833293035701e-09,1.6463224036645681e-06,1.4916192918862263e-17,1.2832202351428749e-10,4.1008283802982988e-10,1.2678841193549842e-05,6.5897243643690569e-16,8.0356759010716332e-09,1.4912912779729045e-11,9.8268402682609393e-12,3.1202753051810902e-16,9.2464009496549786e-22,3.4850189741372818e-10,4.8231596030000865e-13,0.0057449972224909614,0.0026589236328545891,3.6554283575240097e-08,3.0274977472541684e-09,9.3592987836813167e-06,2.1265232578594206e-13,2.4103828741018843e-08,2.1069575194998713e-09
1.4724614856585396e-07,0.11640260799999998,0.8585084662769803,0.0,0.0,0.32914889190989449,0.11291228713019257,0.021489405129360043,1.9126593609288418e-28,3.5655220445837572e-09,1.6591692321948766e-06,1.5087917052219283e-17,1.2956579012098919e-10,4.1251666753809713e-10,1.2728995770169596e-05,6.6954784331760068e-16,8.0690036363284495e-09,1.5061282719442158e-11,9.9190171545692466e-12,3.157598434299833e-16,9.4135550428411935e-22,3.504459119066054e-10,4.8812293751734477e-13,0.0057449104381317754,0.0026643135172183044,3.6638162061430554e-08,3.0414711254368541e-09,9.3833603951287162e-06,2.1455427538719083e-13,2.4294512023457238e-08,2.1150402646909926e-09
1.4755663132703028e-07,0.11640260799999998,0.8585084662769803,0.0,0.0,0.32914356542513434,0.11291232365526363,0.021486710577876003,1.9486002589199545e-28,3.6000026036633517e-09,1.6720765006344738e-06,1.5261389061035282e-17,1.30819145537954e-10,4.1495980823319718e-10,1.277924313364184e-05,6.8027056014517309e-16,8.1023602282844064e-09,1.5210815494885404e-11,1.0011831112604948e-11,3.1952886144148346e-16,9.5833748582369983e-22,3.5239635075340868e-10,4.939876301769096e-13,0.0057448235683369049,0.0026697025510306837,3.6722072732393423e-08,3.0554656296627607e-09,9.4073916342321157e-06,2.1646864859457633e-13,2.4486108495244977e-08,2.1231364253758099e-09
1.4783606581208895e-07,0.11640260799999998,0.8585084662769803,0.0,0.0,0.32913877241249673,0.11291235651982445,0.021484285844943819,1.9814726699026798e-28,3.6312426710853698e-09,1.6837447372924833e-06,1.5419021008470479e-17,1.3195540890190006e-10,4.1716660865570563e-10,1.2824545059601711e-05,6.9004839206488842e-16,8.1324055543884652e-09,1.5346394693931871e-11,1.0095910580121188e-11,3.2295259346606064e-16,9.7385223003151591e-22,3.5415724227411116e-10,4.9931557370264951e-13,0.0057447453141597788,0.0026745519543924265,3.6797619823428227e-08,3.0680786703964632e-09,9.4289937074854024e-06,2.182022464083362e-13,2.4659326421726786e-08,2.1304344301817388e-09
1.4811550029714762e-07,0.11640260799999998,0.8585084662769803,0.0,0.0,0.32913398017857171,0.11291238937532372,0.021481861456218786,2.0148501992111878e-28,3.6626800985856879e-09,1.6954619647898106e-06,1.557809247422218e-17,1.3309952323964948e-10,4.1938097483769481e-10,1.2869922079730873e-05,6.9994823246605175e-16,8.1624737352942972e-09,1.5482926004318329e-11,1.0180510190799e-11,3.2640649150465643e-16,9.8958859214943668e-22,3.559233444583943e-10,5.0469096393451222e-13,0.005744666993887414,0.0026794006690905293,3.6873192926791545e-08,3.080708677236654e-09,9.45057104364437e-06,2.1994597803258441e-13,2.4833284624857253e-08,2.1377432828113932e-09
1.4839493478220628e-07,0.11640260799999998,0.8585084662769803,0.0,0.0,0.32912918872185953,0.11291242222036341,0.021479437411633651,2.048739857501096e-28,3.6943155803651099e-09,1.7072281983997631e-06,1.5738614817591647e-17,1.342515285591421e-10,4.2160291799024611e-10,1.2915374164083766e-05,7.0997137165721012e-16,8.1925645260263143e-09,1.5620414288181799e-11,1.0265631896461863e-11,3.2989076313990221e-16,1.0055493138039777e-21,3.5769466056399352e-10,5.1011413377058199e-13,0.0057445886089476476,0.0026842486952589027,3.6948792015604883e-08,3.0933555801478866e-09,9.4721235806945059e-06,2.216998713178457e-13,2.5007983368768796e-08,2.1450629743968118e-09
1.4867436926726495e-07,0.11640260799999998,0.8585084662769803,0.0,0.0,0.32912439804088645,0.1129124550535731,0.021477013711121175,2.0831487421991212e-28,3.7261498102971698e-09,1.71904345271385e-06,1.5900599471486662e-17,1.354114649967836e-10,4.2383244931526855e-10,1.2960901282703742e-05,7.201191111168191e-16,8.222677682209552e-09,1.5758864422848305e-11,1.0351277650605596e-11,3.3340561697143295e-16,1.0217371652475229e-21,3.5947119383071093e-10,5.1558541780747061e-13,0.0057445101607408108,0.0026890960330313691,3.7024417062866678e-08,3.1060193164075503e-09,9.493651257988124e-06,2.2346396318108762e-13,2.5183422906873784e-08,2.1523934960715275e-09
1.4895380375232362e-07,0.11640260799999998,0.8585084662769803,0.0,0.0,0.32911960813420466,0.11291248787360939,0.021474590354614173,2.1180840384393112e-28,3.7581834819237861e-09,1.730907741645509e-06,1.6064057942774788e-17,1.3657937281759228e-10,4.2606958000550023e-10,1.3006503405623206e-05,7.3039276356803673e-16,8.2528129600762463e-09,1.5898281300846863e-11,1.0437449408367665e-11,3.3695126261873688e-16,1.038154945600708e-21,3.6125294748046361e-10,5.2110515234561776e-13,0.0057444316506402643,0.0026939426825416924,3.7100068041537592e-08,3.1186998137647196e-09,9.5151540162539498e-06,2.2523828769509076e-13,2.5359603481919583e-08,2.1597348389705928e-09
1.4920529478887643e-07,0.11640260799999998,0.8585084662769803,0.0,0.0,0.32911529787903349,0.11291251739928973,0.021472409627827042,2.1499818968641928e-28,3.7871848819805276e-09,1.7416275372380294e-06,1.6212440251110907e-17,1.3763733877172188e-10,4.2808950432737202e-10,1.3047609420149673e-05,7.3974780046850986e-16,8.2799534232159823e-09,1.6024587112531807e-11,1.0515455340683127e-11,3.401688447783911e-16,1.0531298740658345e-21,3.6286099184127576e-10,5.2611461793804025e-13,0.0057443609397444008,0.0026983040787473401,3.7168176071468884e-08,3.1301265360505299e-09,9.5344851450286176e-06,2.2684395076824932e-13,2.551879977812559e-08,2.1663512924009255e-09
1.4943163672177397e-07,0.11640260799999998,0.8585084662769803,0.0,0.0,0.3291114191837855,0.11291254396158741,0.021470447211872662,2.1790640048766884e-28,3.813425162939874e-09,1.7513093289737478e-06,1.6347020060169099e-17,1.3859508109517655e-10,4.2991271363589771e-10,1.3084656738620712e-05,7.4825625568833364e-16,8.30439484585187e-09,1.6138938225353935e-11,1.0586027498622203e-11,3.4308626695192558e-16,1.0667702257826898e-21,3.6431185128203185e-10,5.3065713005051485e-13,0.00574429725880373,0.0027022288588495619,3.7229491222387107e-08,3.1404221091449272e-09,9.5518658289852875e-06,2.2829617383325247e-13,2.5662589944695043e-08,2.1723135832492587e-09
1.496579786546715e-07,0.11640260799999998,0.8585084662769803,0.0,0.0,0.3291075409940572,0.11291257051293915,0.021468485021500928,2.2085045593902246e-28,3.8397975296264736e-09,1.7610233148561007e-06,1.6482587544747378e-17,1.3955812545810144e-10,4.3174092875890587e-10,1.3121753214093232e-05,7.5684969374627028e-16,8.3288503511217603e-09,1.6253932367472755e-11,1.0656948249203168e-11,3.4602426770485689e-16,1.0805665067057245e-21,3.6576614148635597e-10,5.3523203410420871e-13,0.0057442335396106319,0.0027061531876205725,3.7290823339061088e-08,3.1507285605636687e-09,9.5692300626155031e-06,2.2975516943395014e-13,2.5806866702523645e-08,2.1782829581457597e-09
1.4988432058756904e-07,0.11640260799999998,0.8585084662769803,0.0,0.0,0.3291036633091261,0.11291259705268057,0.0214665230566762,2.2383075515931951e-28,3.8663023499628117e-09,1.7707695009932043e-06,1.6619148963723172e-17,1.4052649350670695e-10,4.3357415562706508e-10,1.3158898830620229e-05,7.6552883421340209e-16,8.3533198106722477e-09,1.6369572168247298e-11,1.072821863459367e-11,3.4898296040945388e-16,1.0945202609474285e-21,3.6722386413235733e-10,5.3983951211971439e-13,0.0057441697828453939,0.0027100770651313213,3.7352172407276375e-08,3.1610458501424226e-09,9.5865778170143243e-06,2.3122094832747876e-13,2.5951630160374913e-08,2.1842594123821806e-09
1.5011066252046657e-07,0.11640260799999998,0.8585084662769803,0.0,0.0,0.32909978612827973,0.11291262358015798,0.021464561317362851,2.268477012301009e-28,3.8929399917224355e-09,1.7805478932086538e-06,1.6756710608504303e-17,1.4150020694285014e-10,4.3541240016709931e-10,1.319609357224999e-05,7.7429440164885429e-16,8.3778030964236539e-09,1.6485860263607886e-11,1.0799839697674418e-11,3.519624588825492e-16,1.1086330455279215e-21,3.6868502089053897e-10,5.4447974686140844e-13,0.0057441059891776688,0.0027140004914527152,3.7413538412762297e-08,3.1713739504899192e-09,9.6039090638374251e-06,2.3269352663685013e-13,2.6096880422530881e-08,2.1902429412509427e-09
1.5028779694529505e-07,0.11640260799999998,0.8585084662769803,0.0,0.0,0.3290967522109291,0.11291264433150026,0.021463026224143273,2.2923457833464865e-28,3.9138794037022412e-09,1.7882228978146655e-06,1.6865067657500487e-17,1.4226597438436057e-10,4.3685450786915563e-10,1.3225236305972809e-05,7.812150618183451e-16,8.3969731938137548e-09,1.6577320842874532e-11,1.0856135379722559e-11,3.5430879072215212e-16,1.1197896058776885e-21,3.6983091364887041e-10,5.4813414614838401e-13,0.0057440560391572148,0.0027170706368415173,3.7461575044316057e-08,3.1794642023409031e-09,9.617460906037738e-06,2.3385072191307365e-13,2.6210892406258129e-08,2.1949305622407988e-09
1.5046493137012352e-07,0.11640260799999998,0.8585084662769803,0.0,0.0,0.32909371860154624,0.11291266507463325,0.021461491269000942,2.3164434615007721e-28,3.9349005644458639e-09,1.7959176332063573e-06,1.6974044219953537e-17,1.4303503942498099e-10,4.3829969514626943e-10,1.3254409109306923e-05,7.8818945340201856e-16,8.4161516197447096e-09,1.6669181362648057e-11,1.091264697656099e-11,3.5666799013862002e-16,1.1310452849529157e-21,3.7097891146712041e-10,5.5180880818964197e-13,0.0057440060672510253,0.0027201405059734279,3.750962203363028e-08,3.1875610339995758e-09,9.6310026079715235e-06,2.3501210166082325e-13,2.632520264406515e-08,2.1996225110031762e-09
1.50642065794952e-07,0.11640260799999998,0.8585084662769803,0.0,0.0,0.32909068529980229,0.11291268580925685,0.02145995645191881,2.3407720303555953e-28,3.9560036500302718e-09,1.8036321018135136e-06,1.7083643353363654e-17,1.4380741253800093e-10,4.3974796483410742e-10,1.3283611974600628e-05,7.9521793014159768e-16,8.4353383131827934e-09,1.6761443094781548e-11,1.0969374988935729e-11,3.5904011225725019e-16,1.1424008457923454e-21,3.7212901513626357e-10,5.555038215430239e-13,0.0057439560737668205,0.0027232100988823981,3.7557679373919285e-08,3.195664429439015e-09,9.6445341567847993e-06,2.3617767468824109e-13,2.6439811180238261e-08,2.204318785282562e-09
1.5081920021978047e-07,0.11640260799999998,0.8585084662769803,0.0,0.0,0.32908765230537185,0.11291270653507475,0.021458421772879818,2.3653334888309067e-28,3.9771888364754709e-09,1.8113663059609972e-06,1.7193868127601138e-17,1.4458310421765083e-10,4.4119931976685734e-10,1.3312844894200522e-05,8.023008476858215e-16,8.4545332131997797e-09,1.6854107313599406e-11,1.1026319917854664e-11,3.6142521237142993e-16,1.1538570563944256e-21,3.7328122544444389e-10,5.592192750478542e-13,0.0057439060590085576,0.002726279415602367,3.7605747058370762e-08,3.2037743719479671e-09,9.6580555398357239e-06,2.3734744964623613e-13,2.6554718057409598e-08,2.209019382823696e-09
1.5099633464460894e-07,0.11640260799999998,0.8585084662769803,0.0,0.0,0.32908461961793317,0.1129127272517944,0.021456887231866933,2.3901298512786215e-28,3.9984562997458607e-09,1.8191202478691479e-06,1.7304721624943449e-17,1.4536212497911654e-10,4.4265376277722821e-10,1.3342107860451465e-05,8.0943856359841767e-16,8.4737362589735562e-09,1.6947175295898704e-11,1.1083482264589394e-11,3.6382334594292904e-16,1.1654146897435581e-21,3.744355431769794e-10,5.629552578254877e-13,0.0057438560232764618,0.0027293484561672636,3.7653825080150593e-08,3.2118908448702378e-09,9.6715667446930605e-06,2.3852143446507837e-13,2.6669923316563108e-08,2.2137243013715744e-09
1.511734690694374e-07,0.11640260799999998,0.8585084662769803,0.0,0.0,0.32908158723716829,0.11291274795912684,0.021455352828863114,2.4151631475869638e-28,4.019806215747465e-09,1.8268939296541851e-06,1.7416206940112364e-17,1.4614448535855402e-10,4.4411129669645072e-10,1.3371400865696583e-05,8.1663143736610058e-16,8.4929473897887235e-09,1.7040648320950581e-11,1.1140862530671799e-11,3.6623456860219261e-16,1.1770745238364473e-21,3.7559196911636724e-10,5.6671185927985714e-13,0.005743805966867078,0.0027324172206110052,3.7701913432436595e-08,3.220013831603537e-09,9.6850677591353689e-06,2.3969963737500134e-13,2.6785426997040538e-08,2.2184335386714505e-09
1.5135060349426589e-07,0.11640260799999998,0.8585084662769803,0.0,0.0,0.32907855516276208,0.11291276865678679,0.02145381856385133,2.4404354232850958e-28,4.041238760326438e-09,1.8346873533286083e-06,1.7528327180311084e-17,1.469301959131042e-10,4.4557192435427685e-10,1.3400723902277283e-05,8.2387983040657824e-16,8.512166545037189e-09,1.7134527670501614e-11,1.1198461217890409e-11,3.6865893614863355e-16,1.1888373417085031e-21,3.7675050404228837e-10,5.7048916909801883e-13,0.0057437558900733229,0.002735485708967499,3.7750012108429979e-08,3.2281433155968095e-09,9.6985585711502411e-06,2.4088206655824685e-13,2.6901229136547452e-08,2.2231470924688328e-09
1.517048723439228e-07,0.11640260799999998,0.8585084662769803,0.0,0.0,0.32907249193178356,0.11291281002196614,0.021450750447735742,2.4917051738048518e-28,4.0843524383045299e-09,1.850333433879431e-06,1.7754484927241441e-17,1.4851170988111877e-10,4.4850247219735757e-10,1.3459460038802535e-05,8.3854462967996078e-16,8.5506286869417421e-09,1.7323510482473008e-11,1.131431586418119e-11,3.7354732994729523e-16,1.2126750862845772e-21,3.7907390395840346e-10,5.7810627399285835e-13,0.0057436556764864288,0.0027416218575543163,3.7846240404329765e-08,3.2444217094273021e-09,9.7255095408882163e-06,2.4325963637066805e-13,2.7133728935327055e-08,2.2325871405394253e-09
1.5205914119357973e-07,0.11640260799999998,0.8585084662769803,0.0,0.0,0.32906642992254626,0.11291285134512127,0.021447682883384028,2.5439557839025186e-28,4.1277987392488517e-09,1.8660585035625503e-06,1.7983219974404657e-17,1.5010675176054248e-10,4.5144542891492654e-10,1.3518316208724523e-05,8.5343589168582896e-16,8.5891222019910859e-09,1.7514134035346922e-11,1.1431050222906862e-11,3.7848897712470371e-16,1.236934289538936e-21,3.8140574910663545e-10,5.8580729568977474e-13,0.0057435553847880712,0.0027477569021987524,3.7942509913513642e-08,3.2607258950203923e-09,9.7524195619571363e-06,2.4565420915724836e-13,2.7367422982051609e-08,2.2420444275525648e-09
1.5241341004323665e-07,0.11640260799999998,0.8585084662769803,0.0,0.0,0.32906036913265102,0.11291289262409653,0.021444615870660107,2.5972041916923351e-28,4.1715790677645704e-09,1.8818625747852649e-06,1.8214557632562217e-17,1.5171540676545305e-10,4.5440081709179653e-10,1.3577292350713474e-05,8.6855657810366869e-16,8.6276466092435161e-09,1.7706408672352568e-11,1.1548668317622338e-11,3.8348433018887996e-16,1.2616213998651889e-21,3.8374604562355031e-10,5.9359296193361301e-13,0.0057434550171951825,0.0027538908431716776,3.8038820581615878e-08,3.2770557418880161e-09,9.7792885456990181e-06,2.4806585015975446e-13,2.7602311520078969e-08,2.2515189354816313e-09
1.5276767889289357e-07,0.11640260799999998,0.8585084662769803,0.0,0.0,0.32905430955974951,0.11291293385679013,0.021441549409428006,2.6514675957941758e-28,4.2156948274854795e-09,1.8977456583342842e-06,1.8448523415767292e-17,1.5333776044708955e-10,4.5736865928914303e-10,1.3636388403412547e-05,8.8390968228562336e-16,8.666201429529975e-09,1.7900344776458126e-11,1.1667174175981485e-11,3.8853384437945566e-16,1.2867429488473947e-21,3.8609479960112559e-10,6.0146400505186396e-13,0.0057433545758706862,0.0027600236807437894,3.8135172354334077e-08,3.2934111203990788e-09,9.8061164067213854e-06,2.5049462452960178e-13,2.7838394767170794e-08,2.2610106463041765e-09
1.5312194774255049e-07,0.11640260799999998,0.8585084662769803,0.0,0.0,0.3290482512015433,0.11291297504115308,0.021438483499551811,2.7067634588292285e-28,4.2601474210612133e-09,1.913707763388838e-06,1.868514304256946e-17,1.549738986943179e-10,4.6034897804450876e-10,1.3695604305437983e-05,8.9949822951844464e-16,8.7047861854720239e-09,1.8095952770414209e-11,1.1786571829715986e-11,3.9363797767705642e-16,1.3123055521310393e-21,3.8845201708690541e-10,6.0942116197225443e-13,0.005743254062924804,0.0027661554151856222,3.8231565177470593e-08,3.3097919017829545e-09,9.8329030628708276e-06,2.5294059736480025e-13,2.8075672915689296e-08,2.2705195420019385e-09
1.5383048544186435e-07,0.11640260799999998,0.8585084662769803,0.0,0.0,0.3290361381202625,0.11291305725694717,0.021432353333323967,2.8205237535323834e-28,4.3500687153992381e-09,1.9458690667732921e-06,1.916644773091155e-17,1.5828787413192614e-10,4.6634713526134358e-10,1.3814395411799471e-05,9.3139391554245963e-16,8.7820436038668521e-09,1.8492226318052175e-11,1.2028058670539699e-11,4.0401194727713824e-16,1.3647808097820945e-21,3.9319186655202859e-10,6.2559678803725304e-13,0.0057430528303538892,0.0027784155757597582,3.8424473758355654e-08,3.3426291624083823e-09,9.8863524479726673e-06,2.5788439852610129e-13,2.8553814560648923e-08,2.2895888159711319e-09
1.5453902314117822e-07,0.11640260799999998,0.8585084662769803,0.0,0.0,0.32902402987136592,0.11291313925609342,0.021426225370890992,2.9386301921283938e-28,4.4413541519456498e-09,1.9783465267247855e-06,1.9658681581949411e-17,1.6165802695933272e-10,4.7239546857021306e-10,1.393366517819567e-05,9.6426848721081707e-16,8.8594150818747292e-09,1.8895313494562512e-11,1.2273161174960291e-11,4.1460995801080977e-16,1.4191018127447338e-21,3.9796564151654594e-10,6.4212582822473618e-13,0.0057428513353582405,0.0027906713270550898,3.8617545891548915e-08,3.3755665109292445e-09,9.9396361075447873e-06,2.6289777322570496e-13,2.9036737493413152e-08,2.3087266133276762e-09
1.5524756084049209e-07,0.11640260799999998,0.8585084662769803,0.0,0.0,0.32901192643812721,0.11291322102397093,0.021420099611168582,3.0612323451841418e-28,4.5340149155983029e-09,2.0111401601582415e-06,2.016205782975864e-17,1.6508505648917451e-10,4.784941574212726e-10,1.4053413112602263e-05,9.9814732352309219e-16,8.936896866689729e-09,1.9305299118514738e-11,1.2521911742277997e-11,4.2543577335681865e-16,1.4753246028058189e-21,4.0277338877713444e-10,6.5901434536343883e-13,0.0057426495930495321,0.002802922671230077,3.881078114481123e-08,3.4086029484710754e-09,9.9927534982375275e-06,2.6798124007480841e-13,2.9524442358814905e-08,2.3279327900784859e-09
1.5595609853980595e-07,0.11640260799999998,0.8585084662769803,0.0,0.0,0.32899982780450177,0.1129133025466867,0.021413976053073675,3.1884843564571853e-28,4.6280621747793625e-09,2.0442499595464802e-06,2.0676793097408757e-17,1.6856966748031983e-10,4.8464338088709936e-10,1.4173638722575745e-05,1.0330563400922338e-15,9.014485235772982e-09,1.9722268649110396e-11,1.2774342835893719e-11,4.3649320155193004e-16,1.5335066527177695e-21,4.0761515443449633e-10,6.7626847758091381e-13,0.0057424476178120016,0.0028151696104406839,3.9004179086621272e-08,3.441737490201255e-09,1.0045704125943024e-05,2.7313531671918462e-13,3.0016929414541733e-08,2.3472072022993708e-09
1.5666463623911982e-07,0.11640260799999998,0.8585084662769803,0.0,0.0,0.32898773395509145,0.1129133838110406,0.02140785469552442,3.320545064568172e-28,4.7235070812391374e-09,2.0776758933522324e-06,2.1203107436514899e-17,1.7211257015243278e-10,4.9084331766287597e-10,1.4294341515256574e-05,1.0690219978936193e-15,9.0921764973523037e-09,2.0146308187528928e-11,1.3030486982972565e-11,4.4778609589212944e-16,1.5937068957713334e-21,4.1249098389832372e-10,6.938944388709699e-13,0.0057422454233373782,0.0028274121468404431,3.9197739286132346e-08,3.4749691654003603e-09,1.0098487544921082e-05,2.7836051983826841e-13,3.0514198537668862e-08,2.3665497061354349e-09
1.5737317393843369e-07,0.11640260799999998,0.8585084662769803,0.0,0.0,0.32897564487511277,0.11291346480449216,0.021401735537440191,3.4575781273210133e-28,4.8203607698801746e-09,2.111417906462506e-06,2.1741224367049088e-17,1.7571448020045547e-10,4.9709414606657231e-10,1.4415520997372304e-05,1.1060713121101751e-15,9.169966990902813e-09,2.057750447826136e-11,1.3290376774124751e-11,4.5931835503405822e-16,1.6559857558194552e-21,4.1740092189224972e-10,7.1189851966226337e-13,0.0057420430226581554,0.0028396502825804902,3.939146131294113e-08,3.5082970175232826e-09,1.0151103356920004e-05,2.8365736514787685e-13,3.1016249231238944e-08,2.3859601578016283e-09
1.5808171163774755e-07,0.11640260799999998,0.8585084662769803,0.0,0.0,0.3289635605503658,0.11291354551512879,0.021395618577741516,3.5997521487200133e-28,4.918634358611727e-09,2.1454759206249552e-06,2.2291370917411858e-17,1.7937611880900616e-10,5.0339604403913077e-10,1.4537176675240201e-05,1.1442318610742303e-15,9.247853087608668e-09,2.101594491043185e-11,1.3554044863124833e-11,4.7109392329667468e-16,1.7204051777574378e-21,4.2234501245878816e-10,7.30287087388034e-13,0.005741840428179339,0.0028518840198096251,3.9585344737044201e-08,3.5417201042508531e-09,1.0203551210293023e-05,2.8902636740378597e-13,3.1523080630883311e-08,2.4054384135832427e-09
1.5879024933706142e-07,0.11640260799999998,0.8585084662769803,0.0,0.0,0.32895148096720483,0.11291362593163563,0.021389503815350066,3.7472408088047757e-28,5.0183389482331525e-09,2.1798498348860498e-06,2.2853777664772066e-17,1.8309821266669229e-10,5.097491891446501e-10,1.4659308054769469e-05,1.1835317953094613e-15,9.3258311908054352e-09,2.146171751910674e-11,1.3821523966666613e-11,4.8311679096314832e-16,1.7870286584770191e-21,4.2732329896425794e-10,7.4906658705701399e-13,0.0057416376517086367,0.0028641133606743465,3.9779389128874127e-08,3.5752374975316548e-09,1.0255830799110691e-05,2.9446804040642756e-13,3.203469151148197e-08,2.4249843298362419e-09
1.5949878703637529e-07,0.11640260799999998,0.8585084662769803,0.0,0.0,0.32893940611251055,0.1129137060432667,0.021383391249188654,3.9002229963835557e-28,5.1194856223400369e-09,2.2145395260307254e-06,2.3428678775678338e-17,1.8688149398033701e-10,5.1615375857057361e-10,1.4781914641463384e-05,1.2239998466746768e-15,9.403897736403001e-09,2.1914910986590921e-11,1.4092846864140982e-11,4.9539099458297822e-16,1.8559212783047072e-21,4.3233582410369241e-10,7.68243541825513e-13,0.0057414347044851882,0.0028763383073188995,3.9973594059220918e-08,3.608848283614435e-09,1.0307941862269949e-05,2.9998289700655686e-13,3.2551080293857266e-08,2.4445977629875609e-09
1.6020732473568915e-07,0.11640260799999998,0.8585084662769803,0.0,0.0,0.32892733597366347,0.11291378583981772,0.021377280878181196,4.0588829446913025e-28,5.222085447250562e-09,2.2495448490231682e-06,2.4016312046939829e-17,1.907267004891196e-10,5.2260992912787341e-10,1.4904995940421244e-05,1.2656653376090821e-15,9.4820491932893444e-09,2.2375614643711632e-11,1.4368046397432109e-11,5.0792061727433309e-16,1.9271497329250804e-21,4.3738262990573049e-10,7.8782455357065161e-13,0.0057412315972068719,0.0028885588618853173,4.0167959099126661e-08,3.6425515630713823e-09,1.035988418260079e-05,3.0557144911173369e-13,3.3072245051495132e-08,2.4642785695354332e-09
1.6091586243500302e-07,0.11640260799999998,0.8585084662769803,0.0,0.0,0.32891527053851877,0.11291386531160003,0.021371172701252699,4.2234103699963973e-28,5.3261494719536742e-09,2.28486563744833e-06,2.4616918946773717e-17,1.9463457547863164e-10,5.2911787725124067e-10,1.5028551456340069e-05,1.3085581904785803e-15,9.5602820637155717e-09,2.284391847108992e-11,1.4647155470736148e-11,5.207097890266035e-16,2.0007823657893014e-21,4.4246375773749087e-10,8.0781630346472594e-13,0.0057410283400563464,0.0029007750265134563,4.0362483819849793e-08,3.6763464508124028e-09,1.0411657585971069e-05,3.112342076936635e-13,3.3598183517287868e-08,2.4840266060496941e-09
1.6162440013431689e-07,0.11640260799999998,0.8585084662769803,0.0,0.0,0.3289032097953824,0.11291394444941578,0.02136506671732925,4.3940006132074646e-28,5.4316887280803676e-09,2.3205017039539005e-06,2.523074465621965e-17,1.9860586779484687e-10,5.3567777899927223e-10,1.5152580693516062e-05,1.3527089370236955e-15,9.6385928836623396e-09,2.3319913100399581e-11,1.4930207050405899e-11,5.3376268700315926e-16,2.0768892010138932e-21,4.4757924830942655e-10,8.282255525506871e-13,0.0057408249427258048,0.0029129868033410363,4.0557167792836915e-08,3.7102320760907003e-09,1.0463261940390244e-05,3.1697168279646714e-13,3.4128893090293589e-08,2.5038417291719905e-09
1.6233293783363075e-07,0.11640260799999998,0.8585084662769803,0.0,0.0,0.32889115373298838,0.11291402324453445,0.021358962925337972,4.5708547845450801e-28,5.5387142298972785e-09,2.3564528406924281e-06,2.5858038110822864e-17,2.0264133185800688e-10,5.4228981005466048e-10,1.5277083155845853e-05,1.3981487279101949e-15,9.7169782231877684e-09,2.3803689815613669e-11,1.5217234164819844e-11,5.4708353584431118e-16,2.1555419767770535e-21,4.527291416801585e-10,8.4905914231873523e-13,0.0057406214144405795,0.0029251941945036687,4.0752010589657092e-08,3.7442075824997826e-09,1.0514697155112447e-05,3.227843835458332e-13,3.4664370842507909e-08,2.5237237956159548e-09
1.637500132322585e-07,0.11640260799999998,0.8585084662769803,0.0,0.0,0.32886705560737811,0.11291417977396373,0.02134676191286565,4.9441890972136759e-28,5.7572679410057319e-09,2.4292993936536354e-06,2.7154043022899191e-17,2.1090782085994659e-10,5.5567096093988608e-10,1.5527505769561224e-05,1.4930231982962754e-15,9.873958913505907e-09,2.479495790850253e-11,1.5803347420943625e-11,5.7454622388601109e-16,2.3207810781700299e-21,4.631322938221335e-10,8.9202711556826526e-13,0.0057402139997038241,0.002949595828366226,4.1142170941341271e-08,3.8124248847103839e-09,1.0617060003326247e-05,3.3463749395769043e-13,3.5749617577916703e-08,2.563688185684295e-09
1.6502538109102345e-07,0.11640260799999998,0.8585084662769803,0.0,0.0,0.32884538319747181,0.11291431939963788,0.021335788487306599,5.3037535721513079e-28,5.9591593818186431e-09,2.4959363423805931e-06,2.8369082814394102e-17,2.1857481129586963e-10,5.6789403372678496e-10,1.575449956687432e-05,1.5831442726228958e-15,1.00154626915326e-08,2.5714643085500541e-11,1.6344778287519503e-11,6.0022239945799485e-16,2.4789593681135722e-21,4.7261317701367593e-10,9.3221983801644378e-13,0.0057398469623351558,0.002971542321250957,4.1493854137962801e-08,3.8741195517493585e-09,1.0708608011359689e-05,3.4556765415357876e-13,3.6742610982242535e-08,2.5998836469362238e-09
1.663007489497884e-07,0.11640260799999998,0.8585084662769803,0.0,0.0,0.32882372579535596,0.11291445779829107,0.021324822146969052,5.6870205042767161e-28,6.1660367625412423e-09,2.5635899961414444e-06,2.9631805612719595e-17,2.2646170716049353e-10,5.8028872052582461e-10,1.5983018880114908e-05,1.677955626170866e-15,1.0157156160966979e-08,2.6660991812036385e-11,1.6899606369617e-11,6.2683463947481164e-16,2.6465841594574583e-21,4.822061189790022e-10,9.7389756122050843e-13,0.00573947962506782,0.0029934746377015152,4.1846045261027404e-08,3.9360927682314803e-09,1.0799608385894353e-05,3.5674942252325089e-13,3.7750993518984107e-08,2.636293779465165e-09
1.6757611680855337e-07,0.11640260799999998,0.8585084662769803,0.0,0.0,0.3288020833481986,0.11291459493318255,0.021313862885632157,6.0953916132037277e-28,6.3779636969678116e-09,2.6322584597752646e-06,3.0943804559291413e-17,2.3457311158791918e-10,5.9285603235134491e-10,1.621306080165521e-05,1.7776626058311436e-15,1.0299020589819556e-08,2.7634560202064864e-11,1.7468026521906389e-11,6.5440933872990992e-16,2.8241403951260531e-21,4.9191133039960055e-10,1.0171031699894871e-12,0.0057391120275418362,0.0030153927901007396,4.2198741809905362e-08,3.9983400547729534e-09,1.0890061971145598e-05,3.6818573656196485e-13,3.8774737178826933e-08,2.6729177502421394e-09
1.6885148466731833e-07,0.11640260799999998,0.8585084662769803,0.0,0.0,0.32878045580620335,0.11291473077095089,0.021302910697084978,6.5303418520008333e-28,6.5950036229007202e-09,2.7019396579753911e-06,3.2306715628089254e-17,2.4291368730652264e-10,6.0559697628673551e-10,1.6444622419707108e-05,1.8824778540714561e-15,1.0441037625361997e-08,2.8635911312219535e-11,1.8050234246907966e-11,6.8297341464615122e-16,3.0121338548836081e-21,5.017290154917311e-10,1.061880440012038e-12,0.0057387442060221096,0.0030372967908116285,4.2551941281545494e-08,4.0608570795931117e-09,1.0979969973213901e-05,3.7987952510984753e-13,3.9813811058312121e-08,2.7097547269983091e-09
1.6999931574020678e-07,0.11640260799999998,0.8585084662769803,0.0,0.0,0.3287610037233944,0.11291485189082266,0.021293059769502246,6.9458028788778979e-28,6.7947634558347737e-09,2.765516770438335e-06,3.3578252760200237e-17,2.5062004887150884e-10,6.1721311047207165e-10,1.6654324806520954e-05,1.981360931425682e-15,1.0568968576072099e-08,2.9561352515019249e-11,1.858617167959255e-11,7.0954967296432148e-16,3.1906871797579978e-21,5.1066126070747424e-10,1.1035606606570054e-12,0.0057384130026219855,0.0030569983019602645,4.2870248733689198e-08,4.1173495658507611e-09,1.1060421976830054e-05,3.9062648944560954e-13,4.0762057113432534e-08,2.7430894389324249e-09
1.7114714681309524e-07,0.11640260799999998,0.8585084662769803,0.0,0.0,0.32874156364310292,0.11291497191536974,0.021283214561342027,7.3852349515430854e-28,6.998762061136626e-09,2.8299106275803225e-06,3.4893643900099956e-17,2.5851934805269488e-10,6.289714278563019e-10,1.6865253657014367e-05,2.084725719890773e-15,1.0696995744880995e-08,3.0510179730349292e-11,1.9133579364716341e-11,7.3696992834519892e-16,3.3785213531254801e-21,5.1968490979020018e-10,1.1465833060512547e-12,0.0057380816669191249,0.0030766883692251632,4.3188959693636049e-08,4.1740541971060745e-09,1.1140434669869744e-05,4.0158649725159937e-13,4.1722667025365969e-08,2.7765954065300118e-09
1.7218019477869484e-07,0.11640260799999998,0.8585084662769803,0.0,0.0,0.32872407780733037,0.11291507898573262,0.021274358760378174,7.8022434538461619e-28,7.1860228897740265e-09,2.8885618846217899e-06,3.611605249782141e-17,2.65796590681343e-10,6.3967608023828997e-10,1.705613648737837e-05,2.1817270928541999e-15,1.0812292062157609e-08,3.1384470413259829e-11,1.963617224865024e-11,7.6238690295272926e-16,3.5558498450229895e-21,5.2788445658094971e-10,1.1864793894246167e-12,0.0057377833686508267,0.0030943996526593986,4.3476143042184326e-08,4.2252673860207848e-09,1.1212071772953861e-05,4.1163440735059768e-13,4.2597763899977545e-08,2.8068967007914006e-09
1.7321324274429445e-07,0.11640260799999998,0.8585084662769803,0.0,0.0,0.32870660164681981,0.11291518514167091,0.021265507585213009,8.2406166308429734e-28,7.3767876824644491e-09,2.9478717831210097e-06,3.737598090920481e-17,2.7323556308395613e-10,6.5049701659505653e-10,1.7248009471255284e-05,2.2826253734503382e-15,1.092764713224733e-08,3.2278360937134488e-11,2.0148277747948252e-11,7.885196637884337e-16,3.7413449231318845e-21,5.3615824673763533e-10,1.2275152826568049e-12,0.0057374849937010452,0.0031121016803490071,4.3763650409461333e-08,4.2766480787089967e-09,1.1283355578095092e-05,4.2185813944137206e-13,4.348283125937587e-08,2.8373357811452049e-09
1.7424629070989406e-07,0.11640260799999998,0.8585084662769803,0.0,0.0,0.32868913514078191,0.11291529037184905,0.021256661032568375,8.7013367790366155e-28,7.5710897542755577e-09,3.0078388408808292e-06,3.8674406898047117e-17,2.808388878304526e-10,6.614347627234058e-10,1.7440871051136004e-05,2.3875524103812209e-15,1.1043052131401318e-08,3.3192167330085119e-11,2.0670001325032778e-11,8.1538380788106631e-16,3.9353302675820109e-21,5.4450637384214091e-10,1.26971646084776e-12,0.0057371865549580873,0.0031297944588190899,4.4051480454873557e-08,4.3281943170445932e-09,1.1354287486890879e-05,4.322592312958359e-13,4.4377846558075035e-08,2.8679122070977483e-09
1.7527933867549366e-07,0.11640260799999998,0.8585084662769803,0.0,0.0,0.32867167826921523,0.11291539466583038,0.021247819099169989,9.1854260733010937e-28,7.7689623541132205e-09,3.0684615166384643e-06,4.0012328657543562e-17,2.8860921370708601e-10,6.7248984273628889e-10,1.76347196676802e-05,2.4966436747180556e-15,1.1158498404808392e-08,3.4126208656655046e-11,2.120144872591588e-11,8.4299517068406495e-16,4.1381403050007211e-21,5.5292892889097337e-10,1.3131088085996941e-12,0.0057368880644130815,0.0031474779945870174,4.4339631835267259e-08,4.3799042023646102e-09,1.1424869019119448e-05,4.428392177150089e-13,4.5282786292276203e-08,2.8986255384751384e-09
1.7631238664109327e-07,0.11640260799999998,0.8585084662769803,0.0,0.0,0.32865423101284941,0.11291549801401582,0.0212389817817474,9.6939479655951507e-28,7.9704386666477936e-09,3.129738212694268e-06,4.1390765118233712e-17,2.9654921579725254e-10,6.8366277906402246e-10,1.7829553759705559e-05,2.6100383361527045e-15,1.1273977466872181e-08,3.5080807024490456e-11,2.1742725981429415e-11,8.7136982809019687e-16,4.3501204960510935e-21,5.6142600032355693e-10,1.3577186239398836e-12,0.0057365895332214412,0.0031651522941625234,4.4628103204750989e-08,4.4317758946819195e-09,1.1495101807385873e-05,4.5359963065726501e-13,4.6197626041011794e-08,2.9294753354213614e-09
1.7734543460669287e-07,0.11640260799999998,0.8585084662769803,0.0,0.0,0.32863679335309348,0.11291560040758608,0.021230149077033928,1.0228008622784109e-27,8.1755518143295766e-09,3.1916672774999414e-06,4.2810756258423462e-17,3.0466159556149882e-10,6.9495409245549845e-10,1.8025371764176217e-05,2.7278793402889248e-15,1.1389481001366064e-08,3.6056287590897529e-11,2.2293939408550945e-11,9.0052409844701641e-16,4.5716276284931479e-21,5.6999767405020059e-10,1.4035726222514858e-12,0.0057362909717605442,0.0031828173640477833,4.4916893214528677e-08,4.4838076118594403e-09,1.1564987591849557e-05,4.645419993692352e-13,4.7122340506706563e-08,2.9604611583962586e-09
1.7837848257229248e-07,0.11640260799999998,0.8585084662769803,0.0,0.0,0.32861936527198565,0.11291570183844747,0.021221320981766642,1.0788758403385713e-27,8.3843348594854745e-09,3.2542470082058518e-06,4.427336341702286e-17,3.1294908091674951e-10,7.0636430197938495e-10,1.8222172116190318e-05,2.8503134869539542e-15,1.150500086147171e-08,3.7052978569288087e-11,2.2855195611817042e-11,9.3047454457304982e-16,4.8030301156951697e-21,5.7864403347974219e-10,1.4506979402120715e-12,0.0057359923896839254,0.0032004732107375005,4.5206000512741026e-08,4.5359976287269389e-09,1.163452821503393e-05,4.7566785051652169e-13,4.8056903555150248e-08,2.9915825681733708e-09
1.7941153053789208e-07,0.11640260799999998,0.8585084662769803,0.0,0.0,0.32860194675214899,0.1129158022991818,0.021212497492686298,1.1377393376510216e-27,8.5968208065027926e-09,3.3174756531646337e-06,4.5779669608991077e-17,3.214144263146918e-10,7.178939250253202e-10,1.8419953248966827e-05,2.9774915096121391e-15,1.1620529069692884e-08,3.8071211235505001e-11,2.3426601484830544e-11,9.6123797577475764e-16,5.0447083010391444e-21,5.8736515954685015e-10,1.4991221397404704e-12,0.0057356937959715968,0.0032181198407189712,4.5495423744320148e-08,4.5883442761814377e-09,1.1703725616723962e-05,4.869787083178264e-13,4.9001288254840194e-08,3.0228391258376428e-09
1.8044457850349169e-07,0.11640260799999998,0.8585084662769803,0.0,0.0,0.32858453777674895,0.11291590178299953,0.021203678606537341,1.199515688542041e-27,8.8130426040981319e-09,3.3813514143881906e-06,4.7330779843493588e-17,3.3006041281928238e-10,7.2954347730509761e-10,1.8618713593831432e-05,3.1095681559302414e-15,1.1736057817642747e-08,3.9111319934022311e-11,2.4008264211859436e-11,9.9283144986424191e-16,5.2970547685148142e-21,5.9616113073895984e-10,1.5488732119521151e-12,0.0057353951989766059,0.0032357572604721657,4.5785161550856162e-08,4.640845940254769e-09,1.1772581828957391e-05,4.9847609468146311e-13,4.9955466915646152e-08,3.054230392782995e-09
1.814776264690913e-07,0.11640260799999998,0.8585084662769803,0.0,0.0,0.32856713832945533,0.11291600028369667,0.021194864320067851,1.2643341155913437e-27,9.0330331476590081e-09,3.4458724499568311e-06,4.8927821444705156e-17,3.3888984818339568e-10,7.4131347285383851e-10,1.881845158020184e-05,3.2467022694757413e-15,1.1851579465713533e-08,4.017364208402335e-11,2.4600291269514237e-11,1.0252722751775582e-15,5.5604746594538999e-21,6.0503202312285293e-10,1.5999795811224661e-12,0.0057350966064683238,0.0032533854764697791,4.6075212570474005e-08,4.6935010611397607e-09,1.1841098971112482e-05,5.1016152934130507e-13,5.0919411126771354e-08,3.085755930709784e-09
1.825106744346909e-07,0.11640260799999998,0.8585084662769803,0.0,0.0,0.32854974839440687,0.11291609779561443,0.0211860546300295,1.3323288949441317e-27,9.2568252816468197e-09,3.5110368763799615e-06,5.0571944375180263e-17,3.4790556692464015e-10,7.5320442403115758e-10,1.9019165635572402e-05,3.3890568725236383e-15,1.1967086542637413e-08,4.125851818536033e-11,2.5202790428491738e-11,1.0585780125935198e-15,5.8353859953207304e-21,6.1397791037087861e-10,1.6524701086580583e-12,0.0057347980256728876,0.0032710044951772994,4.6365575437720826e-08,4.7463081322049244e-09,1.1909279245093434e-05,5.2203652999516618e-13,5.1893091793997712e-08,3.1174153016221851e-09
1.835437224002905e-07,0.11640260799999998,0.8585084662769803,0.0,0.0,0.3285323679561773,0.11291619431360134,0.021177249533177525,1.4036395262041205e-27,9.4844518020562345e-09,3.5768427709073685e-06,5.2264321561804067e-17,3.5711043040033336e-10,7.6521684152231741e-10,1.9220854185498228e-05,3.5367992499831432e-15,1.2082571744941281e-08,4.236629182439471e-11,2.5815869755379989e-11,1.0927664775529129e-15,6.1222200066543703e-21,6.2299886378682065e-10,1.706374097075085e-12,0.0057344994633108893,0.0032886143230530613,4.6656248783463307e-08,4.7992656989818168e-09,1.1977124930615619e-05,5.3410261244409504e-13,5.2876479176198113e-08,3.1492080678254584e-09
1.845767703658901e-07,0.11640260799999998,0.8585084662769803,0.0,0.0,0.32851499699974535,0.11291628983297834,0.021168449026270755,1.478410907069935e-27,9.7159454589275444e-09,3.6432881737897054e-06,5.4006149224373233e-17,3.6650732688162215e-10,7.7735123433937172e-10,1.9423515653578814e-05,3.6901010344704507e-15,1.2198027936296594e-08,4.3497309679716413e-11,2.643963761452067e-11,1.127855742078081e-15,6.4214214683354163e-21,6.3209495233139766e-10,1.7617212939855456e-12,0.0057342009256324371,0.0033062149665483028,4.6947231234796654e-08,4.852372358122805e-09,1.2044638380593434e-05,5.4636129073029927e-13,5.3869542921093007e-08,3.1811337919231671e-09
1.856098183314897e-07,0.11640260799999998,0.8585084662769803,0.0,0.0,0.32849763551046696,0.11291638434950631,0.021159653106071496,1.556793512832411e-27,9.9513389589058638e-09,3.7103710904870639e-06,5.5798647206815554e-17,3.7609917162674259e-10,7.8960810982229698e-10,1.9627148461441186e-05,3.8491382925384995e-15,1.2313448146767867e-08,4.4651921527740888e-11,2.7074202669922407e-11,1.1638641367927927e-15,6.733449041276511e-21,6.4126624264739641e-10,1.8185418960908296e-12,0.0057339024184496741,0.0033238064321072036,4.7238521414962652e-08,4.9056267563518591e-09,1.2111822016633069e-05,5.5881407727703148e-13,5.4872252100230571e-08,3.2131920368143109e-09
1.8664286629708932e-07,0.11640260799999998,0.8585084662769803,0.0,0.0,0.32848028347404867,0.11291647785935564,0.021150861769345587,1.6389435808064323e-27,1.0190664967839434e-08,3.7780894938250344e-06,5.7643059311025121e-17,3.858889069534252e-10,8.0198797364011602e-10,1.9831751028722628e-05,4.0140916120611825e-15,1.2428825571965513e-08,4.5830480248185634e-11,2.7719673887216578e-11,1.2008102529422905e-15,7.05877562056761e-21,6.5051279908443682e-10,1.8768665531824723e-12,0.0057336039471671089,0.0033413887261669445,4.7530117943276666e-08,4.9590275893949594e-09,1.2178678324631624e-05,5.7146248302844335e-13,5.5884575243177747e-08,3.2453823656903959e-09
1.8767591426268892e-07,0.11640260799999998,0.8585084662769803,0.0,0.0,0.32846294087652367,0.11291657035907805,0.021142075012862326,1.7250232997836957e-27,1.0433956113410535e-08,3.8464413260977462e-06,5.9540653633300104e-17,3.9587950231044938e-10,8.1449132979200644e-10,2.0037321773053194e-05,4.1851461907736577e-15,1.2544153572107624e-08,4.7033341829426234e-11,2.8376160535648783e-11,1.238712944413432e-15,7.3978886901272041e-21,6.5983468372337491e-10,1.9367263721499022e-12,0.0057333055168098486,0.0033589618551577442,4.7822019435065416e-08,5.012573600891075e-09,1.2245209850483494e-05,5.8430801758736799e-13,5.6906480370911811e-08,3.277704342032472e-09
1.8870896222828853e-07,0.11640260799999998,0.8585084662769803,0.0,0.0,0.32844560770423031,0.11291666184558044,0.021133292833394473,1.8152010046235868e-27,1.0681244987794118e-08,3.9154245011173705e-06,6.1492722903393088e-17,4.0607395434834294e-10,8.2711868060839987e-10,2.0243859110037839e-05,4.3624919259792817e-15,1.2659425670994066e-08,4.8260865373731993e-11,2.9043772190100448e-11,1.2775913297548503e-15,7.7512906839559401e-21,6.6923195640033437e-10,1.9981529209950455e-12,0.0057330071320499066,0.003376525825502897,4.8114224501613363e-08,5.0662635813e-09,1.2311419195895316e-05,5.9735218935434367e-13,5.7937935028402485e-08,3.3101575296081187e-09
1.8974201019388813e-07,0.11640260799999998,0.8585084662769803,0.0,0.0,0.3284282839437907,0.11291675231610017,0.021124515227718223,1.9096513761041444e-27,1.0932564150339196e-08,3.9850369062095574e-06,6.3500584826184387e-17,4.1647528698921932e-10,8.3987052675206964e-10,2.0451361453238415e-05,4.5463235054342366e-15,1.2774635554896109e-08,4.9513413102379974e-11,2.9722618733135361e-11,1.3174647941970444e-15,8.1194993540930291e-21,6.7870467473037416e-10,2.0611782328536757e-12,0.0057327087972306491,0.0033940806436188187,4.840673175011704e-08,5.1200963667962893e-09,1.237730901431047e-05,6.1059650566570054e-13,5.8978906316374129e-08,3.3427414924684126e-09
1.9077505815948774e-07,0.11640260799999998,0.8585084662769803,0.0,0.0,0.32841096958209237,0.11291684176818262,0.021115742192613196,2.0085556461412788e-27,1.1187946130267553e-08,4.055276404154478e-06,6.5565582425977069e-17,4.2708655149575633e-10,8.5274736721920556e-10,2.065982721415543e-05,4.7368404994159556e-15,1.2889777071365697e-08,5.0791350360648146e-11,3.0412810357065031e-11,1.3583529916723217e-15,8.5030481453521407e-21,6.8825289413078719e-10,2.1258348100233562e-12,0.0057324105163895573,0.003411626315915078,4.8699539783649169e-08,5.1740708381523855e-09,1.244288200694393e-05,6.2404247292921175e-13,6.0029360922240496e-08,3.3754557949448595e-09
1.9180810612508734e-07,0.11640260799999998,0.8585084662769803,0.0,0.0,0.32839366460627084,0.11291693019965993,0.021106973724862407,2.1121018084790104e-27,1.1447423429384293e-08,4.1261408350733346e-06,6.7689084393406567e-17,4.3791082653931291e-10,8.6574969934047726e-10,2.0869254802209744e-05,4.934247453979545e-15,1.3004844227968594e-08,5.2095045622687447e-11,3.111445756602707e-11,1.4002758468344961e-15,8.9024865769037846e-21,6.9787666784403369e-10,2.1921556279977677e-12,0.0057321122932794052,0.0034291628487944296,4.899264720113075e-08,5.2281859196225376e-09,1.250814091892779e-05,6.3769159676036389e-13,6.1089265150207271e-08,3.4083000016463189e-09
1.9284115409068695e-07,0.11640260799999998,0.8585084662769803,0.0,0.0,0.32837636900369338,0.1129170176086311,0.021098209821252236,2.2204848349614384e-27,1.1711028524795284e-08,4.1976280182602619e-06,6.9872485434964232e-17,4.4895121826718482e-10,8.7887801878208671e-10,2.1079642624724135e-05,5.13875398540847e-15,1.3119831190945147e-08,5.342487049627291e-11,3.1827671178070881e-11,1.4432535570782559e-15,9.3183806307817623e-21,7.0757604696031239e-10,2.2601741395072931e-12,0.005731814131388002,0.0034466902486528532,4.9286052597310176e-08,5.2824405778188553e-09,1.2573088535567671e-05,6.5154538211685847e-13,6.2158584950539441e-08,3.4412736774559249e-09
1.9387420205628655e-07,0.11640260799999998,0.8585084662769803,0.0,0.0,0.3283590827619447,0.11291710399344386,0.021089450478572448,2.3339068975046752e-27,1.1978793871627139e-08,4.2697357539595786e-06,7.2117206625137576e-17,4.6021086036899753e-10,8.9213281954680816e-10,2.1290989086904903e-05,5.3505748758673853e-15,1.3234732283802314e-08,5.4781199727433783e-11,3.2552562327246014e-11,1.4873065945581177e-15,9.7513131474005854e-21,7.1735108043976629e-10,2.329924278565696e-12,0.0057315160339565388,0.0034642085218795741,4.9579754562751166e-08,5.3368338205836368e-09,1.2637727678710157e-05,6.6560533343038494e-13,6.3237285947990686e-08,3.4743763875280005e-09
1.9490725002188616e-07,0.11640260799999998,0.8585084662769803,0.0,0.0,0.32834180586881279,0.11291718935267765,0.021080695693616168,2.4525775958869378e-27,1.2250751905745287e-08,4.3424618250884568e-06,7.4424695761168956e-17,4.7169291414223295e-10,9.0551459397501549e-10,2.1503292591823444e-05,5.5699301702644673e-15,1.3349541985840456e-08,5.6164411204962331e-11,3.3289242465688271e-11,1.532455708206878e-15,1.0201884228168176e-20,7.2720181513433191e-10,2.401440464522746e-12,0.0057312180039966907,0.0034817176748571039,4.987375168382788e-08,5.3913646958660521e-09,1.2702061203221154e-05,6.7987295473844416e-13,6.4325333469394325e-08,3.5076076972849944e-09
1.9594029798748577e-07,0.11640260799999998,0.8585084662769803,0.0,0.0,0.32832453831227654,0.11291727368512751,0.021071945463179843,2.5767141914726507e-27,1.2526935046465785e-08,4.4158039989051771e-06,7.6796427720430429e-17,4.8340056855689094e-10,9.1902383274570031e-10,2.171655154039789e-05,5.7970452743292283e-15,1.3464254930618579e-08,5.7574885964801673e-11,3.4037823365698491e-11,1.5787219257534738e-15,1.067071164527255e-20,7.371282958092258e-10,2.4747576061226415e-12,0.0057309200443065103,0.0034992177139612553,5.0168042542726133e-08,5.446032290596581e-09,1.2766091993574887e-05,6.9434974981374353e-13,6.5422692570415833e-08,3.5409671724144228e-09
1.9697334595308537e-07,0.11640260799999998,0.8585084662769803,0.0,0.0,0.32830728008049403,0.11291735698978936,0.021063199784063229,2.7065418469876442e-27,1.2807375699256748e-08,4.4897600286232232e-06,7.9233904820413295e-17,4.9533704031928243e-10,9.3266102487747457e-10,2.1930764331374846e-05,6.0321510539117962e-15,1.357886590436179e-08,5.9013008194312225e-11,3.4798417121809631e-11,1.6261265557401611e-15,1.1158431258721022e-20,7.471305651640806e-10,2.5499111055680518e-12,0.0057306221574852352,0.0035167086455611773,5.0462625717452652e-08,5.5008357295635522e-09,1.2829822960553091e-05,7.0903722229069732e-13,6.6529328061469444e-08,3.5744543788658215e-09
1.9800639391868498e-07,0.11640260799999998,0.8585084662769803,0.0,0.0,0.32829003116179245,0.11291743926584644,0.02105445865306942,2.8422938724661653e-27,1.3092106258425533e-08,4.5643276549715335e-06,8.173865718133189e-17,5.0750557393495799e-10,9.4642665772956667e-10,2.2145929361311286e-05,6.2754839355101485e-15,1.3693369844314295e-08,6.0479165236417237e-11,3.5571136152837512e-11,1.6746911895389248e-15,1.1665697440713998e-20,7.5720866385372543e-10,2.6269368625896363e-12,0.0057303243459470828,0.0035341904760193806,5.0757499781850453e-08,5.5557741742973148e-09,1.2893257038053741e-05,7.2393687579141803e-13,6.7645204532802431e-08,3.6080688828477544e-09
1.9903944188428458e-07,0.11640260799999998,0.8585084662769803,0.0,0.0,0.3282727915446581,0.1129175205126562,0.02104572206700479,2.9842119774929324e-27,1.3381159109788129e-08,4.6395046077012989e-06,8.4312243091341424e-17,5.1990944177076177e-10,9.6032121700280091e-10,2.2362045024556576e-05,6.5272860080320559e-15,1.3807761837041383e-08,6.1973747593626973e-11,3.6356093203911464e-11,1.7244377033670302e-15,1.2193183507437085e-20,7.6736263050861873e-10,2.7058712785208862e-12,0.0057300266119340616,0.003551663211691754,5.1052663305619952e-08,5.6108468219570401e-09,1.2956397180008617e-05,7.3905021404876573e-13,6.8770286378750549e-08,3.6418102508248425e-09
2.0007248984988419e-07,0.11640260799999998,0.8585084662769803,0.0,0.0,0.32825556121772659,0.11291760072973865,0.021036990022679,3.1325465298641789e-27,1.3674566633317175e-08,4.7152886070397583e-06,8.6956249374369524e-17,5.3255194411601913e-10,9.743451867405702e-10,2.2579109713234769e-05,6.7878051257980782e-15,1.3922037116683729e-08,6.3497148931941844e-11,3.7153401348480562e-11,1.7753882603016241e-15,1.2741582158353917e-20,7.7759250175493571e-10,2.7867512603781286e-12,0.0057297289575279301,0.0035691268589275933,5.1348114854346509e-08,5.6660529042244498e-09,1.3019246357408808e-05,7.5437874102641316e-13,6.9904537821171196e-08,3.6756780495148193e-09
2.011055378154838e-07,0.11640260799999998,0.8585084662769803,0.0,0.0,0.3282383401697756,0.11291767991676495,0.021028262516904993,3.287556820792467e-27,1.3972361205765421e-08,4.7916773650915043e-06,8.9672291760559682e-17,5.454364092428527e-10,9.8849904932979341e-10,2.2797121817227043e-05,7.0572950127917155e-15,1.403619106316734e-08,6.5049766084634243e-11,3.7963173990291834e-11,1.8275653122932966e-15,1.3311605923081389e-20,7.8789831223431229e-10,2.8696142249455361e-12,0.0057294313846613073,0.0035865814240696211,5.1643852989533695e-08,5.7213916862080549e-09,1.3081807555437186e-05,7.6992396103791402e-13,7.1047922932059964e-08,3.7096718458856506e-09
2.021385857810834e-07,0.11640260799999998,0.8585084662769803,0.0,0.0,0.32822112838971679,0.11291775807354741,0.021019539546498957,3.4495113367818919e-27,1.4274575203261481e-08,4.868668587187889e-06,9.2462015259325521e-17,5.5856619346562254e-10,1.0027832855018643e-09,2.3016079724154495e-05,7.336015368162801e-15,1.4150219200372335e-08,6.6631999055909219e-11,3.8785524865336887e-11,1.8809916021785147e-15,1.3903987615929473e-20,7.9828009462325404e-10,2.9544981028649914e-12,0.0057291338951280212,0.0036040269134540097,5.1939876268641509e-08,5.7768624653542872e-09,1.3144083770706617e-05,7.856873788624448e-13,7.2200405655358746e-08,3.7437912071526902e-09
2.03171633746683e-07,0.11640260799999998,0.8585084662769803,0.0,0.0,0.32820392586658842,0.11291783520002958,0.021010821108280335,3.6186880383024668e-27,1.458124100387496e-08,4.9462599731851419e-06,9.532709453501461e-17,5.7194468119949807e-10,1.017198374333593e-09,2.3235981819361208e-05,7.6242319729903714e-15,1.4264117194263708e-08,6.8244251024444124e-11,3.9620568043763386e-11,1.9356901656908284e-15,1.451948079818898e-20,8.0873787965220861e-10,3.0414413427306463e-12,0.0057288364905927385,0.0036214633334103962,5.2236183245130078e-08,5.8324645703693794e-09,1.3206078008602748e-05,8.0167049985753191e-13,7.3361949827963647e-08,3.7780357007759043e-09
2.042046817122826e-07,0.11640260799999998,0.8585084662769803,0.0,0.0,0.32818673258955,0.11291791129627757,0.021002107199071824,3.7953746453941338e-27,1.4892390990148321e-08,5.0244492187118966e-06,9.8269234285180921e-17,5.8557528501815139e-10,1.0317447932481282e-09,2.3456826485897628e-05,7.9222167983111334e-15,1.4377880850987079e-08,6.9886928346807079e-11,4.0468417931748347e-11,1.9916843334707735e-15,1.5158860248250777e-20,8.1927169612430969e-10,3.130482915188019e-12,0.0057285391725999399,0.0036388906902619089,5.2532772468508135e-08,5.8881973601542628e-09,1.3267793280729983e-05,8.1787483007035128e-13,7.4532519199942099e-08,3.8124048944571435e-09
2.052377296778822e-07,0.11640260799999998,0.8585084662769803,0.0,0.0,0.32816954854787511,0.11291798636247145,0.020993397815699338,3.9798689303322039e-27,1.5208057551592896e-08,5.1032340163668409e-06,1.0129016962146406e-16,5.9946144571057797e-10,1.0464230180158768e-09,2.3678612104504276e-05,8.2302481144195659e-15,1.4491506114932469e-08,7.1560440560754104e-11,4.1329189273330277e-11,2.0489977330743597e-15,1.5822922439639927e-20,8.2988157093379726e-10,3.221662317037475e-12,0.0057282419425822703,0.0036563089903251791,5.2829642484385799e-08,5.9440602227499388e-09,1.3329232602459238e-05,8.3430187634544114e-13,7.5712077453969265e-08,3.8468983561374819e-09
2.0627077764348182e-07,0.11640260799999998,0.8585084662769803,0.0,0.0,0.32815237373094669,0.11291806039889775,0.020984692954992008,4.17247901748759e-27,1.55282730871467e-08,5.1826120568672464e-06,1.0439166645307406e-16,6.1360663233704124e-10,1.061233522755411e-09,2.3901337053595907e-05,8.5486106014455101e-15,1.4604989066768929e-08,7.3265200388405478e-11,4.2202997152197044e-11,2.1076542909800664e-15,1.6512486027048153e-20,8.4056752908411686e-10,3.3150195753419385e-12,0.0057279448018682953,0.0036737182399103636,5.3126791834532084e-08,6.0000525742966506e-09,1.339039899057591e-05,8.5095314642942745e-13,7.6900588223994325e-08,3.8815156539946131e-09
2.0730382560908142e-07,0.11640260799999998,0.8585084662769803,0.0,0.0,0.3281352081282517,0.11291813340594202,0.020975992613782191,4.3735236905169717e-27,1.5853070007591866e-08,5.2625810301492195e-06,1.0757552187287944e-16,6.2801434228413982e-10,1.0761767799343657e-09,2.4124999709246007e-05,8.8775954612151911e-15,1.4718325921452915e-08,7.5001623739300982e-11,4.3089956993427246e-11,2.1676782345942562e-15,1.7228392340448515e-20,8.5132959370570207e-10,3.4105952515386792e-12,0.0057276477516897536,0.0036911184453211634,5.3424219056936161e-08,6.0561738580081371e-09,1.3451295461026453e-05,8.6783014907393681e-13,7.8098015113148703e-08,3.916256356440343e-09
2.0833687357468103e-07,0.11640260799999998,0.8585084662769803,0.0,0.0,0.32811805172937675,0.11291820538408227,0.020967296788905444,4.5833327070197415e-27,1.6182480737929634e-08,5.3431386264204568e-06,1.1084356454609738e-16,6.4268810131899842e-10,1.0912532603703269e-09,2.4349598445171704e-05,9.2175005304014934e-15,1.4831513026213069e-08,7.6770129713333975e-11,4.3990184565182066e-11,2.2290940942548899e-15,1.7971505887376532e-20,8.6216778607344881e-10,3.5084304455550017e-12,0.0057273507931882841,0.0037085096128548346,5.3721922685872433e-08,6.112423543159293e-09,1.3511925026761915e-05,8.8493439413479202e-13,7.9304321710907983e-08,3.9511200321181273e-09
2.0936992154028063e-07,0.11640260799999998,0.8585084662769803,0.0,0.0,0.3281009045240037,0.1129182763338826,0.020958605477200493,4.8022471208002914e-27,1.6516537719711133e-08,5.4242825371664398e-06,1.1419765510158361e-16,6.5763146364257877e-10,1.1064634332317077e-09,2.4575131632719188e-05,9.5686303949692425e-15,1.4944546858514105e-08,7.8571140603564643e-11,4.4903795980345932e-11,2.2919267052334866e-15,1.8742714863462211e-20,8.7308212562388299e-10,3.6085667999277162e-12,0.0057270539274216986,0.0037258917488022097,5.4019901251969374e-08,6.168801124089957e-09,1.3572290695676636e-05,9.0226739266826552e-13,8.0519471609520047e-08,3.986106249900697e-09
2.1040296950588024e-07,0.11640260799999998,0.8585084662769803,0.0,0.0,0.32808376650190568,0.11291834625598744,0.020949918675509275,5.0306196118757877e-27,1.6855273413322136e-08,5.5060104561109335e-06,1.1763968652571991e-16,6.7284801194211527e-10,1.1218077660386212e-09,2.4801597640849487e-05,9.9312965059212453e-15,1.5057424024002356e-08,8.0405081898912469e-11,4.5830907698113313e-11,2.3562012097352067e-15,1.9542931671297458e-20,8.8407262997202812e-10,3.711046503926195e-12,0.0057267571553698158,0.0037432648594477136,5.4318153282281501e-08,6.2253061192255058e-09,1.3632395468640314e-05,9.1983065702520809e-13,8.1743428419713081e-08,4.0212145788877706e-09
2.1143601747147984e-07,0.11640260799999998,0.8585084662769803,0.0,0.0,0.32806663765294386,0.11291841515111617,0.020941236380676902,5.2688148243711965e-27,1.719872030022033e-08,5.5883200801316953e-06,1.2117158455889814e-16,6.8834135744266689e-10,1.1372867246637406e-09,2.5028994836124817e-05,1.0305817296350638e-14,1.5170141254435467e-08,8.2272382286727628e-11,4.6771636525519945e-11,2.4219430588969688e-15,2.037309344772355e-20,8.9513931492797823e-10,3.8159122976788918e-12,0.0057264604779398995,0.0037606289510693776,5.4616677300364386e-08,6.2819380701131048e-09,1.3692242337621624e-05,9.3762570094142893e-13,8.2976155785696851e-08,4.0564445884038405e-09
2.1246906543707945e-07,0.11640260799999998,0.8585084662769803,0.0,0.0,0.32804951796706355,0.11291848302005791,0.020932558589551627,5.517209712445157e-27,1.7546910885123628e-08,5.6712091101324067e-06,1.2479530809459617e-16,7.0411513995779456e-10,1.152900773333153e-09,2.5257321582695374e-05,1.0692518299805174e-14,1.5282695405598637e-08,8.4173473655241649e-11,4.772609961891668e-11,2.4891780147835302e-15,2.1234162599623744e-20,9.0628219451317986e-10,3.9232074763031499e-12,0.0057261638959717172,0.0037779840299388555,5.4915471826352843e-08,6.338696540475848e-09,1.3751834283901394e-05,9.5565403962518954e-13,8.4217617399471201e-08,4.0917958479960373e-09
2.1350211340267905e-07,0.11640260799999998,0.8585084662769803,0.0,0.0,0.32803240743429202,0.11291854986366701,0.020923885298984896,5.7761938943919064e-27,1.7899877698148413e-08,5.7546752518717115e-06,1.2851284958104613e-16,7.2017302793935305e-10,1.1686503746272023e-09,2.5486576242286617e-05,1.1091732269968916e-14,1.5395083455209743e-08,8.6108791095897744e-11,4.8694414485384146e-11,2.5579321523814036e-15,2.2127127348306099e-20,9.1750128097643222e-10,4.0329758940381435e-12,0.0057258674102422507,0.0037953301023214373,5.5214535377041327e-08,6.3955811152850018e-09,1.3811174276373479e-05,9.7391718984234482e-13,8.5467777014456371e-08,4.1272679274321047e-09
2.1453516136827866e-07,0.11640260799999998,0.8585084662769803,0.0,0.0,0.32801530604473461,0.11291861568285859,0.02091521650583128,6.0461700150662017e-27,1.82576532968963e-08,5.8387162167504306e-06,1.3232623542549023e-16,7.3651871852640591e-10,1.1845359894813289e-09,2.5716757174187091e-05,1.1503799301666804e-14,1.550730250081562e-08,8.807877290555994e-11,4.967669898408691e-11,2.6282318615905441e-15,2.305300228256186e-20,9.2879658480960652e-10,4.1452619683808207e-12,0.0057255710214700779,0.0038126671744760678,5.5513866465966959e-08,6.4525913998496355e-09,1.387026526993127e-05,9.9241666999776966e-13,8.6726598458459617e-08,4.1628603966984301e-09
2.1556820933387826e-07,0.11640260799999998,0.8585084662769803,0.0,0.0,0.3279982137885733,0.11291868047860447,0.020906552206948505,6.3275541167798899e-27,1.8620270268488871e-08,5.9233297225578641e-06,1.3623752640102273e-16,7.5315593759325723e-10,1.2005580771868999e-09,2.5947862735236777e-05,1.1929066953197395e-14,1.5619349757681554e-08,9.0083860588602201e-11,5.0673071327565565e-11,2.7001038492136973e-15,2.4012828920485026e-20,9.4016811476309222e-10,4.2601106842246537e-12,0.005725274730319461,0.0038299952526553551,5.5813463603494865e-08,6.509727018925329e-09,1.3929110203937901e-05,1.0111540002139779e-12,8.7994045645993732e-08,4.1985728259981903e-09
2.1660125729947787e-07,0.11640260799999998,0.8585084662769803,0.0,0.0,0.32798113065606338,0.11291874425192944,0.02089789239919744,6.6207760204217161e-27,1.8987761231538796e-08,6.0085134941709357e-06,1.4024881805649397e-16,7.7008843979643959e-10,1.2167170953920299e-09,2.6179891279816103e-05,1.2367890370247118e-14,1.5731222556675875e-08,9.2124498858854482e-11,5.1683650082953824e-11,2.7735751409428691e-15,2.5007676281783013e-20,9.5161587786092677e-10,4.3775675980015277e-12,0.0057249785374041007,0.0038473143431055896,5.6113325296905683e-08,6.5669876158409963e-09,1.3987712000793066e-05,1.0301307024066258e-12,8.9270082589846822e-08,4.2344047857496013e-09
2.1763430526507748e-07,0.11640260799999998,0.8585084662769803,0.0,0.0,0.32796405663753181,0.11291880700390751,0.020889237079442072,6.9262797099248577e-27,1.9360158838102752e-08,6.0942652642398861e-06,1.4436224112736081e-16,7.8732000862137661e-10,1.2330135001024026e-09,2.6412841159835091e-05,1.2820632410299201e-14,1.5842918342153505e-08,9.4201135641504774e-11,5.2708554173172578e-11,2.8486730833447995e-15,2.6038641463432372e-20,9.6313987941583443e-10,4.497678841824554e-12,0.0057246824432907861,0.0038646244520667544,5.64134500504821e-08,6.624372851659795e-09,1.4046073564527339e-05,1.0493483003590099e-12,9.0554673412431007e-08,4.2703558465841871e-09
2.1866735323067708e-07,0.11640260799999998,0.8585084662769803,0.0,0.0,0.32794699172337483,0.11291886873565894,0.020880586244549516,7.2445237301320334e-27,1.9737495775549417e-08,6.1805827738139231e-06,1.4857996195048659e-16,8.0485445642769736e-10,1.2494477456820799e-09,2.6646710724723417e-05,1.3287663769092408e-14,1.5954434669836485e-08,9.6314222074816854e-11,5.3747902878024431e-11,2.9254253458425882e-15,2.7106850228997402e-20,9.7474012304385674e-10,4.6204911276346673e-12,0.0057243864485026653,0.0038819255857725434,5.6713836365601219e-08,6.6818824043115661e-09,1.4104197779519534e-05,1.0688083197906574e-12,9.1847782356186188e-08,4.3064255793452098e-09
2.1970040119627669e-07,0.11640260799999998,0.8585084662769803,0.0,0.0,0.32792993590405656,0.11291892944834693,0.020871939891389985,7.575981596449284e-27,2.0119804768355178e-08,6.267463772918952e-06,1.5290418288229002e-16,8.2269562449340007e-10,1.266020284854303e-09,2.6881498321421158e-05,1.3769363108833493e-14,1.6065769204695804e-08,9.8464212511691824e-11,5.4801815835200059e-11,3.0038599226938155e-15,2.8213457609776876e-20,9.8641661067866156e-10,4.7460517513500946e-12,0.0057240905535222127,0.0038992177504503689,5.7014482740835905e-08,6.7395159677824846e-09,1.4162087509312306e-05,1.0885122884207874e-12,9.3149373793219156e-08,4.342613555086224e-09
2.207334491618763e-07,0.11640260799999998,0.8585084662769803,0.0,0.0,0.32791288917010686,0.11291898914317501,0.020863298016836819,7.9211422115188685e-27,2.0507118579860698e-08,6.3549060211118292e-06,1.5733714271875562e-16,8.4084738305837868e-10,1.2827315687022952e-09,2.7117202294370035e-05,1.4266117187403227e-14,1.6176919718838733e-08,1.006515645211425e-10,5.5870413041236604e-11,3.08400513496645e-15,2.9359648512796303e-20,9.9816934258568371e-10,4.8744085970170514e-12,0.0057237947587940778,0.0039165009523213787,5.7315387672036438e-08,6.7972732513706803e-09,1.4219745595475816e-05,1.10846173603674e-12,9.4459412234559528e-08,4.3789193450696816e-09
2.217664971274759e-07,0.11640260799999998,0.8585084662769803,0.0,0.0,0.32789585151212003,0.11291904782138422,0.020854660617766443,8.2805102854958181e-27,2.089947001401036e-08,6.4429072880214172e-06,1.6188111711641991e-16,8.5931363136760836e-10,1.2995820466700548e-09,2.7353820985504749e-05,1.477832098807858e-14,1.6287884089397379e-08,1.0287673888972284e-10,5.6953814852458954e-11,3.165889632513633e-15,3.0546638332336546e-20,1.009998317376175e-09,5.005610140961188e-12,0.0057234990647278428,0.0039337751976004712,5.7616549652404758e-08,6.8551539789158911e-09,1.4277174856498501e-05,1.1286581945623929e-12,9.5777862339201823e-08,4.4153425207655778e-09
2.227995450930755e-07,0.11640260799999998,0.8585084662769803,0.0,0.0,0.32787882292075277,0.11291910548425055,0.020846027691058391,8.6546067696185485e-27,2.1296891917006359e-08,6.5314653538414451e-06,1.6653841901695744e-16,8.7809829771309983e-10,1.3165721665631488e-09,2.7591352734245188e-05,1.5306377851166186e-14,1.6398660296425203e-08,1.0514019962278855e-10,5.805214198581155e-11,3.249542395944341e-15,3.1775673574543631e-20,1.0219035320209219e-09,5.1397054559415534e-12,0.0057232034717005324,0.003951040492496301,5.7917967172637837e-08,6.9131578879000619e-09,1.4334378086776936e-05,1.149103198093454e-12,9.7104688922384391e-08,4.4518826538502616e-09
2.238325930586751e-07,0.11640260799999998,0.8585084662769803,0.0,0.0,0.32786180338672344,0.11291916213308291,0.020837399233595268,9.0439693040264433e-27,2.1699417178880857e-08,6.6205780097725524e-06,1.7131139907559276e-16,8.9720533947452976e-10,1.3337023745494932e-09,2.7829795877489557e-05,1.5850699607670388e-14,1.6509246420802575e-08,1.0744241394557948e-10,5.9165515519594655e-11,3.3349927385895909e-15,3.304803249600131e-20,1.0338849818636071e-09,5.2767442153071804e-12,0.0057229079800588407,0.003968296843211299,5.8219638721011311e-08,6.9712847288767434e-09,1.4391358055709583e-05,1.1697982829706699e-12,9.8439856963060547e-08,4.4885393162053517e-09
2.248656410242747e-07,0.11640260799999998,0.8585084662769803,0.0,0.0,0.32784479290081026,0.11291921776922077,0.020828775242262763,9.4491526744644504e-27,2.2107078735023705e-08,6.7102430584374415e-06,1.7620244609177382e-16,9.1663874315909253e-10,1.3509731151601366e-09,2.8069148749607919e-05,1.6411706714181496e-14,1.6619640642151993e-08,1.0978385230419609e-10,6.0294056894150313e-11,3.422270308465775e-15,3.4365025750819672e-20,1.0459426606339862e-09,5.416776697154777e-12,0.005722612590121216,0.0039855442559416825,5.8521562783422016e-08,7.0295342647613932e-09,1.444811750684587e-05,1.1907449878467297e-12,9.9783331610931788e-08,4.5253120799167489e-09
2.2589868898987432e-07,0.11640260799999998,0.8585084662769803,0.0,0.0,0.32782779145385071,0.11291927239403234,0.020820155713949649,9.8707292710652219e-27,2.2519909567694362e-08,6.800458314293234e-06,1.8121398744027843e-16,9.3640252444120018e-10,1.3683848312900368e-09,2.8309409682435955e-05,1.6989828388009865e-14,1.6729841236757124e-08,1.1216498836655587e-10,6.1437887912516841e-11,3.5114050902372252e-15,3.5727997039557025e-20,1.058076560461033e-09,5.5598537884864409e-12,0.0057223173021799618,0.0040027827368774669,5.8823737843534638e-08,7.087906269949326e-09,1.4504659157041428e-05,1.2119448536980258e-12,1.0113507819342576e-07,4.5622005172736901e-09
2.2693173695547392e-07,0.11640260799999998,0.8585084662769803,0.0,0.0,0.3278107990367396,0.11291932600891251,0.020811540645547737,1.030928956228268e-26,2.2937942707451967e-08,6.8912216039967671e-06,1.8634848950618184e-16,9.5650072820084794e-10,1.3859379641988375e-09,2.8550577005269407e-05,1.7585502744403995e-14,1.6839846575498405e-08,1.145862990231692e-10,6.2597130740992768e-11,3.6024274071738633e-15,3.7138323772677668e-20,1.0702866718857554e-09,5.7060269893692698e-12,0.0057220221165031051,0.0040200122922024791,5.912616238294224e-08,7.1464005297927455e-09,1.4560985695709473e-05,1.2333994238668121e-12,1.0249506222192887e-07,4.5992042007679041e-09
2.2796478492107353e-07,0.11640260799999998,0.8585084662769803,0.0,0.0,0.32779381564042864,0.11291937861528133,0.020802930033951929,1.0765442585719783e-26,2.3361211234497734e-08,6.9825307667225018e-06,1.9160845812398405e-16,9.769374285605354e-10,1.4036329535116381e-09,2.8792649044859729e-05,1.819917693603422e-14,1.6949655121809961e-08,1.1704826438772057e-10,6.3771907909595976e-11,3.6953679231032513e-15,3.8597417749984679e-20,1.0825729838736688e-09,5.8553484170965942e-12,0.0057217270333360347,0.0040372329280943713,5.942883488111915e-08,7.2050168400535661e-09,1.4617099784169574e-05,1.2551102441892243e-12,1.0386324939726311e-07,4.636322703092966e-09
2.2899783288667313e-07,0.11640260799999998,0.8585084662769803,0.0,0.0,0.32777684125592516,0.1129194302145822,0.020794323876060151,1.1239816436763628e-26,2.3789748280032026e-08,7.0743836544898406e-06,1.969964390161117e-16,9.9771672892240561e-10,1.4214702372197629e-09,2.903562412540941e-05,1.8831307292143569e-14,1.7059265429633626e-08,1.1955136779767941e-10,6.4962342312529886e-11,3.7902576443633023e-15,4.0106725837817578e-20,1.0949354838273362e-09,6.0078708103488897e-12,0.0057214320529032203,0.0040544446507246269,5.9731753815508908e-08,7.2637550060375915e-09,1.4673004054977586e-05,1.277078863007545e-12,1.0523960561529326e-07,4.6735555971435956e-09
2.3003088085227274e-07,0.11640260799999998,0.8585084662769803,0.0,0.0,0.32775987587429106,0.11291948080828056,0.020785722168773408,1.1733058777109602e-26,2.4223587027491298e-08,7.1667781324360293e-06,2.0251501823625132e-16,1.0188427620037045e-09,1.4394502516815297e-09,2.9279500568568379e-05,1.9482359460342988e-14,1.7168676141400989e-08,1.2209609581468476e-10,6.6168557208500635e-11,3.8871279217483502e-15,4.1667730664969036e-20,1.1073741575985063e-09,6.1636475333562037e-12,0.0057211371754096541,0.0040716474662585806,6.003491766192169e-08,7.3226148418778963e-09,1.472870111136739e-05,1.2993068309951099e-12,1.0662409697167842e-07,4.7109024560151485e-09
2.3106392881787234e-07,0.11640260799999998,0.8585084662769803,0.0,0.0,0.32774291948664241,0.11291953039786234,0.02077712490899572,1.2245837356691931e-26,2.4662760713729566e-08,7.2597120790597052e-06,2.0816682261573696e-16,1.0403196898711816e-09,1.4575734316230123e-09,2.9524276693431378e-05,2.0152808550103662e-14,1.7277885986036828e-08,1.2468293822478641e-10,6.7390676220972346e-11,3.9860104524505682e-15,4.3281951330868548e-20,1.1198889895000407e-09,6.3227325800609999e-12,0.0057208424010422127,0.004088841380855429,6.0338324894386554e-08,7.3815961704091677e-09,1.4784193526752365e-05,1.3217957014867974e-12,1.0801668976614366e-07,4.7483628530032674e-09
2.3209697678347195e-07,0.11640260799999998,0.8585084662769803,0.0,0.0,0.32772597208414805,0.1129195789848329,0.020768532093634145,1.277884053466079e-26,2.5107302630241788e-08,7.3531833864696195e-06,2.1395452020963348e-16,1.0621517039755818e-09,1.4758402101388072e-09,2.9769950816534927e-05,2.0843139276089606e-14,1.7386893776961086e-08,1.2731238803870193e-10,6.8628823338495334e-11,4.0869372820016981e-15,4.4950944112730465e-20,1.1324799623178685e-09,6.4851805782808923e-12,0.0057205477299710327,0.0041060264006682378,6.0641973984891334e-08,7.440698822596835e-09,1.4839483844216162e-05,1.3445470307511368e-12,1.0941735050681885e-07,4.7859363616034011e-09
2.3313002474907155e-07,0.11640260799999998,0.8585084662769803,0.0,0.0,0.32770903365802917,0.11291962657071551,0.020759943719598772,1.3332777823252078e-26,2.5557246124207155e-08,7.4471899605809821e-06,2.1988082074805856e-16,1.08434302518432e-09,1.4942510186927935e-09,3.0016521251855591e-05,2.1553846104403865e-14,1.7495698410128681e-08,1.2998494149182637e-10,6.9883122914750154e-11,4.1899408062068415e-15,4.6676303193719465e-20,1.1451470573225508e-09,6.6510467938719013e-12,0.0057202531623506752,0.0041232025318439563,6.0945863404148497e-08,7.499922635923977e-09,1.4894574576113574e-05,1.3675623771822592e-12,1.1082604591375218e-07,4.823622555510647e-09
2.3416307271467116e-07,0.11640260799999998,0.8585084662769803,0.0,0.0,0.32769210419955813,0.11291967315705033,0.020751359783802725,1.3908380432266649e-26,2.6012624599548276e-08,7.5417297213150097e-06,2.2594847608751465e-16,1.1068979038141632e-09,1.5128062871188975e-09,3.0263986310808215e-05,2.2285433398851006e-14,1.7604298862069237e-08,1.3270109804424366e-10,7.1153699668631781e-11,4.2950537730780102e-15,4.845966139141531e-20,1.1578902542808591e-09,6.8203871348917102e-12,0.0057199586983213103,0.0041403697805234311,6.1249991622067776e-08,7.5592674545050061e-09,1.4949468203662859e-05,1.3908433013000323e-12,1.1224274292245194e-07,4.861421008619542e-09
2.3519612068027076e-07,0.11640260799999998,0.8585084662769803,0.0,0.0,0.32767518370005833,0.11291971874539349,0.020742780283162107,1.4506401835784734e-26,2.6473471517971863e-08,7.6368006027487582e-06,2.3216028066724129e-16,1.1298206196621327e-09,1.5315064436218536e-09,3.0512344302245919e-05,2.3038415570006429e-14,1.771269418796562e-08,1.3546136038050109e-10,7.2440678684398332e-11,4.4023092847599201e-15,5.03026909066005e-20,1.1707095314669899e-09,6.9932581557630402e-12,0.0057196643380097263,0.0041575281528414146,6.1554357105987718e-08,7.6187331306402666e-09,1.5004167176637133e-05,1.4143913681278317e-12,1.1366740868665121e-07,4.8993312950240142e-09
2.3622916864587037e-07,0.11640260799999998,0.8585084662769803,0.0,0.0,0.32765827215090276,0.11291976333731603,0.020734205214596069,1.5127618352575536e-26,2.6939820399932579e-08,7.7324005532440324e-06,2.3851907196838003e-16,1.1531154820354071e-09,1.5503519147779635e-09,3.0761593532458478e-05,2.3813317225890444e-14,1.7820883519757254e-08,1.3826623440925323e-10,7.3744185411674143e-11,4.5117407994508819e-15,5.2207104084044296e-20,1.1836048656736007e-09,7.1697170614365331e-12,0.0057193700815302631,0.004174677654926579,6.185895832171086e-08,7.6783195209151099e-09,1.505867391310509e-05,1.438208144706412e-12,1.1510001058072085e-07,4.9373529890173326e-09
2.3726221661146997e-07,0.11640260799999998,0.8585084662769803,0.0,0.0,0.32764136954351425,0.11291980693440293,0.020725634575026752,1.5772829723691619e-26,2.7411704825286262e-08,7.8285275355855261e-06,2.450277309724156e-16,1.1767868297815436e-09,1.5693431255358623e-09,3.1011732305174438e-05,2.4610673322247257e-14,1.7928866064238656e-08,1.4111622926293881e-10,7.5064345664764841e-11,4.6233821333246332e-15,5.4174654170544681e-20,1.1965762322229062e-09,7.3498217115534655e-12,0.0057190759289857786,0.0041918182929015346,6.2163793736516393e-08,7.7380264839874507e-09,1.5112990799157605e-05,1.4622951972507178e-12,1.1654051620221228e-07,4.9754856650924943e-09
2.3829526457706958e-07,0.11640260799999998,0.8585084662769803,0.0,0.0,0.32762447586936361,0.11291984953825235,0.020717068361379286,1.6442859711378914e-26,2.7889158434403749e-08,7.9251795270817767e-06,2.5168918262408812e-16,1.2008390313170775e-09,1.5884804992172767e-09,3.1262758921561269e-05,2.5431029315368203e-14,1.8036641101196951e-08,1.4401185729724976e-10,7.6401285623132967e-11,4.737267462444576e-15,5.620713609184182e-20,1.2096236049774916e-09,7.5336306246077161e-12,0.0057187818804685037,0.0042089500728828208,6.2468861814541598e-08,7.7978538902767429e-09,1.5167120188687489e-05,1.4866541004943863e-12,1.1798889337381338e-07,5.0137288979420581e-09
2.393283125426692e-07,0.11640260799999998,0.8585084662769803,0.0,0.0,0.3276075911199704,0.11291989115047474,0.020708506570581799,1.71385567130472e-26,2.8372214929000381e-08,8.022354519642889e-06,2.5850639629735605e-16,1.2252764846550223e-09,1.6077644575177921e-09,3.1514671680226064e-05,2.6274941316665389e-14,1.8144207981577196e-08,1.4695363409045606e-10,7.7755131831200774e-11,4.8534313246725764e-15,5.8306387242664698e-20,1.2227469563509339e-09,7.7212029821069314e-12,0.0057184879360608004,0.0042260730009809388,6.2774161017208631e-08,7.8578016102509048e-09,1.5221064403243928e-05,1.5112864300048127e-12,1.1944511014492768e-07,5.0520822624587e-09
2.4025805571170884e-07,0.11640260799999998,0.8585084662769803,0.0,0.0,0.32759240246921262,0.11291992775497427,0.020700804737864297,1.7787350855709649e-26,2.8811784145604779e-08,8.110257530990162e-06,2.6477755549142236e-16,1.2476032417792037e-09,1.6252456970591846e-09,3.1742149406406804e-05,2.7055070840063189e-14,1.8240839719506849e-08,1.4964111911491381e-10,7.8988153144525465e-11,4.9599557850836628e-15,6.0254354429401346e-20,1.2346229103466093e-09,7.893285299939814e-12,0.0057182234751682612,0.004241476072954606,6.3049126641769023e-08,7.9118573203784786e-09,1.5269457764336991e-05,1.5336906070349409e-12,1.2076238187312621e-07,5.0866941019089397e-09
2.4118779888074847e-07,0.11640260799999998,0.8585084662769803,0.0,0.0,0.32757722103456116,0.11291996355875981,0.020693106482934289,1.8458297413709941e-26,2.9255943704233826e-08,8.1985811153230185e-06,2.7117955170673388e-16,1.2702488871483631e-09,1.6428463155257812e-09,3.1970342283712401e-05,2.7855160672799787e-14,1.8337302004400258e-08,1.5236678525680622e-10,8.0235064079982284e-11,5.0683798192672892e-15,6.2259328960883585e-20,1.246560361383113e-09,8.0685085710731688e-12,0.005717959098711433,0.0042568719842935813,6.3324277112151746e-08,7.966010294929133e-09,1.5317704634448858e-05,1.5563186886471826e-12,1.2208595501173646e-07,5.1213944942137707e-09
2.421175420497881e-07,0.11640260799999998,0.8585084662769803,0.0,0.0,0.32756204680993078,0.11291999856302828,0.020685411803558571,1.9152068563199245e-26,2.9704718303410934e-08,8.2873238393014463e-06,2.7771464379375622e-16,1.2932166885102204e-09,1.6605666169581581e-09,3.2199249066519323e-05,2.8675638980735241e-14,1.843359450375537e-08,1.5513101506478552e-10,8.1495957644619902e-11,5.1787293645923796e-15,6.4322741736541252e-20,1.2585592863809341e-09,8.2469173329022057e-12,0.0057176948067326726,0.0042722607394399086,6.359961130493008e-08,8.0202604467178709e-09,1.536580663835001e-05,1.5791718294564061e-12,1.2341580674462074e-07,5.1561831298873901e-09
2.4304728521882773e-07,0.11640260799999998,0.8585084662769803,0.0,0.0,0.32754687978926644,0.11292003276898302,0.020677720697505883,1.9869354241180685e-26,3.0158132683587908e-08,8.3764842792721648e-06,2.8438512092766637e-16,1.3165099330948176e-09,1.678406904331892e-09,3.2428868507527319e-05,2.9516941313462607e-14,1.8529716927308463e-08,1.5793419319954709e-10,8.2770927083937895e-11,5.2910306005384293e-15,6.6446053546753244e-20,1.2706196613355981e-09,8.4285565681946638e-12,0.0057174305992695393,0.0042876423428316887,6.3875128098850289e-08,8.0746076879894734e-09,1.5413765379380869e-05,1.6022511817110553e-12,1.2475191440688751e-07,5.1910596995759433e-09
2.4397702838786736e-07,0.11640260799999998,0.8585084662769803,0.0,0.0,0.32753171996654246,0.11292006617783347,0.020670033162546921,2.0610862542571319e-26,3.0616211627447893e-08,8.4660610212716554e-06,2.9119330289009152e-16,1.3401319276284375e-09,1.696367479558015e-09,3.2659199357765437e-05,3.0379510699422846e-14,1.8625669026015976e-08,1.6077670643312124e-10,8.4060065881500152e-11,5.4053099498100094e-15,6.8630755568735736e-20,1.2827414613235656e-09,8.6134717075449234e-12,0.0057171664763551126,0.0043030167989030893,6.4150826371662659e-08,8.1290519386409825e-09,1.5461582439440465e-05,1.6255579053649557e-12,1.2609425548511913e-07,5.2260238940583825e-09
2.44906771556907e-07,0.11640260799999998,0.8585084662769803,0.0,0.0,0.32751656733576301,0.11292009879079487,0.020662349196454315,2.1377320124411605e-26,3.1078979960182831e-08,8.5560526610217673e-06,2.9814154035215083e-16,1.3640859983470693e-09,1.7144486434834759e-09,3.2890240366596749e-05,3.1263797741788132e-14,1.8721450591049824e-08,1.6365894364810392e-10,8.5363467758496234e-11,5.5215940794486358e-15,7.0878369868395757e-20,1.2949246605080665e-09,8.8017086318272447e-12,0.0057169024380183068,0.0043183841120843511,6.4426704998796195e-08,8.1835931167566328e-09,1.5509259379008279e-05,1.6490931614215172e-12,1.2744280761747691e-07,5.2610754042472275e-09
2.457435404090427e-07,0.11640260799999998,0.8585084662769803,0.0,0.0,0.32750293611224152,0.11292012746298381,0.020655436676512342,2.2089079447670017e-26,3.1499501439644312e-08,8.6373987215338446e-06,3.0451666946628849e-16,1.3859313519980101e-09,1.7308250421472107e-09,3.309878342514652e-05,3.207860327997256e-14,1.8807508052316921e-08,1.662872442572781e-10,8.6548802032474873e-11,5.6279861214189455e-15,7.2956296015129417e-20,1.3059420140017058e-09,8.9740002751299583e-12,0.0057166648758498117,0.0043322085904348578,6.4675149038640544e-08,8.2327629804663124e-09,1.5552050094094891e-05,1.670471242806797e-12,1.2866179662796033e-07,5.2926961629928871e-09
2.465803092611784e-07,0.11640260799999998,0.8585084662769803,0.0,0.0,0.32748931070503146,0.11292015549238493,0.020648527043928489,2.2822208380057428e-26,3.1923859625227682e-08,8.7190787094927324e-06,3.1100893056829544e-16,1.4080508497596676e-09,1.747299578301264e-09,3.3307899783729429e-05,3.2911710681606862e-14,1.8893427146318618e-08,1.6894832446206398e-10,8.7745834163929316e-11,5.736043621354954e-15,7.5087593557597592e-20,1.3170090590720243e-09,9.1490541809629363e-12,0.0057164273822252641,0.0043460272898538099,6.4923737437883282e-08,8.2820112318029699e-09,1.5594729665712102e-05,1.6920362230588987e-12,1.2988578251363621e-07,5.3243871720716259e-09
2.474170781133141e-07,0.11640260799999998,0.8585084662769803,0.0,0.0,0.32747569110982122,0.11292018287989501,0.020641620297083035,2.3577276875919363e-26,3.2352072703981702e-08,8.8010916212416292e-06,3.1762010261028236e-16,1.4304469570431342e-09,1.7638724690540975e-09,3.3517588527175755e-05,3.3763464560739207e-14,1.8979207800458894e-08,1.7164247213944602e-10,8.8954632967904209e-11,5.8457865315872139e-15,7.727343829433899e-20,1.3281257750094647e-09,9.3269047417708988e-12,0.0057161899571581999,0.0043598402135627224,6.5172469376570285e-08,8.3313378123592683e-09,1.5637299187076711e-05,1.7137889504325132e-12,1.3111474928735371e-07,5.356148206437439e-09
2.4825384696544984e-07,0.11640260799999998,0.8585084662769803,0.0,0.0,0.32746207732231791,0.112920209626414,0.020634716434357499,2.4354868119343693e-26,3.278415889150562e-08,8.8834364594273677e-06,3.2435198552428797e-16,1.4531221520906542e-09,1.7805439308171753e-09,3.3727848739228283e-05,3.4634214744812387e-14,1.9064849966103751e-08,1.7436997654887497e-10,9.0175267414335176e-11,5.9572349675118127e-15,7.9515027576932116e-20,1.3392921405194674e-09,9.507586651537925e-12,0.0057159526006600797,0.0043736473647805561,6.5421344035398861e-08,8.3807426649824716e-09,1.5679759737461253e-05,1.7357302750832919e-12,1.3234868106101572e-07,5.3879790411330713e-09
2.4909061581758555e-07,0.11640260799999998,0.8585084662769803,0.0,0.0,0.32744846933824689,0.11292023573284483,0.020627815454134692,2.5155578783709504e-26,3.3220136432083874e-08,8.9661122329795935e-06,3.3120640039304814e-16,1.4760789259822859e-09,1.7973141793052441e-09,3.3938679502544502e-05,3.5524316333454126e-14,1.9150353618027002e-08,1.7713112833164345e-10,9.1407806627800472e-11,6.070409208239175e-15,8.181358062344583e-20,1.3505081337257386e-09,9.6911349072332002e-12,0.00571571531274044,0.0043874487467237145,6.5670360595434225e-08,8.4302257328771562e-09,1.5722112382239344e-05,1.7578610486044572e-12,1.3358756204533844e-07,5.419879451290187e-09
2.4992738466972127e-07,0.11640260799999998,0.8585084662769803,0.0,0.0,0.32743486715335163,0.11292026120009328,0.020620917354798662,2.5980019295333733e-26,3.3660023598796174e-08,9.0491179570868888e-06,3.3818518962144868e-16,1.4993197826423141e-09,1.8141834295366037e-09,3.4150079898699842e-05,3.6434129757679951e-14,1.9235718753863496e-08,1.7992621951022898e-10,9.2652319887216075e-11,6.1853296972413604e-15,8.4170338835189162e-20,1.3617737321734886e-09,9.8775848102561146e-12,0.0057154780934069969,0.0044012443626060523,6.5919518237345589e-08,8.4797869594735221e-09,1.5764358172936799e-05,1.7801821236448528e-12,1.3483137654956184e-07,5.4518492121299267e-09
2.50764153521857e-07,0.11640260799999998,0.8585084662769803,0.0,0.0,0.3274212707633935,0.11292028602906795,0.02061402213473474,2.6828814101199424e-26,3.4103838693623866e-08,9.1324526531701667e-06,3.4529021710864901e-16,1.5228472388454181e-09,1.8311518958333914e-09,3.4362049008189773e-05,3.7364020839503276e-14,1.9320945393569909e-08,1.8275554348760619e-10,9.3908876625526942e-11,6.3020170429978343e-15,8.658656611672966e-20,1.3730889128326436e-09,1.0066971967880673e-11,0.0057152409426657839,0.0044150342156388739,6.6168816141585974e-08,8.5294262883634746e-09,1.5806498147288387e-05,1.802694354166559e-12,1.360801089811138e-07,5.4838880989634637e-09
2.516009223739927e-07,0.11640260799999998,0.8585084662769803,0.0,0.0,0.32740768016415167,0.11292031022067996,0.020607129792329482,2.7702601940856101e-26,3.4551600047544464e-08,9.2161153488533001e-06,3.5252336842088279e-16,1.5466638242225924e-09,1.8482197918218553e-09,3.4574585910431966e-05,3.8314360851957667e-14,1.940603357889299e-08,1.8561939504652647e-10,9.5177546429382741e-11,6.4204920196396586e-15,8.9063549199236092e-20,1.3844536521010264e-09,1.0259332294699219e-11,0.0057150038605212616,0.0044288183090309425,6.6418253488859571e-08,8.579143663192815e-09,1.5848533329300294e-05,1.8253985953179617e-12,1.3733374384522911e-07,5.5159958871922645e-09
2.524376912261284e-07,0.11640260799999998,0.8585084662769803,0.0,0.0,0.32739409535142289,0.11292033377584298,0.020600240325970732,2.8602036122594922e-26,3.5003326020613159e-08,9.300105077931127e-06,3.5988655096494481e-16,1.5707720812668278e-09,1.865387330432638e-09,3.4787689683769131e-05,3.9285526579537756e-14,1.9490983372845491e-08,1.8851807034876594e-10,9.6458399038796886e-11,6.5407755675921123e-15,9.1602597967209924e-20,1.395867925807509e-09,1.0454702014065378e-11,0.0057147668469764113,0.0044425966459884798,6.6667829459985848e-08,8.6289390275814602e-09,1.5890464729318124e-05,1.8482957034702643e-12,1.3859226574452439e-07,5.5481723523084632e-09
2.532744600782641e-07,0.11640260799999998,0.8585084662769803,0.0,0.0,0.32738051632102111,0.11292035669547316,0.020593353734047581,2.9527784803949483e-26,3.5459035002034389e-08,9.3844208803349937e-06,3.6738169416236102e-16,1.5951745653385486e-09,1.8826547239010593e-09,3.5001359405471922e-05,4.0277900379059251e-14,1.9575794859189713e-08,1.9145186693434078e-10,9.7751504346791466e-11,6.6628887942156844e-15,9.4205045788625904e-20,1.4073317092151374e-09,1.065311765953622e-11,0.0057145299020328532,0.0044563692297151696,6.6917543235721527e-08,8.6788123250394959e-09,1.5932293344100027e-05,1.8713865362124738e-12,1.398556593785311e-07,5.5804172698954101e-09
2.5411122893039983e-07,0.11640260799999998,0.8585084662769803,0.0,0.0,0.32736694306877784,0.11292037898048887,0.020586470014950356,3.0480531276545158e-26,3.5918745410224588e-08,9.4690618020959339e-06,3.7501074962423485e-16,1.6198738446707974e-09,1.9000221837673949e-09,3.5215594151741791e-05,4.1291870240935669e-14,1.9660468141928747e-08,1.9442108372069147e-10,9.9056932399029916e-11,6.7868529744454297e-15,9.6872249848479577e-20,1.4188449770242315e-09,1.0854616076313621e-11,0.0057142930256909256,0.0044701360634121683,6.7167393996912547e-08,8.7287634988878332e-09,1.5974020156894735e-05,1.8946719523458232e-12,1.4112390954318974e-07,5.6127304156281992e-09
2.5494799778253555e-07,0.11640260799999998,0.8585084662769803,0.0,0.0,0.3273533755905414,0.11292040063181071,0.020579589167070658,3.1460974255334071e-26,3.6382475692866006e-08,9.5540268953056766e-06,3.8277569132676836e-16,1.6448725003741875e-09,1.9174899208771653e-09,3.5430392997713797e-05,4.2327829850871242e-14,1.9745003344805255e-08,1.9742602100183459e-10,1.0037475339343872e-10,6.9126895514287076e-15,9.9605591485751714e-20,1.4304077033754554e-09,1.1059234422684749e-11,0.0057140562179497888,0.0044838971502780978,6.7417380924602719e-08,8.7787924921825646e-09,1.6015646137524092e-05,1.9181528118831004e-12,1.4239700113030694e-07,5.6451115652740846e-09
2.5578476663467126e-07,0.11640260799999998,0.8585084662769803,0.0,0.0,0.32733981388217714,0.11292042165036151,0.020572711188801312,3.2469828172273754e-26,3.6850244326950688e-08,9.6393152180755241e-06,3.9067851578745628e-16,1.6701731264416035e-09,1.9350581453814213e-09,3.5645755017459796e-05,4.3386178651971215e-14,1.9829400610807903e-08,2.0046698044748312e-10,1.017050376798147e-10,7.04042013716124e-15,1.0240647653381608e-19,1.4420198618528655e-09,1.1267010171461702e-11,0.0057138194788074921,0.0044976524935090587,6.7667503199976953e-08,8.828899247642518e-09,1.6057172242470109e-05,1.9418299760449844e-12,1.4367491912697725e-07,5.6775604946929615e-09
2.56621535486807e-07,0.11640260799999998,0.8585084662769803,0.0,0.0,0.32732625793956688,0.1129204420370661,0.020565836078536407,3.3507823474509452e-26,3.7322069818815071e-08,9.7249258344932622e-06,3.9872124224195277e-16,1.6957783297526634e-09,1.9527270667370307e-09,3.5861679283991735e-05,4.4467321907271194e-14,1.9913660101685362e-08,2.0354426510213587e-10,1.0304785575941882e-10,7.1700665131214847e-15,1.0527633566431912e-19,1.4536814254869341e-09,1.1477981111420176e-11,0.0057135828082610658,0.0045114020962986317,6.7917760004356915e-08,8.879083707580139e-09,1.6098599414966014e-05,1.9657043072568184e-12,1.4495764861497129e-07,5.7100769798379375e-09
2.574583043389427e-07,0.11640260799999998,0.8585084662769803,0.0,0.0,0.32731270775860916,0.1129204617928512,0.020558963834671269,3.457570692711076e-26,3.779797070416553e-08,9.8108578145782093e-06,4.0690591282161029e-16,1.7216907300779351e-09,1.9704968937069696e-09,3.6078164869264856e-05,4.5571670762685943e-14,1.9997781997467988e-08,2.0665817938413407e-10,1.0440327828455785e-10,7.3016506309033172e-15,1.0821662473455003e-19,1.4653923667575455e-09,1.1692185348737244e-11,0.0057133462063065927,0.0045251459618378745,6.8168150519272563e-08,8.9293458138356143e-09,1.6139928585091394e-05,1.9897766691449589e-12,1.4624517477009233e-07,5.7426607967558952e-09
2.582950731910784e-07,0.11640260799999998,0.8585084662769803,0.0,0.0,0.32729916333521886,0.11292048091864559,0.020552094455602479,3.5674241920409051e-26,3.8277965548095571e-08,9.897110234234486e-06,4.1523459273168771e-16,1.7479129600829139e-09,1.9883678343606132e-09,3.6295210844181155e-05,4.6699642310377551e-14,2.0081766495997009e-08,2.0980902908468722e-10,1.0577137605815477e-10,7.4351946128469769e-15,1.1122882513831801e-19,1.4771526575969726e-09,1.1909661308428107e-11,0.0057131096729392756,0.0045388840933153372,6.8418673926492847e-08,8.9796855077140654e-09,1.618116066987084e-05,2.0140479265327712e-12,1.47537482861503e-07,5.7753117215880067e-09
2.591318420432141e-07,0.11640260799999998,0.8585084662769803,0.0,0.0,0.32728562466532674,0.11292049941537979,0.02054522793972783,3.6804208781984853e-26,3.8762072945094603e-08,9.9836821752026595e-06,4.2370937043022443e-16,1.7744476653317518e-09,2.006340096074025e-09,3.6512816278592834e-05,4.7851659652543144e-14,2.0165613812461336e-08,2.1299712136686745e-10,1.0715222003330729e-10,7.5707207526682865e-15,1.1431444416035471e-19,1.4889622693928298e-09,1.213044773578185e-11,0.0057128732081535025,0.0045526164939170572,6.8669329408022434e-08,9.0301027299258528e-09,1.6222296573376183e-05,2.0385189454363725e-12,1.4883455825102367e-07,5.8080295305702869e-09
2.5996861089534983e-07,0.11640260799999998,0.8585084662769803,0.0,0.0,0.32727209174488014,0.11292051728398611,0.020538364285446392,3.7966405093358756e-26,3.9250311519048483e-08,1.0070572725009818e-05,4.3233235780758095e-16,1.8012975042907542e-09,2.024413885530259e-09,3.6730980241306029e-05,4.9028151965623113e-14,2.0249324178941817e-08,2.1622276476457268e-10,1.0854588131283425e-10,7.7082515160861048e-15,1.1747501533426284e-19,1.5008211729909997e-09,1.2354583697796135e-11,0.0057126368119429166,0.0045663431668265609,6.8920116146125527e-08,9.0805974205297934e-09,1.6263337186831899e-05,2.0631905930600699e-12,1.5013638639240486e-07,5.8408140000342257e-09
2.616421485996212e-07,0.11640260799999998,0.8585084662769803,0.0,0.0,0.32724504313619029,0.11292055114055272,0.020524645555265515,4.0390764607304242e-26,4.0239256840272489e-08,1.0245306029868965e-05,4.5003152740541879e-16,1.8559532817338422e-09,2.0608668709401243e-09,3.7168980021653098e-05,5.1456308970801031e-14,2.0416335072072521e-08,2.2278794588975348e-10,1.1137194094206483e-10,7.9894176403495032e-15,1.2402728169851005e-19,1.5246867362865457e-09,1.2813062110937652e-11,0.0057121642252184511,0.0045937793422905406,6.9422080122604694e-08,9.1818189635758455e-09,1.6345136044917001e-05,2.1131392491959231e-12,1.5275424320080073e-07,5.906582026213923e-09
2.6314833253346543e-07,0.11640260799999998,0.8585084662769803,0.0,0.0,0.32722071901113509,0.1129205794726522,0.02051230846871608,4.2691278966100388e-26,4.1143623690814618e-08,1.0403646609173084e-05,4.6648932977888144e-16,1.9062481727285649e-09,2.094023841955337e-09,3.7565080627733233e-05,5.3729786835373863e-14,2.0566179165355037e-08,2.2882815695792087e-10,1.1395994614158439e-10,8.249551884720373e-15,1.3019659248956142e-19,1.5463340177531571e-09,1.3237546648882245e-11,0.0057117391316164031,0.0046184523433867378,6.9874288401706785e-08,9.2731826777041391e-09,1.6418437806844737e-05,2.1587879138846381e-12,1.5512642466683117e-07,5.9659989867562114e-09
2.6465451646730967e-07,0.11640260799999998,0.8585084662769803,0.0,0.0,0.3271964134519651,0.11292060578419105,0.020499980628887141,4.5109443844639622e-26,4.2061666535320067e-08,1.0563005549243948e-05,4.8346126574446622e-16,1.957606031430245e-09,2.1275129455491073e-09,3.7962976336169565e-05,5.6089522663854423e-14,2.0715583875484851e-08,2.3499489449764305e-10,1.1659059199110829e-10,8.516538423867163e-15,1.3663383610251716e-19,1.5681405267997232e-09,1.367350610442143e-11,0.0057113142600706086,0.0046431068361562468,7.0326909249304262e-08,9.3647964220376626e-09,1.6491444113902177e-05,2.2051001561539948e-12,1.5751378294535218e-07,6.0256284531937662e-09
2.661607004011539e-07,0.11640260799999998,0.8585084662769803,0.0,0.0,0.32717212643560017,0.11292063008066282,0.020487662026486539,4.7650578120525355e-26,4.2993495048459789e-08,1.072337773071025e-05,5.0096052302785549e-16,2.0100428289074559e-09,2.1613353620782953e-09,3.8362661678921801e-05,5.8538247665099057e-14,2.0864551109409612e-08,2.412900072973853e-10,1.1926429851220142e-10,8.7905145792584803e-15,1.433489537159801e-19,1.5901060741899995e-09,1.4121180137440054e-11,0.0057108896105238227,0.004667742839075264,7.0779937908904838e-08,9.4566598169864507e-09,1.656415971408369e-05,2.2520810758039671e-12,1.599162364224248e-07,6.0854691246251373e-09
2.6766688433499813e-07,0.11640260799999998,0.8585084662769803,0.0,0.0,0.32714785793911483,0.11292065236757555,0.020475352652234987,5.0320208759812194e-26,4.3939219210914705e-08,1.0884758090531408e-05,5.1900054989159114e-16,2.0635746718650905e-09,2.1954922646489792e-09,3.8764131177286993e-05,6.1078762082367718e-14,2.1013082917629786e-08,2.4771535844242667e-10,1.2198148725824515e-10,9.0716195274087574e-15,1.5035219187372905e-19,1.6122304652276031e-09,1.4580811899052561e-11,0.0057104651829147784,0.0046923603705939544,7.123336962848348e-08,9.5487724725364575e-09,1.6636589229840329e-05,2.2997357846539058e-12,1.623337043836067e-07,6.1455197012021457e-09
2.6917306826884236e-07,0.11640260799999998,0.8585084662769803,0.0,0.0,0.32712360793973505,0.11292067265045082,0.020463052496866054,5.3124077643387638e-26,4.4898949308176451e-08,1.104714162087132e-05,5.3759505863877495e-16,2.1182178026696426e-09,2.2299848191223632e-09,3.916737934198244e-05,6.3713936478097367e-14,2.116118148683143e-08,2.5427282529002117e-10,1.2474258130413708e-10,9.359994311421002e-15,1.576541098661028e-19,1.634513499808114e-09,1.5052648058507279e-11,0.0057100409771788626,0.0047169594491365246,7.1687199660848401e-08,9.6411339876168049e-09,1.670873716045982e-05,2.3480694064159717e-12,1.6476610699699883e-07,6.2057788841429833e-09
2.706792522026866e-07,0.11640260799999998,0.8585084662769803,0.0,0.0,0.3270993764148355,0.1129206909348232,0.020450761551126087,5.6068148574817284e-26,4.5872795929139087e-08,1.1210523367949427e-05,5.5675802913907592e-16,2.1739885993662736e-09,2.2648141841207662e-09,3.9572400673230983e-05,6.6446713033308171e-14,2.1308849132763121e-08,2.6096429944350418e-10,1.2754800523568427e-10,9.6557818524625403e-15,1.6526558724081619e-19,1.6569549724705978e-09,1.553693883004297e-11,0.0057096169932487296,0.0047415400931012895,7.2141423263993313e-08,9.7337439495506424e-09,1.6780607884495431e-05,2.3970870765623472e-12,1.6721336529587849e-07,6.2662453757457105e-09
2.721854361365308e-07,0.11640260799999998,0.8585084662769803,0.0,0.0,0.32707516334193615,0.11292070722623947,0.020438479805774231,5.9158614469392851e-26,4.6860869964498742e-08,1.1374898430874017e-05,5.7650371237643719e-16,2.2309035756878496e-09,2.2999815110336847e-09,3.9979189660848853e-05,6.9280106861337775e-14,2.1456088293348108e-08,2.6779168672537393e-10,1.3039818513871146e-10,9.9591269611739011e-15,1.731978314416726e-19,1.6795546724485938e-09,1.6033937999696667e-11,0.0057091932310548424,0.0047661023208607307,7.2596035701419081e-08,9.8266019335586328e-09,1.6852205662233572e-05,2.4467939421853309e-12,1.6967540116099689e-07,6.3269178794021676e-09
2.7369162007037506e-07,0.11640260799999998,0.8585084662769803,0.0,0.0,0.32705096869869965,0.11292072153025814,0.020426207251582371,6.2401904731424148e-26,4.786328260496637e-08,1.1540261960460569e-05,5.9684663401887263e-16,2.2889793810557871e-09,2.3354879440239302e-09,4.0387740784335835e-05,7.2217207336243402e-14,2.1602901522033536e-08,2.7475690714932605e-10,1.3329354858788925e-10,1.0270176349008548e-14,1.8146238557909809e-19,1.702312383720575e-09,1.6543902952060159e-11,0.0057087696905259635,0.0047906461507615733,7.3051032242453659e-08,9.9197075023370597e-09,1.6923534638194136e-05,2.4971951618520513e-12,1.7215213730259097e-07,6.3877950996121589e-09
2.751978040042193e-07,0.11640260799999998,0.8585084662769803,0.0,0.0,0.3270267924629276,0.11292073385244902,0.020413943879335077,6.5804692820821796e-26,4.8880145339309767e-08,1.1706609158039755e-05,6.17801598009877e-16,2.3482328005728684e-09,2.371334620033853e-09,4.079804851296754e-05,7.5261179435662516e-14,2.1749291481368783e-08,2.818618948912664e-10,1.3623452463530393e-10,1.058907863950331e-14,1.9007113633183188e-19,1.725227885059921e-09,1.7067094696983488e-11,0.0057083463715895833,0.0048151716011248374,7.3506408162565668e-08,1.0013060205713918e-08,1.6994598843654281e-05,2.5482959054561871e-12,1.7464349724218312e-07,6.4488757419978652e-09
2.767039879380635e-07,0.11640260799999998,0.8585084662769803,0.0,0.0,0.32700263461255852,0.11292074419839246,0.020401689679829634,6.9373904012410156e-26,4.9911569952236188e-08,1.1873935274258635e-05,6.3938369018130427e-16,2.4086807550080445e-09,2.4075226687916472e-09,4.1210107305889868e-05,7.841526509813086e-14,2.189526093680839e-08,2.8910859825930455e-10,1.3922154379878402e-10,1.0915984379478452e-14,1.9903632198087602e-19,1.7483009500844162e-09,1.7603777896223723e-11,0.0057079232741723031,0.0048396786902459091,7.3962158743651982e-08,1.0106659580339741e-08,1.7065402199188027e-05,2.600101354062722e-12,1.7714940529423014e-07,6.5101585133186304e-09
2.7821017187190775e-07,0.11640260799999998,0.8585084662769803,0.0,0.0,0.32697849512566413,0.1129207525736792,0.020389444643875952,7.3116723351101946e-26,5.0957668522126043e-08,1.2042235607878477e-05,6.6160828188752201e-16,2.4703403007732812e-09,2.4440532128177309e-09,4.1623911612215258e-05,8.1682784594826356e-14,2.2040812750734481e-08,2.9649897966273878e-10,1.4225503804999562e-10,1.1251046050166635e-14,2.0837054057655717e-19,1.7715313473053121e-09,1.8154220890037098e-11,0.0057075003982001819,0.0048641674363946071,7.4418279274317951e-08,1.0200505149438328e-08,1.7135948517214934e-05,2.6526166997475667e-12,1.796697865476728e-07,6.571642121486e-09
2.79716355805752e-07,0.11640260799999998,0.8585084662769803,0.0,0.0,0.32695437398044674,0.11292075898390974,0.02037720876229657,7.7040603807056146e-26,5.2018553418627608e-08,1.2211505504571776e-05,6.8449103366079355e-16,2.5332286298924366e-09,2.4809273674312217e-09,4.203945587112087e-05,8.5067137915794193e-14,2.2185949876695106e-08,3.0403501558003237e-10,1.4533544080232093e-10,1.159441807826941e-14,2.1808675824028115e-19,1.7949188401759579e-09,1.8718695723712513e-11,0.0057070777435990283,0.0048886378578152376,7.4874765050150989e-08,1.0294596422633757e-08,1.7206241504552089e-05,2.7058471454387429e-12,1.8220456684743258e-07,6.6333252755789044e-09
2.812225397395962e-07,0.11640260799999998,0.8585084662769803,0.0,0.0,0.32693027115523654,0.11292076343469419,0.020364982025926626,8.1153274634590343e-26,5.3094337300122246e-08,1.2381740355721193e-05,7.0804789888777487e-16,2.5973630699621995e-09,2.5181462407564888e-09,4.2456734511948471e-05,8.8571806170671645e-14,2.2330675353854077e-08,3.1171869652578723e-10,1.4846318689853224e-10,1.1946256846940375e-14,2.281983176022642e-19,1.8184631871400221e-09,1.9297478174044519e-11,0.0057066553102946846,0.0049130899727266673,7.5331611373974781e-08,1.0388932895795331e-08,1.7276284764964103e-05,2.7597979047503795e-12,1.8475367277589919e-07,6.6952066858591376e-09
2.8272872367344044e-07,0.11640260799999998,0.8585084662769803,0.0,0.0,0.32690618662848869,0.1129207659316518,0.020352764425613797,8.546274993850314e-26,5.4185133111067928e-08,1.2552935597222913e-05,7.3229512750699796e-16,2.6627610841051008e-09,2.5557109337298011e-09,4.2875741954305888e-05,9.2200353003914448e-14,2.2474992301647754e-08,3.1955202701671712e-10,1.5163871259827013e-10,1.230672070669382e-14,2.3871894637639924e-19,1.8421641416793258e-09,1.9890847775743888e-11,0.0057062330982132524,0.0049375237993223688,7.5788813556098069e-08,1.0483514050926839e-08,1.7346081801705806e-05,2.8144742018090519e-12,1.8731703163444956e-07,6.7572850637870399e-09
2.842349076072847e-07,0.11640260799999998,0.8585084662769803,0.0,0.0,0.32688212037878023,0.11292076648041062,0.020340555952218304,8.9977337451328568e-26,5.5291054079232335e-08,1.2725086708296722e-05,7.5724926972717439e-16,2.7294402709146411e-09,2.5936225401060525e-09,4.3296472608170095e-05,9.5956426024509203e-14,2.2618903914643472e-08,3.2753702553663086e-10,1.5486245556534282e-10,1.2675969986238097e-14,2.4966276607328081e-19,1.8660214523612956e-09,2.0499087847783972e-11,0.0057058111072813009,0.0049619393557704984,7.6246366914549226e-08,1.057833935613571e-08,1.7415636020052673e-05,2.8698812710888617e-12,1.8989457142503952e-07,6.8195591220373249e-09
2.857410915411289e-07,0.11640260799999998,0.8585084662769803,0.0,0.0,0.32685807238480791,0.11292076508660728,0.020328356596612869,9.4705647525190236e-26,5.6412213712824376e-08,1.2898189210305094e-05,7.8292717976617305e-16,2.7974183643925613e-09,2.6318821464655826e-09,4.3718920873991581e-05,9.9843758250164415e-14,2.2762413457594884e-08,3.3567572450042831e-10,1.5813485485485841e-10,1.3054167003232714e-14,2.6104430085248836e-19,1.8900348628860643e-09,2.1122485519680886e-11,0.0057053893374260523,0.0049863366602139556,7.670426677529538e-08,1.0673408265604199e-08,1.7484950729814551e-05,2.9260243572394853e-12,1.9248622083190208e-07,6.8820275745150795e-09
2.8724727547497314e-07,0.11640260799999998,0.8585084662769803,0.0,0.0,0.32683404262538512,0.11292076175588672,0.020316166349682686,9.965660234204437e-26,5.7548725797529817e-08,1.3072238665582993e-05,8.0934601961053479e-16,2.8667132338782885e-09,2.6704908322210888e-09,4.4143081142800203e-05,1.0386616956597821e-13,2.2905524260689302e-08,3.4397017021711659e-10,1.6145635090019538e-10,1.3441476074968189e-14,2.728784865152922e-19,1.9142041121332216e-09,2.1761331757705791e-11,0.0057049677885755521,0.0050107157307704301,7.7162508472468271e-08,1.0768720219585167e-08,1.755402914782887e-05,2.9829087148993694e-12,1.9509190920338531e-07,6.94468913637196e-09
2.8875345940881737e-07,0.11640260799999998,0.8585084662769803,0.0,0.0,0.32681003107943885,0.11292075649390196,0.020303985202325393,1.0483944534616704e-25,5.870070439346149e-08,1.3247230676280271e-05,8.3652326279539541e-16,2.9373428839705667e-09,2.7094496696246246e-09,4.4568947796312087e-05,1.0802756819758367e-13,2.3048239714982128e-08,3.5242242285184892e-10,1.6482738549982817e-10,1.3838063528967756e-14,2.8518067963896278e-19,1.9385289342082379e-09,2.2415921391027381e-11,0.0057045464606587859,0.0050350765855324761,7.7621087348564012e-08,1.086427464448722e-08,1.7622874400429414e-05,3.0405396085285892e-12,1.9771156653395697e-07,7.0075425240224809e-09
2.902596433426616e-07,0.11640260799999998,0.8585084662769803,0.0,0.0,0.32678603772600828,0.11292074930631375,0.020291813145451032,1.1026375090273291e-25,5.986826383203225e-08,1.3423160883218118e-05,8.6447669820466973e-16,3.0093254544413207e-09,2.7487597237746889e-09,4.499651520703782e-05,1.1233195219876537e-13,2.3190563268013674e-08,3.6103455638699589e-10,1.6824840180401985e-10,1.4244097713509892e-14,2.9796666685382647e-19,1.9630090584885625e-09,2.3086553137782701e-11,0.0057041253536058226,0.0050594192425675649,7.8079998754623679e-08,1.0960070952948746e-08,1.7691489525887779e-05,3.0989223122371747e-12,2.0034512344640477e-07,7.070586455160414e-09
2.9176582727650583e-07,0.11640260799999998,0.8585084662769803,0.0,0.0,0.32676206254424095,0.11292074019879056,0.020279650169982063,1.1593943418633384e-25,6.1051518712753656e-08,1.3600024964761002e-05,8.932244338913577e-16,3.0826792201417562e-09,2.7884220526234137e-09,4.542577773839168e-05,1.1678341095353638e-13,2.3332498419603281e-08,3.6980865858225013e-10,1.7171984430138105e-10,1.4659749008070866e-14,3.1125267426417941e-19,1.9876442096694221e-09,2.3773529631074527e-11,0.0057037044673479082,0.0050837437199181459,7.853923805044321e-08,1.1056108543910826e-08,1.7759877476824326e-05,3.1580621095829843e-12,2.0299251117425394e-07,7.1338196487753582e-09
2.9327201121035007e-07,0.11640260799999998,0.8585084662769803,0.0,0.0,0.32673810551339094,0.11292072917700818,0.020267496266853275,1.2187676130331811e-25,6.2250583899970867e-08,1.377781863570544e-05,9.2278490091781194e-16,3.1574225909007515e-09,2.8284377069838345e-09,4.5856729744801787e-05,1.2138612669266284e-13,2.3474048717815786e-08,3.7874683093377282e-10,1.7524215880531461e-10,1.5085189833686377e-14,3.2505537701415918e-19,2.0124341078093136e-09,2.4477157444893537e-11,0.0057032838018175585,0.0051080500356017067,7.8998800604746684e-08,1.1152386802795509e-08,1.7828041122585913e-05,3.2179642934048742e-12,2.0565366154442522e-07,7.1972408251693496e-09
2.947781951441943e-07,0.11640260799999998,0.8585084662769803,0.0,0.0,0.3267141666128161,0.1129207162466497,0.020255351427011795,1.2808635965187904e-25,6.3465574519542518e-08,1.3956537646186606e-05,9.5317685721582964e-16,3.2335741114155521e-09,2.8688077305372622e-09,4.6289365571821225e-05,1.2614437602462279e-13,2.3615217755095531e-08,3.8785118863238795e-10,1.7881579244035972e-10,1.5520594663231288e-14,3.3939190899968331e-19,2.0373784683752203e-09,2.519774711996336e-11,0.0057028633569486311,0.0051323382076108263,7.9458681795322067e-08,1.1248905101664686e-08,1.7895983251588107e-05,3.2786341656602941e-12,2.0832850696015197e-07,7.2608487059735603e-09
2.9628437907803853e-07,0.11640260799999998,0.8585084662769803,0.0,0.0,0.32669024582197614,0.11292070141340516,0.020243215641417074,1.3457922852386851e-25,6.4696605955464636e-08,1.4136177780603899e-05,9.8441939146640766e-16,3.3111524611348052e-09,2.9095331598407446e-09,4.672367955623994e-05,1.3106253148098448e-13,2.3756009164562981e-08,3.9712386052082859e-10,1.8244119362842594e-10,1.5966140031616789e-14,3.5427987272756263e-19,2.0624770022875336e-09,2.5935613189506853e-11,0.0057024431326764,0.0051566082539132386,7.9918877009221032e-08,1.1345662799342644e-08,1.7963706573619906e-05,3.3400770372031439e-12,2.110169803841734e-07,7.324642014165082e-09
2.9779056301188276e-07,0.11640260799999998,0.8585084662769803,0.0,0.0,0.32666634312042953,0.11292068468297153,0.02023108890104082,1.4136674995234167e-25,6.5943793846448787e-08,1.4316734856566221e-05,1.0165319269990231e-15,3.3901764541339555e-09,2.9506150243346171e-09,4.7159666026197437e-05,1.3614506307618876e-13,2.3896426616469095e-08,4.0656698905004191e-10,1.8611881207493919e-10,1.6422004545903907e-14,3.6973734932289103e-19,2.0877294159647256e-09,2.6691074204931686e-11,0.0057020231289375981,0.0051808601924518867,8.0379381642917542e-08,1.1442659241666672e-08,1.8031213722108896e-05,3.4022982276169918e-12,2.137190153222195e-07,7.388619474083775e-09
2.99296746945727e-07,0.11640260799999998,0.8585084662769803,0.0,0.0,0.3266424584878318,0.11292066606105249,0.020218971196866997,1.4846069980886562e-25,6.7207254082465178e-08,1.4498204723857776e-05,1.049534225710272e-15,3.4706650389830511e-09,2.9920543463501606e-09,4.759731930129617e-05,1.413965398817161e-13,2.4036473814802761e-08,4.1618273023455809e-10,1.8984909875491747e-10,1.6888368895332592e-14,3.8578290868579675e-19,2.1131354113677423e-09,2.746445276143368e-11,0.0057016033456704675,0.0052050940411449767,8.0840191102390566e-08,1.1539893761718771e-08,1.8098507256345284e-05,3.4653030650757903e-12,2.1643454580680043e-07,7.4527798114491391e-09
3.008029308795712e-07,0.11640260799999998,0.8585084662769803,0.0,0.0,0.32661859190393316,0.11292064555335832,0.020206862519891816,1.558732591546545e-25,6.8487102801245029e-08,1.4680583263425015e-05,1.0834463920017221e-15,3.5526372986069573e-09,3.0338521411173385e-09,4.8036633692715542e-05,1.4682163161461758e-13,2.4176154494046469e-08,4.2597325360692947e-10,1.9363250589895624e-10,1.7365415861265587e-14,4.024356197986375e-19,2.1386946860441487e-09,2.8256075523515838e-11,0.0057011837828147942,0.0052293098178860442,8.1301300803317469e-08,1.1637365679972178e-08,1.816558966366379e-05,3.5290968860944976e-12,2.1916350638131141e-07,7.5171217533772415e-09
3.0230911481341545e-07,0.11640260799999998,0.8585084662769803,0.0,0.0,0.32659474334857591,0.11292062316560565,0.020194762861123653,1.6361702584962766e-25,6.9783456384751412e-08,1.4863866386385287e-05,1.118288876736816e-15,3.6361124501380458e-09,3.0760094167726352e-09,4.8477603503326411e-05,1.5242511024038697e-13,2.4315472416075578e-08,4.3594074217124569e-10,1.9746948697914627e-10,1.7853330327046119e-14,4.19715061184705e-19,2.1644069331720248e-09,2.9066273250421647e-11,0.0057007644403119333,0.0052535075405439951,8.1762706171234005e-08,1.1735074304594463e-08,1.8232463361581737e-05,3.5936850353565842e-12,2.219058320844638e-07,7.5816440283976517e-09
3.038152987472597e-07,0.11640260799999998,0.8585084662769803,0.0,0.0,0.32657091280169259,0.11292059890351747,0.020182672211583073,1.7170502642352162e-25,7.1096431455633414e-08,1.5048050033057611e-05,1.15408248121667e-15,3.7211098447613611e-09,3.1185271743669921e-09,4.8920223027806312e-05,1.5821185159014948e-13,2.4454431367196532e-08,4.4608739235573088e-10,2.0136049669495266e-10,1.8352299287768735e-14,4.3764133151950628e-19,2.1902718416036212e-09,2.9895380821480702e-11,0.0057003453181048349,0.0052776872269631762,8.2224402641553684e-08,1.1833018931746944e-08,1.8299130699892463e-05,3.6590728656193709e-12,2.2466145843504959e-07,7.6463453664704228e-09
3.053214826811039e-07,0.11640260799999998,0.8585084662769803,0.0,0.0,0.32654710024330424,0.11292057277282296,0.020170590562302793,1.8015072821322013e-25,7.2426144873652462e-08,1.5233130172015926e-05,1.1908483611746033e-15,3.8076489675523125e-09,3.161406407873832e-09,4.9364486552754802e-05,1.6418683699214139e-13,2.459303515531948e-08,4.5641541396442784e-10,2.0530599095901716e-10,1.8862511859962337e-14,4.5623506039567863e-19,2.2162890959087719e-09,3.0743737261365021e-11,0.0056999264161380564,0.0053018488949634181,8.2686385659754145e-08,1.193119884573119e-08,1.8365593962713765e-05,3.7252657374286863e-12,2.2743032141704675e-07,7.7112244990030562e-09
3.0682766661494815e-07,0.11640260799999998,0.8585084662769803,0.0,0.0,0.3265233056535175,0.11292054477925724,0.020158517904327648,1.8896805177049691e-25,7.3772713732086327e-08,1.5419102799165132e-05,1.2286080307892477e-15,3.8957494373069186e-09,3.2046481041971805e-09,4.9810388356809506e-05,1.7035515491745106e-13,2.4731287607260899e-08,4.6692703012797638e-10,2.0930642688290859e-10,1.9384159291184701e-14,4.7551741924258506e-19,2.2424583764180755e-09,3.1611685765254283e-11,0.0056995077343577729,0.0053259925623400954,8.3148650681562202e-08,1.2029613319323955e-08,1.8431855370490191e-05,3.7922690189248118e-12,2.3021235746507045e-07,7.7762801588674742e-09
3.083338505487924e-07,0.11640260799999998,0.8585084662769803,0.0,0.0,0.32649952901252333,0.11292051492856142,0.020146454228714548,1.9817138354439727e-25,7.5136255354135201e-08,1.5605963936840108e-05,1.2673833667160591e-15,3.9854310063646327e-09,3.2482532431798835e-09,5.0257922710762387e-05,1.7672200263999271e-13,2.4869192566171715e-08,4.7762447725349231e-10,2.1336226276286574e-10,1.9917434969527672e-14,4.9551013240162683e-19,2.2687793592658546e-09,3.2499573723908402e-11,0.0056990892727117777,0.0053501182468641863,8.3611193172896053e-08,1.2128261614146875e-08,1.849791708194869e-05,3.8600880858250155e-12,2.3300750345017436e-07,7.8415110804169817e-09
3.098400344826366e-07,0.11640260799999998,0.8585084662769803,0.0,0.0,0.32647577030059483,0.11292048322648233,0.020134399526532495,2.0777558884251384e-25,7.6516887289309513e-08,1.5793709632927754e-05,1.3071966121370828e-15,4.0767135604237673e-09,3.2922227976119148e-09,5.0707083877676276e-05,1.8329268791068021e-13,2.5006753889086602e-08,4.8851000497354937e-10,2.1747395806547618e-10,2.0462534433032235e-14,5.1623548835830767e-19,2.2952517164328809e-09,3.340775274864559e-11,0.0056986710311494925,0.0053742259662823127,8.4074008610037488e-08,1.2227142980791455e-08,1.8563781196007921e-05,3.9287283210948995e-12,2.3581569666600454e-07,7.906915999503229e-09
3.1134621841648084e-07,0.11640260799999998,0.8585084662769803,0.0,0.0,0.32645202949808505,0.11292044967877264,0.020122353788862537,2.1779602507544595e-25,7.7914727309800774e-08,1.5982335960012255e-05,1.3480703808287912e-15,4.1696171183496087e-09,3.3365577332387876e-09,5.1157866113001724e-05,1.9007263064576599e-13,2.514397544459042e-08,4.9958587609427636e-10,2.216419734133073e-10,2.1019655379012706e-14,5.3771635113206386e-19,2.3218751157888893e-09,3.4336578696224373e-11,0.0056982530096219555,0.0053983157383168051,8.4537092479876366e-08,1.2326256659161458e-08,1.8629449753640764e-05,3.9981951146995012e-12,2.3863687481530872e-07,7.9724936534931287e-09
3.128524023503251e-07,0.11640260799999998,0.8585084662769803,0.0,0.0,0.32642830658542565,0.11292041429119042,0.020110317006797732,2.2824855528875917e-25,7.932989340687199e-08,1.6171839014543515e-05,1.3900276612478394e-15,4.26416183197517e-09,3.3812590087700452e-09,5.1610263664694138e-05,1.9706736462931063e-13,2.5280861110597365e-08,5.1085436654256989e-10,2.2586677057056709e-10,2.1588997673289277e-14,5.5997617182487465e-19,2.3486492211348637e-09,3.5286411693627809e-11,0.0056978352080818157,0.0054223875806657567,8.5000440279758255e-08,1.2425601878924439e-08,1.8694924739689118e-05,4.0684938637102625e-12,2.4147097599680097e-07,8.0382427812857618e-09
3.143585862841693e-07,0.11640260799999998,0.8585084662769803,0.0,0.0,0.32640460154312495,0.11292037706949928,0.020098289171443139,2.3914956198679584e-25,8.0762503787239664e-08,1.6362214916028598e-05,1.4330918206345633e-15,4.3603679858946735e-09,3.4263275758878574e-09,5.2064270773330815e-05,2.0428253922974509e-13,2.541741477223898e-08,5.2231776531243127e-10,2.3014881242870955e-10,2.2170763359328244e-14,5.8303900032965722e-19,2.3755736922451216e-09,3.6257616162748341e-11,0.0056974176264833346,0.0054464415110030591,8.546404751762484e-08,1.2525177859597483e-08,1.8760208084632617e-05,4.1396299719335568e-12,2.4431793869238288e-07,8.1041621233292309e-09
3.1586477021801354e-07,0.11640260799999998,0.8585084662769803,0.0,0.0,0.32638091435176558,0.11292033801946821,0.020086270273915775,2.5051596125271321e-25,8.2212676869437193e-08,1.6553459806246286e-05,1.4772866091340492e-15,4.4582559972497839e-09,3.4717643792557133e-09,5.2519881672228555e-05,2.1172392113048438e-13,2.5553640319857021e-08,5.339783744104342e-10,2.3448856299198629e-10,2.2765156667289035e-14,6.0692949719943272e-19,2.4026481849091725e-09,3.7250560844971465e-11,0.0056970002647823547,0.0054704775469784786,8.5927909712366092e-08,1.2624983810865304e-08,1.8825301666310703e-05,4.2116088495450206e-12,2.4717770175471794e-07,8.1702504216374898e-09
3.1737095415185777e-07,0.11640260799999998,0.8585084662769803,0.0,0.0,0.32635724499200386,0.11292029714687145,0.020074260305344635,2.6236521716915956e-25,8.3680531280215902e-08,1.674556984848446e-05,1.5226361639346082e-15,4.5578464155086216e-09,3.5175703565271916e-09,5.2977090587560956e-05,2.1939739607455381e-13,2.5689541647097222e-08,5.4583850880032841e-10,2.3888648736306982e-10,2.3372384022977454e-14,6.3167294567825091e-19,2.4298723509733773e-09,3.8265618825656827e-11,0.0056965831229363086,0.0054944957062176879,8.6392022393556002e-08,1.2725018933135165e-08,1.8890207311597197e-05,4.2844359133856971e-12,2.5005020439516119e-07,8.2365064198071221e-09
3.18877138085702e-07,0.11640260799999998,0.8585084662769803,0.0,0.0,0.32633359344456725,0.11292025445748839,0.0200622592568706,2.7471535654402219e-25,8.5166185850948813e-08,1.6938541226800112e-05,1.5691650134234778e-15,4.6591599222375723e-09,3.5637464383548417e-09,5.3435891738476002e-05,2.273089706231817e-13,2.5825122649100304e-08,5.5790049634678532e-10,2.4334305172863103e-10,2.3992654056704397e-14,6.5729526389484323e-19,2.4572458383823884e-09,3.9303167558514956e-11,0.0056961662009041821,0.0055184960063223336,8.6856381101522973e-08,1.2825282417572213e-08,1.8954926798029745e-05,4.3581165865682801e-12,2.5293538617203835e-07,8.3029288630340582e-09
3.2038332201954623e-07,0.11640260799999998,0.8585084662769803,0.0,0.0,0.32630995969025312,0.11292020995710346,0.020050267119646466,2.8758498394571834e-25,8.6669759614006064e-08,1.7132370145301828e-05,1.6168980813595784e-15,4.7622173308659804e-09,3.6102935483991485e-09,5.38962793372137e-05,2.3546477392831493e-13,2.5960387220786483e-08,5.7016667775829226e-10,2.4785872334484118e-10,2.4626177612049237e-14,6.8382301721996585e-19,2.484768291220399e-09,4.0363588889878014e-11,0.0056957494986465095,0.0055424784648700721,8.7320981387879179e-08,1.2925773446349251e-08,1.9019461855393874e-05,4.4326562978883037e-12,2.5583318697927364e-07,8.3695164981302488e-09
3.2188950595339046e-07,0.11640260799999998,0.8585084662769803,0.0,0.0,0.32628634370992726,0.11292016365150603,0.020038283884836923,3.0099329705251831e-25,8.8191371799185917e-08,1.7327052827454503e-05,1.6658606910631501e-15,4.8670395864437018e-09,3.6572126033375898e-09,5.4358247589223649e-05,2.4387105951900966e-13,2.6095339255229846e-08,5.8263940652920353e-10,2.5243397052299288e-10,2.5273167754527375e-14,7.1128343078838646e-19,2.5124393497521699e-09,4.1447269082863157e-11,0.0056953330161253523,0.0055664430994146318,8.7785818815130832e-08,1.3026491193336815e-08,1.9083814167260462e-05,4.5080604823912707e-12,2.5874354703536167e-07,8.4362680735402753e-09
3.233956898872347e-07,0.11640260799999998,0.8585084662769803,0.0,0.0,0.326262745484522,0.11292011554649045,0.020026309543618472,3.1496010232042929e-25,8.9731141830165272e-08,1.752258551540584e-05,1.7160785696220908e-15,4.9736477653915579e-09,3.7045045128737919e-09,5.4821790693282566e-05,2.5253420710164751e-13,2.6229982642119238e-08,5.953210488809488e-10,2.570692626150953e-10,2.5933839780161069e-14,7.3970440218645491e-19,2.5402586504638635e-09,4.2554598841426688e-11,0.0056949167533042787,0.0055903899274858584,8.8250888956608654e-08,1.3127434824088803e-08,1.9147985372479506e-05,4.5843345810189449e-12,2.6166640687267986e-07,8.5031823393578726e-09
3.2490187382107893e-07,0.11640260799999998,0.8585084662769803,0.0,0.0,0.32623916499503519,0.11292006564785569,0.020014344087179465,3.2950583097418617e-25,9.1289189320900313e-08,1.7718964469334531e-05,1.7675778521148158e-15,5.0820630752447821e-09,3.7521701797467688e-09,5.5286902841611929e-05,2.6146072437392731e-13,2.6364321266302093e-08,6.0821398370241354e-10,2.6176506999934382e-10,2.6608411223953075e-14,7.6911451430618671e-19,2.568225826103673e-09,4.3685973334307502e-11,0.0056945007101483376,0.0056143189665897666,8.8716187397269307e-08,1.3228603495961041e-08,1.9211977066630921e-05,4.6614840396253985e-12,2.6460170732713685e-07,8.5702580473424411e-09
3.2640805775492316e-07,0.11640260799999998,0.8585084662769803,0.0,0.0,0.32621560222252838,0.11292001396140548,0.020002387506720055,3.4465155532593115e-25,9.2865634072100558e-08,1.791618596681963e-05,1.8203850858494668e-15,5.1923068543894418e-09,3.8002104997402622e-09,5.575357821999543e-05,2.7065724885257862e-13,2.6498359006408048e-08,6.2132060248948811e-10,2.6652186406576739e-10,2.7297101868262266e-14,7.9954304836678211e-19,2.5963405057222484e-09,4.4841792218858468e-11,0.0056940848866240462,0.0056382302342085902,8.9181709733182336e-08,1.3329996358977691e-08,1.9275790803429733e-05,4.7395143099063961e-12,2.6754938952815203e-07,8.6374939509354099e-09
3.279142416887674e-07,0.11640260799999998,0.8585084662769803,0.0,0.0,0.32619205714812582,0.11291996049294813,0.019990439793452181,3.6041900542618482e-25,9.4460596067748837e-08,1.8114246302230757e-05,1.8745272346192794e-15,5.3044005717918559e-09,3.848626361692161e-09,5.62218110078963e-05,2.801305497147427e-13,2.6632099733549112e-08,6.3464330928380226e-10,2.7134011720188444e-10,2.8000133751080683e-14,8.3101999710448557e-19,2.6246023147129206e-09,4.6022459664763813e-11,0.0056936692826993571,0.0056621237478008297,8.9647451571200748e-08,1.3431612555787828e-08,1.9339428096089626e-05,4.8184308492258839e-12,2.7050939488896021e-07,8.7048888052765969e-09
3.294204256226116e-07,0.11640260799999998,0.8585084662769803,0.0,0.0,0.32616852975301297,0.11291990524829633,0.019978500938599545,3.7683058605174317e-25,9.6074195471536396e-08,1.8313141786138879e-05,1.9300316829739335e-15,5.4183658267210929e-09,3.8974186475040284e-09,5.6691595378574678e-05,2.8988752965296478e-13,2.6765547310093158e-08,6.4818452061064221e-10,2.7622030277815122e-10,2.8717731174211387e-14,8.6357607813168627e-19,2.653010874851727e-09,4.7228384377641307e-11,0.0056932538983436439,0.0056859995248013037,9.0113408530158549e-08,1.353345122156344e-08,1.9402890418646711e-05,4.8982391189733255e-12,2.7348166509723704e-07,8.7724413672204445e-09
3.3092660955645585e-07,0.11640260799999998,0.8585084662769803,0.0,0.0,0.32614502001843476,0.1129198482332673,0.019966570933397564,3.9390939403515656e-25,9.7706552623385285e-08,1.8512868744747118e-05,1.9869262405067027e-15,5.5342243484646135e-09,3.9465882321506988e-09,5.7162925499204847e-05,2.9993522674373778e-13,2.6898705588507964e-08,6.6194666541606193e-10,2.8116289513365239e-10,2.9450120711346436e-14,8.972427474661405e-19,2.6815658043372361e-09,4.8459979622527561e-11,0.0056928387335276748,0.0057098575826211957,9.057957624027133e-08,1.3635511485088829e-08,1.9466179207238814e-05,4.9789445859343285e-12,2.7646614210603822e-07,8.840150395352183e-09
3.324327934903001e-07,0.11640260799999998,0.8585084662769803,0.0,0.0,0.32612152792569504,0.11291978945368246,0.019954649769093377,4.1167923594047684e-25,9.9357788036060264e-08,1.8713423519341269e-05,2.045239146157217e-15,5.6519979960369323e-09,3.9961359836899804e-09,5.763579553099206e-05,3.1028081632953905e-13,2.7031578410272542e-08,6.7593218500319372e-10,2.8616836956186454e-10,3.0197531216044361e-14,9.3205221323119768e-19,2.7102667178301699e-09,4.9717663247244963e-11,0.005692423788223583,0.0057336979386481048,9.1045950342353523e-08,1.373779246874192e-08,1.9529295861345364e-05,5.0605527225715874e-12,2.7946276812504665e-07,8.9080146500039175e-09
3.339389774241443e-07,0.11640260799999998,0.8585084662769803,0.0,0.0,0.32609805345615511,0.11291972891536751,0.019942737436945825,4.3016464608998158e-25,1.0102802239164518e-07,1.8914802465759575e-05,2.1049990725296539e-15,5.7717087578815284e-09,4.0460627632724401e-09,5.8110199629289564e-05,3.2093161291429652e-13,2.7164169604853319e-08,6.9014353296776508e-10,2.9123720229608759e-10,3.096019382960661e-14,9.6803744952788249e-19,2.739113226492833e-09,5.1001857705648766e-11,0.0056920090624048535,0.0057575206102460919,9.1512526489563399e-08,1.3840293288046844e-08,1.9592241744991265e-05,5.1430690043411396e-12,2.824714856121226e-07,8.9760328932706601e-09
3.3544516135798855e-07,0.11640260799999998,0.8585084662769803,0.0,0.0,0.3260745965912325,0.11291966662415219,0.019930833928225398,4.4939090494661041e-25,1.0271737653810919e-07,1.9117001953881345e-05,2.1662351302261668e-15,5.8933787515660094e-09,4.096369425151282e-09,5.8586131943715459e-05,3.3189507207222104e-13,2.7296482988742062e-08,7.0458317513282581e-10,2.9636987049517846e-10,3.173834198885238e-14,1.0052322104796908e-18,2.7681049380283295e-09,5.2312990080752756e-11,0.0056915945560462909,0.0057813256147557302,9.197930034682252e-08,1.3943013053030013e-08,1.9655018187907927e-05,5.2264989115232651e-12,2.8549223726514727e-07,9.044203889026207e-09
3.369513452918328e-07,0.11640260799999998,0.8585084662769803,0.0,0.0,0.32605115731239953,0.11291960258587032,0.019918939234214252,4.6938405785687273e-25,1.0442597148603486e-07,1.932001836713397e-05,2.2289768721953718e-15,6.0170302234703763e-09,4.1470568166923027e-09,5.9063586618268847e-05,3.4317879236993848e-13,2.7428522364553177e-08,7.192535894826968e-10,3.0156685222948155e-10,3.2532211433791034e-14,1.0436710444509386e-18,2.7972414567195982e-09,5.3651492107732176e-11,0.0056911802691239927,0.005805112969494145,9.2446267589280856e-08,1.4045950868331976e-08,1.9717626486656383e-05,5.3108479304505618e-12,2.8852496601415689e-07,9.1125264029389593e-09
3.38457529225677e-07,0.11640260799999998,0.8585084662769803,0.0,0.0,0.32602773560118259,0.11291953680635963,0.019907053346206138,4.9017093415901082e-25,1.0615392840514284e-07,1.9523848102017836e-05,2.2932542980956996e-15,6.1426855484686445e-09,4.1981257783839534e-09,5.9542557791446346e-05,3.5479051730185443e-13,2.7560291520177571e-08,7.3415726609614066e-10,3.0682862646623915e-10,3.3342040215191876e-14,1.0833893084394793e-18,2.8265223834682336e-09,5.5017800196802298e-11,0.005690766201615338,0.0058288826917550756,9.2913423904776843e-08,1.4149105832245852e-08,1.9780067905719493e-05,5.3961215492606846e-12,2.9156961501375707e-07,9.1809992024876987e-09
3.3996371315952124e-07,0.11640260799999998,0.8585084662769803,0.0,0.0,0.32600433143916119,0.11291946929146167,0.019895176255506436,5.1177916666122714e-25,1.079013686208847e-07,1.9728487567648878e-05,2.3590978586734097e-15,6.2703672296038872e-09,4.2495771438474687e-09,6.0023039596358504e-05,3.6673813723868201e-13,2.769179422799088e-08,7.4929670707876619e-10,3.1215567305535039e-10,3.4168068702050463e-14,1.1244231826446184e-18,2.8559473158331111e-09,5.6412355455971265e-11,0.0056903523534989507,0.0058526347988089094,9.3380764993500189e-08,1.425247703836404e-08,1.9842343678552736e-05,5.4823252600561032e-12,2.9462612763581328e-07,9.2496210569772148e-09
3.414698970933655e-07,0.11640260799999998,0.8585084662769803,0.0,0.0,0.32598094480796652,0.11291940004702175,0.019883307953432093,5.3423721149480292e-25,1.0966841361131478e-07,1.9933933185318021e-05,2.4265384601551051e-15,6.4000978977564447e-09,4.3014117398470996e-09,6.0505026160845162e-05,3.7902969138906096e-13,2.7823034244113424e-08,7.6467442649467108e-10,3.1754847271553724e-10,3.5010539588950909e-14,1.1668096852110109e-18,2.8855158480688154e-09,5.7835603713665692e-11,0.0056899387247546784,0.0058763693079027348,9.3848286565265425e-08,1.435606357600541e-08,1.9904455008597932e-05,5.569464561909329e-12,2.9769444746241005e-07,9.3183907375537946e-09
3.429760810272097e-07,0.11640260799999998,0.8585084662769803,0.0,0.0,0.32595757568928063,0.11291932907888885,0.019871448431311604,5.5757436834696774e-25,1.1145518500367387e-07,2.0140181388067313e-05,2.4956074686545216e-15,6.5319003113055579e-09,4.3536303863004193e-09,6.0988511607591347e-05,3.9167336977419562e-13,2.795401530771964e-08,7.8029295029732853e-10,3.2300750701973637e-10,3.5869697903323929e-14,1.2105866871493421e-18,2.9152275711638744e-09,5.9287995541227721e-11,0.0056895253153635755,0.0059000862362603868,9.4315984342839766e-08,1.4459864528520918e-08,1.9966403070272107e-05,5.6575449543908316e-12,3.0077451827907029e-07,9.3873070172207756e-09
3.4448226496105394e-07,0.11640260799999998,0.8585084662769803,0.0,0.0,0.32593422406483569,0.1129192563929155,0.019859597680485022,5.8182080107839085e-25,1.132618045709762e-07,2.0347228620282285e-05,2.5663367145934235e-15,6.665797355784679e-09,4.4062338962887284e-09,6.1473490054243156e-05,4.0467751521543566e-13,2.8084741140394923e-08,7.9615481625972559e-10,3.2853325838083024e-10,3.6745791012599587e-14,1.2557929274345595e-18,2.9450820728787683e-09,6.0769986275281991e-11,0.0056891121253078679,0.0059237856010824911,9.4783854062271755e-08,1.4563878975205963e-08,2.0028189009916796e-05,5.746571939616702e-12,3.0386628406822877e-07,9.4563686708538532e-09
3.4598844889489817e-07,0.11640260799999998,0.8585084662769803,0.0,0.0,0.32591088991641254,0.11291918199495775,0.0198477556923039,6.0700755873019608e-25,1.1508839422905375e-07,2.0555071337299839e-05,2.6387584971363953e-15,6.8018120435299487e-09,4.4592230760675303e-09,6.1959955613522294e-05,4.1805062533472535e-13,2.8215215445537481e-08,8.1226257390375949e-10,3.3412621003813958e-10,3.7639068631254784e-14,1.3024680282824219e-18,2.975078937783777e-09,6.2282036039971115e-11,0.0056886991545709378,0.0059474674195465135,9.5251891468353038e-08,1.4668105992342738e-08,2.0089813946709485e-05,5.8365510283563092e-12,3.0696968900295512e-07,9.5255744752163077e-09
3.474946328287424e-07,0.11640260799999998,0.8585084662769803,0.0,0.0,0.32588757322584005,0.11291910589087495,0.019835922458131282,6.3316659692542019e-25,1.1693507603322265e-07,2.0763706005031476e-05,2.7129055886393484e-15,6.9399675133221656e-09,4.5125987250771051e-09,6.2447902393341075e-05,4.3180135456783822e-13,2.8345441907803314e-08,8.2861878442889966e-10,3.3978684604280492e-10,3.8549782827754492e-14,1.3506525106051083e-18,3.0052177472965924e-09,6.3824609769058557e-11,0.005688286403137302,0.0059711317088068042,9.5720092318888756e-08,1.4772544650505921e-08,2.0151278973557631e-05,5.9274877305880999e-12,3.1008467744091517e-07,9.5949232089742309e-09
3.4900081676258663e-07,0.11640260799999998,0.8585084662769803,0.0,0.0,0.32586427397499484,0.1129190280865298,0.019824097969341689,6.6033079966985207e-25,1.1880197217480947e-07,2.09731290996015e-05,2.7888112391115306e-15,7.0802870300227412e-09,4.5663616359531535e-09,6.2937324496917981e-05,4.4593851619032324e-13,2.8475424192592255e-08,8.45226020640118e-10,3.4551565124339745e-10,3.9478188031386633e-14,1.4003878096466342e-18,3.0354980797197461e-09,6.5398177227896908e-11,0.0056878738709925823,0.0059947784859946465,9.6188452386428619e-08,1.4877194016618286e-08,2.0212585157955598e-05,6.0193875564223248e-12,3.1321119391856686e-07,9.6644136527115957e-09
3.5050700069643086e-07,0.11640260799999998,0.8585084662769803,0.0,0.0,0.32584099214579909,0.1129189485877882,0.019812282217321082,6.8853400155722069e-25,1.2068920497839691e-07,2.1183337106999342e-05,2.8665091806908515e-15,7.22279398420281e-09,4.6205125945375373e-09,6.342821602289112e-05,4.6047108435607418e-13,2.8605165945573131e-08,8.620868668751026e-10,3.5131311127284485e-10,4.0424541038989806e-14,1.4517162907987837e-18,3.0659195102778369e-09,6.7003213035260901e-11,0.0056874615581234871,0.0060184077682182919,9.6656967451083005e-08,1.4982053156068618e-08,2.0273733542800623e-05,6.112256027324349e-12,3.1634918314558315e-07,9.7340445889451272e-09
3.520131846302751e-07,0.11640260799999998,0.8585084662769803,0.0,0.0,0.32581772772022111,0.11291886740051917,0.019800475193466876,7.1781101038370774e-25,1.2259689689861899e-07,2.1394326522745808e-05,2.9460336321323269e-15,7.3675118917658266e-09,4.6750523798891017e-09,6.3920571065432407e-05,4.7540819614844195e-13,2.8734670792246283e-08,8.7920391893074965e-10,3.5717971253384462e-10,4.1389101021573527e-14,1.5046812655982741e-18,3.0964816111545592e-09,6.8640196685043407e-11,0.0056870494645177884,0.0060420195725630205,9.7125633305614964e-08,1.5087121128718591e-08,2.0334725147199993e-05,6.2060986630201415e-12,3.1949858999949505e-07,9.8038148021393026e-09
3.535193685641193e-07,0.11640260799999998,0.8585084662769803,0.0,0.0,0.32579448068027383,0.11291878453059472,0.019788676889187864,7.4819763017678822e-25,1.2452517051654469e-07,2.160609385157321e-05,3.0274193033094324e-15,7.5144643935645575e-09,4.7299817642945669e-09,6.44143837143625e-05,4.9075915364380374e-13,2.8863942337541505e-08,8.9657978398895202e-10,3.6311594218419346e-10,4.2372129530830582e-14,1.5593270079058444e-18,3.1271839515295045e-09,7.0309612567813126e-11,0.0056866375901643016,0.0060656139160911735,9.7594445759783835e-08,1.519239699080632e-08,2.0395560967245458e-05,6.3009209792984226e-12,3.2265935952054744e-07,9.8737230787210706e-09
3.5502555249796356e-07,0.11640260799999998,0.8585084662769803,0.0,0.0,0.32577125100801385,0.11291869998388976,0.019776887295904235,7.7973068464342278e-25,1.2647414853714563e-07,2.1818635607118299e-05,3.1107013997281767e-15,7.6636752550112172e-09,4.7853015132795175e-09,6.4909648055263693e-05,5.0653342598750151e-13,2.8992984165449922e-08,9.1421708054168366e-10,3.6912228812427633e-10,4.3373890505540819e-14,1.6156987702679521e-18,3.1580260976148045e-09,7.2011949992232599e-11,0.0056862259350528611,0.0060891908158422015,9.8063400629462348e-08,1.5297879798813516e-08,2.0456241976739795e-05,6.3967285072567888e-12,3.2583143690676218e-07,9.9437682070944321e-09
3.565317364318078e-07,0.11640260799999998,0.8585084662769803,0.0,0.0,0.32574803868554147,0.11291861376628211,0.019765106405047559,8.1244804104263564e-25,1.284439537863068e-07,2.2031948311627504e-05,3.1959156270536886e-15,7.8151683656809811e-09,4.8410123856194642e-09,6.5406358169592391e-05,5.2274065148205918e-13,2.9121799838687899e-08,9.3211843831538833e-10,3.7519923898260815e-10,4.4394650277866115e-14,1.6738428004617375e-18,3.1890076126915421e-09,7.3747703206335592e-11,0.0056858144991743034,0.0061127502888327166,9.8532493742030587e-08,1.5403568603888015e-08,2.0516769127924528e-05,6.4935267762861668e-12,3.2901476750920205e-07,1.0013948977655163e-08
3.578873019722676e-07,0.11640260799999998,0.8585084662769803,0.0,0.0,0.32572716241462446,0.11291853474667363,0.019754511036778916,8.4293839732246012e-25,1.3023468740107937e-07,2.2224586039401e-05,3.2742903209342832e-15,7.9534833328420303e-09,4.8914872028912291e-09,6.5854628513855825e-05,5.3770543339879604e-13,2.92375435095555e-08,9.4845761511753686e-10,3.8072926638673027e-10,4.5329800102025349e-14,1.727726755605418e-18,3.2170097734667655e-09,7.533886409224413e-11,0.005685444394320927,0.0061339389286897902,9.895479230879739e-08,1.5498863868437183e-08,2.0571112785343527e-05,6.581496862946045e-12,3.3188934150364058e-07,1.0077226647108221e-08
3.592428675127274e-07,0.11640260799999998,0.8585084662769803,0.0,0.0,0.32570630016958141,0.1129184543826859,0.019743922704314437,8.7444870105514131e-25,1.3204248035826254e-07,2.2417842901874454e-05,3.3542861145884136e-15,8.0936839622596643e-09,4.9422799828914536e-09,6.6304060817131015e-05,5.5303612205001304e-13,2.9353109430098237e-08,9.6501475336501088e-10,3.8631723734811952e-10,4.628075416536444e-14,1.7831196791686983e-18,3.2451241446150395e-09,7.6957863435079178e-11,0.0056850744670342386,0.0061551134790088441,9.9377196464656626e-08,1.5594324525795131e-08,2.0625333237168318e-05,6.6702779599253436e-12,3.3477294682514844e-07,1.0140612329612542e-08
3.6059843305318723e-07,0.11640260799999998,0.8585084662769803,0.0,0.0,0.32568545193745019,0.11291837267860935,0.019733341401431244,9.0700882349498681e-25,1.3386742243645817e-07,2.2611716380561013e-05,3.4359300947070291e-15,8.2357879257848065e-09,4.993391264787781e-09,6.6754650756679885e-05,5.6874010360269743e-13,2.9468500152192207e-08,9.8179179316411648e-10,3.9196350953429973e-10,4.7247711620991452e-14,1.8400574206110213e-18,3.2733504018222774e-09,7.8605071887737269e-11,0.0056847047173095482,0.0061762739521476952,9.9799703191243802e-08,1.568994987998875e-08,2.0679431135474377e-05,6.7598741047966809e-12,3.3766554393500289e-07,1.0204105147562161e-08
3.6195399859364704e-07,0.11640260799999998,0.8585084662769803,0.0,0.0,0.32566461770529542,0.11291828963873607,0.019722767121913891,9.4064938263628294e-25,1.3570960348550592e-07,2.2806203961958628e-05,3.5192496874921972e-15,8.3798129757084892e-09,5.0448215833471942e-09,6.7206394007337953e-05,5.8482488048515845e-13,2.9583718213088808e-08,9.9879068179957769e-10,3.976684410549873e-10,4.8230873207363115e-14,1.898576524694563e-18,3.3016882189409325e-09,8.0280863396042839e-11,0.0056843351451427767,0.0061974203604492888,1.0022230948682712e-07,1.5785739229838747e-08,2.0733407119846163e-05,6.8502893158311851e-12,3.4056709338418649e-07,1.0267704224694019e-08
3.6330956413410686e-07,0.11640260799999998,0.8585084662769803,0.0,0.0,0.32564379746020827,0.11291820526735968,0.019712199859554334,9.7540175856415265e-25,1.3756911342518308e-07,2.3001303137409321e-05,3.6042726613640825e-15,8.5257769445106034e-09,5.0965714689427619e-09,6.7659286241580769e-05,6.0129807265443907e-13,2.9698766135295565e-08,1.0160133736879717e-09,4.0343239045537024e-10,4.9230441251687679e-14,1.958714241782856e-18,3.3301372680109291e-09,8.1985615210898875e-11,0.0056839657505304364,0.0062185527162417096,1.0064501235442706e-07,1.588169187866574e-08,2.0787261817710168e-05,6.9415276374923866e-12,3.4347755581110962e-07,1.0331408686094751e-08
3.645295731205207e-07,0.11640260799999998,0.8585084662769803,0.0,0.0,0.32562507118792433,0.11291812819823571,0.019702695317975603,1.0076560622636932e-24,1.3925756294635943e-07,2.3177413238619381e-05,3.6822729571903252e-15,8.6588170950367819e-09,5.1434200306126178e-09,6.8067868054821177e-05,6.1646243428473247e-13,2.9802165869586256e-08,1.0317067692042266e-09,4.0867070188516055e-10,5.0144248519498398e-14,2.0142534654920483e-18,3.3558362429892e-09,8.3544967377151741e-11,0.0056836334471859554,0.0062375598317367517,1.0102552502424475e-07,1.5968188307396854e-08,2.0835627854871141e-05,7.0243492414446596e-12,3.4610456012765563e-07,1.0388832082885023e-08
3.6574958210693454e-07,0.11640260799999998,0.8585084662769803,0.0,0.0,0.32560635622535561,0.11291805005720544,0.019693196450756848,1.0408609670830736e-24,1.4096018740620066e-07,2.3354014880548149e-05,3.7616964943541479e-15,8.7934553912273337e-09,5.1905282480965426e-09,6.8477373879659723e-05,6.3195340382382201e-13,2.9905431640663908e-08,1.0475844688916167e-09,4.1395737054124558e-10,5.1071659934389682e-14,2.0711626893770289e-18,3.3816248071556177e-09,8.5128365348466933e-11,0.0056833012876564837,0.006256555583639409,1.0140611131667943e-07,1.6054815927934564e-08,2.0883896589599422e-05,7.1078437720475326e-12,3.4873872356641348e-07,1.0446339497463193e-08
3.66847590194707e-07,0.11640260799999998,0.8585084662769803,0.0,0.0,0.325589522421116,0.11291797881638793,0.01968465231810982,1.0715784017832105e-24,1.4250472328439445e-07,2.3513375121909074e-05,3.8344118719499501e-15,8.9160071525204706e-09,5.233147961649276e-09,6.8846716540710146e-05,6.4617932170173443e-13,2.9998257790505225e-08,1.0620331682458938e-09,4.187569345049201e-10,5.1918086376791906e-14,2.1235760210339177e-18,3.404910913038689e-09,8.6574215656223268e-11,0.0056830024670406643,0.0062736420518829869,1.0174870013862426e-07,1.6132892533262762e-08,2.0927255615712748e-05,7.1835666378023223e-12,3.5111556813670974e-07,1.0498167480968749e-08
3.679455982824795e-07,0.11640260799999998,0.8585084662769803,0.0,0.0,0.32557269776335579,0.11291790671214882,0.019676112774756196,1.1031039294037074e-24,1.4406084198777916e-07,2.3673130713334381e-05,3.9083124973455384e-15,9.0398737087740268e-09,5.2759785754976449e-09,6.9216802787895333e-05,6.6067877923778034e-13,3.0090978205746487e-08,1.0766333723158652e-09,4.2359607160634472e-10,5.2775764989811056e-14,2.1771434977145168e-18,3.4282692117735127e-09,8.8039978451257372e-11,0.0056827037629131709,0.0062907193293940695,1.0209134525860704e-07,1.6211074619409822e-08,2.0970536489146467e-05,7.259839125235943e-12,3.5349816773696758e-07,1.0550062542276659e-08
3.6904360637025195e-07,0.11640260799999998,0.8585084662769803,0.0,0.0,0.32555588224527582,0.11291783374677342,0.019667577817414416,1.1354561597876563e-24,1.4562859145984332e-07,2.3833280332388542e-05,3.9834139668862136e-15,9.1650647276067663e-09,5.3190203610058178e-09,6.958763031616364e-05,6.7545611643682639e-13,3.0183594190959466e-08,1.091386136559297e-09,4.284749733818041e-10,5.3644807132176811e-14,2.2318866781269996e-18,3.4516995248560766e-09,8.952586222958066e-11,0.0056824051752734977,0.0063077874226888427,1.0243404510243653e-07,1.6289361808813114e-08,2.1013739516385446e-05,7.3366633632252806e-12,3.5588650164477848e-07,1.0602024219717952e-08
3.7003181364924715e-07,0.11640260799999998,0.8585084662769803,0.0,0.0,0.32554075608781874,0.1129177673435532,0.01965990027413728,1.1652956735786439e-24,1.4704954993829028e-07,2.3977750791613559e-05,4.0520450254153409e-15,9.2788770776751286e-09,5.3579387425035105e-09,6.9922006981107518e-05,6.8899693722230384e-13,3.0266860362936555e-08,1.1047949380471874e-09,4.3290014221653119e-10,5.4436753473039177e-14,2.2821788501048654e-18,3.4728482307739952e-09,9.0880534561541742e-11,0.0056821365459946548,0.0063231408595297101,1.0274252045601909e-07,1.6359909834294875e-08,2.1052555932099171e-05,7.4062787025835959e-12,3.5804088789423993e-07,1.0648846305123255e-08
3.7102002092824235e-07,0.11640260799999998,0.8585084662769803,0.0,0.0,0.32552563732306156,0.11291770024633078,0.01965222644048642,1.195834272216236e-24,1.4848000318194461e-07,2.4122538381946786e-05,4.1216731120502763e-15,9.3937771960719341e-09,5.3970285865157644e-09,7.0256980534355167e-05,7.0276963900598635e-13,3.0350043939808877e-08,1.1183289441790422e-09,4.3735781558339675e-10,5.523807718849647e-14,2.3334572522371907e-18,3.494054991975929e-09,9.2251828986211436e-11,0.0056818680110706865,0.006338486867169711,1.0305103772254224e-07,1.6430542418557836e-08,2.1091309754196897e-05,7.4763442727662958e-12,3.6019988711369837e-07,1.0695721640421507e-08
3.7200822820723755e-07,0.11640260799999998,0.8585084662769803,0.0,0.0,0.32551052594606883,0.11291763245677319,0.019644556314076137,1.2270862932281726e-24,1.4991998619467415e-07,2.426764214299e-05,4.1923099176261027e-15,9.5097722007620143e-09,5.4362900869753825e-09,7.0592549293778287e-05,7.1677749786897986e-13,3.0433145858994729e-08,1.1319889304986507e-09,4.4184813345688091e-10,5.6048860897578177e-14,2.3857382905792871e-18,3.5153196768246402e-09,9.3639900518533166e-11,0.0056815995705017039,0.0063538254503460023,1.0335959576019429e-07,1.6501259287995996e-08,2.1130001196989217e-05,7.5468616374766537e-12,3.6236348426377761e-07,1.0742649890309119e-08
3.7299643548623276e-07,0.11640260799999998,0.8585084662769803,0.0,0.0,0.32549542195191239,0.11291756397654784,0.019636889892522776,1.2590663249829669e-24,1.5136953399641169e-07,2.4413061115454645e-05,4.2639672355615982e-15,9.6268692317830192e-09,5.4757234365892574e-09,7.092871157672118e-05,7.3102382589431486e-13,3.0516167053595484e-08,1.1457756744597704e-09,4.4637123591692133e-10,5.6869187674863691e-14,2.4390385937504186e-18,3.5366421532154249e-09,9.5044905132547418e-11,0.0056813312242879584,0.0063691566137915878,1.0366819343214738e-07,1.6572060169124048e-08,2.1168630472028417e-05,7.6178323629051608e-12,3.6453166432560629e-07,1.0789630719881472e-08
3.7398464276522796e-07,0.11640260799999998,0.8585084662769803,0.0,0.0,0.32548032533567045,0.11291749480732247,0.019629227173444761,1.2917892102842326e-24,1.5282868162283336e-07,2.4558794341141289e-05,4.3366569624263668e-15,9.7450754511882737e-09,5.5153288268398377e-09,7.1265465700017818e-05,7.4551197143836097e-13,3.0599108452389441e-08,1.1596899554159542e-09,4.5092726314728627e-10,5.7699141051079393e-14,2.4933750152277357e-18,3.558022288580234e-09,9.6466999763753305e-11,0.0056810629724298491,0.0063844803622353456,1.0397682960307072e-07,1.6642944788289039e-08,2.1207197788164328e-05,7.6892580153762015e-12,3.6670441230048339e-07,1.0836663794634237e-08
3.7497285004422316e-07,0.11640260799999998,0.8585084662769803,0.0,0.0,0.32546523609242778,0.112917424950765,0.01962156815446256,1.3252700500101639e-24,1.542974641249987e-07,2.4704840862919884e-05,4.4103910985088952e-15,9.8643980429890324e-09,5.5551064479865902e-09,7.1602809980005752e-05,7.6024531940326977e-13,3.0681970979827405e-08,1.1737325546103226e-09,4.5551635543386703e-10,5.8538805013685036e-14,2.5487646356578899e-18,3.5794599498917741e-09,9.7906342311455844e-11,0.0056807948149279084,0.0063997967004020204,1.0428550313879158e-07,1.6713912871689016e-08,2.1245703351598915e-05,7.7611401612965066e-12,3.6888171320955661e-07,1.0883748780465585e-08
3.7596105732321836e-07,0.11640260799999998,0.8585084662769803,0.0,0.0,0.32545015421727608,0.11291735440854377,0.019613912833198702,1.3595242067916469e-24,1.5577591656900038e-07,2.4851199724710691e-05,4.485181748385345e-15,9.9848442130964046e-09,5.5950564890674728e-09,7.1940742732538103e-05,7.7522729151026013e-13,3.0764755556029215e-08,1.1879042551652871e-09,4.6013865316302731e-10,5.9388264007451514e-14,2.6052247651834644e-18,3.6009550036675993e-09,9.9363091641100467e-11,0.0056805267517828139,0.0064151056330122328,1.0459421290809663e-07,1.6784964145389354e-08,2.1284147365939179e-05,7.8334803672384323e-12,3.7106355209351043e-07,1.0930885343677851e-08
3.7694926460221356e-07,0.11640260799999998,0.8585084662769803,0.0,0.0,0.32543507970531327,0.11291728318232737,0.019606261207277768,1.3945673087268472e-24,1.5726407403563468e-07,2.4997869971465579e-05,4.5610411214890312e-15,1.0106421189262797e-08,5.6351791379004294e-09,7.2279262272996483e-05,7.9046134657366888e-13,3.0847463096781452e-08,1.2022058420722361e-09,4.6479429682000674e-10,6.0247602935030114e-14,2.6627729457832508e-18,3.6225073159741779e-09,1.008374075865965e-10,0.0056802587829953783,0.0064304071647824819,1.0490295778250258e-07,1.6856098335333254e-08,2.1322530032248469e-05,7.9062801998613905e-12,3.7324991401226254e-07,1.097807315097874e-08
3.7793747188120876e-07,0.11640260799999998,0.8585084662769803,0.0,0.0,0.32542001255164354,0.11291721127378464,0.019598613274326399,1.4304152531350139e-24,1.5876197162007817e-07,2.5144850649150056e-05,4.6379815326805961e-15,1.0229136221022979e-08,5.6754745810848596e-09,7.261836691630527e-05,8.0595098077583545e-13,3.0930094513535975e-08,1.2166381021811686e-09,4.6948342698731142e-10,6.1116907157513022e-14,2.7214269536274191e-18,3.6441167524309558e-09,1.0232945095262785e-10,0.0056799909085665538,0.0064457013004251551,1.0521173663542147e-07,1.6927315167357558e-08,2.1360851549096857e-05,7.9795412259206605e-12,3.7544078404466899e-07,1.1025311869482964e-08
3.7892567916020396e-07,0.11640260799999998,0.8585084662769803,0.0,0.0,0.32540495275137793,0.11291713868458474,0.019590969031973264,1.4670842103520131e-24,1.6026964443155847e-07,2.5292140804725709e-05,4.7160154028189752e-15,1.0352996579634614e-08,5.715943004003118e-09,7.2958054976944304e-05,8.2169972794286907e-13,3.1012650713409842e-08,1.2312018241902853e-09,4.7420618434307986e-10,6.1996262494984361e-14,2.7812048014485575e-18,3.6657831782143919e-09,1.0383938351695074e-10,0.0056797231284974178,0.0064609880446485288,1.0552054834247796e-07,1.6998614367205619e-08,2.1399112112610475e-05,8.0532650122491458e-12,3.7763614728823826e-07,1.1072601166714035e-08
3.7991388643919916e-07,0.11640260799999998,0.8585084662769803,0.0,0.0,0.32538990029963349,0.11291706541639697,0.019583328477849101,1.5045906275675855e-24,1.6178712759302092e-07,2.5439739486133377e-05,4.795155259333103e-15,1.0478009558018388e-08,5.7565845908220115e-09,7.329832476896201e-05,8.3771115982128579e-13,3.1095132599186101e-08,1.2458977986355275e-09,4.7896270965945496e-10,6.2885755227061657e-14,2.8421247409284635e-18,3.6875064580619851e-09,1.0536736803267799e-10,0.0056794554427891846,0.0064762674021567749,1.0582939178185465e-07,1.7069995660540484e-08,2.1437311916519579e-05,8.1274531257419934e-12,3.7983598885885594e-07,1.1119940710605783e-08
3.8189030099718956e-07,0.11640260799999998,0.8585084662769803,0.0,0.0,0.32535981742220843,0.11291691684973656,0.019568058424820772,1.5821830384379973e-24,1.6485166552429524e-07,2.573585862300822e-05,4.9568035774913211e-15,1.0731522653736632e-08,5.8383879867602335e-09,7.3980602801250139e-05,8.705365559681508e-13,3.1259877017923065e-08,1.2756896761036656e-09,4.885776277229377e-10,6.4695500294333578e-14,2.9674651108050039e-18,3.7311230367288135e-09,1.084781488211644e-10,0.0056789203544609316,0.0065068039758240806,1.0644716938169536e-07,1.7213003429995426e-08,2.1513530008743374e-05,8.2772286020291555e-12,3.8424904753508612e-07,1.1214769212167055e-08
3.836690740993809e-07,0.11640260799999998,0.8585084662769803,0.0,0.0,0.32533276791561189,0.11291678083435555,0.019554327967111585,1.6550511260953859e-24,1.6764365368204242e-07,2.6003411472966988e-05,5.1061974146187898e-15,1.0963700003478407e-08,5.9126050863718855e-09,7.4596625629794568e-05,9.010144122017157e-13,3.1407901808644597e-08,1.30296263706727e-09,4.9734795449908117e-10,6.6359815728846749e-14,3.0843654756616911e-18,3.7705710326288284e-09,1.1134124199371134e-10,0.0056784390976945967,0.0065342616766673155,1.0700326653931908e-07,1.7341988428880826e-08,2.1581920389979138e-05,8.413630249458381e-12,3.8823596727173735e-07,1.1300283384318417e-08
3.8544784720157227e-07,0.11640260799999998,0.8585084662769803,0.0,0.0,0.32530574214257141,0.11291664264502606,0.019540609422510551,1.7309014391047001e-24,1.7046797419819562e-07,2.6271949183282262e-05,5.2593744056232278e-15,1.1199726244480211e-08,5.9873860457860044e-09,7.5214507029768108e-05,9.3240067730373449e-13,3.155569966398361e-08,1.3306764732183164e-09,5.0622988288188774e-10,6.8058339201060442e-14,3.2052612445968931e-18,3.8102011124533053e-09,1.1426539944328597e-10,0.0056779581466822847,0.006561695517525756,1.0755944916874668e-07,1.7471235141821198e-08,2.1650116818327057e-05,8.5515606866038342e-12,3.9223716612278459e-07,1.1385955210272785e-08
3.872266203037636e-07,0.11640260799999998,0.8585084662769803,0.0,0.0,0.32527874007483309,0.11291650229149137,0.01952690277727372,1.8098404288696739e-24,1.7332483236289816e-07,2.6541466234918757e-05,5.4164115394765369e-15,1.143964468430315e-08,6.0627318953106196e-09,7.5834237154839677e-05,9.6471758960335669e-13,3.1703275692720413e-08,1.3588358600170949e-09,5.1522423704115393e-10,6.979159057773617e-14,3.3302678216149965e-18,3.8500124720036697e-09,1.1725160590976441e-10,0.0056774775014355973,0.0065891055256863855,1.0811571081139781e-07,1.7600741967593178e-08,2.1718120342922487e-05,8.6910290519831258e-12,3.9625255791517598e-07,1.1471782768459345e-08
3.8900539340595497e-07,0.11640260799999998,0.8585084662769803,0.0,0.0,0.32525176168420661,0.11291635978349643,0.019513208017678443,1.891977773660746e-24,1.7621443358454189e-07,2.6811957117952109e-05,5.5773869697295953e-15,1.1683498852989117e-08,6.1386436526148901e-09,7.6455806155195427e-05,9.9798780785843131e-13,3.1850634958524467e-08,1.3874454913656526e-09,5.2433184200527948e-10,7.1560094589648986e-14,3.4595033148716336e-18,3.8900043027887569e-09,1.2030085654967249e-10,0.0056769971619673775,0.0066164917283934961,1.0867204503392159e-07,1.773050730506784e-08,2.1785931991209741e-05,8.8320444836404203e-12,4.0028205664956741e-07,1.1557764141736977e-08
3.907841665081463e-07,0.11640260799999998,0.8585084662769803,0.0,0.0,0.3252248069425635,0.11291621513078776,0.019499525130023305,1.977426458239467e-24,1.7913698338378514e-07,2.7083416331332817e-05,5.7423800254276494e-15,1.1931332501856252e-08,6.2151223227583458e-09,7.7079204177785436e-05,1.032234416619726e-12,3.1997782480113617e-08,1.4165100794026398e-09,5.3355352363113703e-10,7.3364380840260074e-14,3.5930885843812055e-18,3.9301757920981157e-09,1.2341415697713443e-10,0.0056765171282916835,0.0066438541528487903,1.0922844542733609e-07,1.7860529553406097e-08,2.1853552769676375e-05,8.9746161188840339e-12,4.0432557649642188e-07,1.1643897417422872e-08
3.9256293961033767e-07,0.11640260799999998,0.8585084662769803,0.0,0.0,0.32519787582183679,0.11291606834311305,0.019485854100628093,2.0663028549851959e-24,1.8209268738762199e-07,2.7355838382664804e-05,5.9114712220466558e-15,1.2183189602279956e-08,6.292168898220346e-09,7.7704421366568292e-05,1.0674809316219319e-12,3.2144723231436435e-08,1.44603435429669e-09,5.4289010857403787e-10,7.520498381406904e-14,3.731147290259597e-18,3.9705261230747995e-09,1.2659252330435967e-10,0.0056760374004237524,0.0066711928262114632,1.0978490560712231e-07,1.7990807112250097e-08,2.1920983664556876e-05,9.1187530940281783e-12,4.083830317923423e-07,1.1730180687320676e-08
3.94341712712529e-07,0.11640260799999998,0.8585084662769803,0.0,0.0,0.32517096829401992,0.11291591943022121,0.019472194915833765,2.1587268065100685e-24,1.8508175132350021e-07,2.7629217787997752e-05,6.0847422724493633e-15,1.2439114344459901e-08,6.369784358929696e-09,7.8331447862754213e-05,1.1037513052004259e-12,3.2291462141875196e-08,1.4760230640383855e-09,5.523424242578086e-10,7.7082442884651477e-14,3.8738059414914858e-18,4.0110544747875799e-09,1.2983698218167369e-10,0.0056755579783799833,0.0066985077755983046,1.1034141921413403e-07,1.8121338381902723e-08,2.1988225642507348e-05,9.2644645441336635e-12,4.1245433703662176e-07,1.1816612047748349e-08
3.961204858147204e-07,0.11640260799999998,0.8585084662769803,0.0,0.0,0.32514408433116654,0.11291576840186196,0.019458547562002375,2.2548217098110109e-24,1.8810438101348445e-07,2.7903549071632989e-05,6.2622760978610285e-15,1.269915113617286e-08,6.4479696722944526e-09,7.8960273805048583e-05,1.1410699317340459e-12,3.2438004096468811e-08,1.5064809742308017e-09,5.6191129884497905e-10,7.8997302322374393e-14,4.0211939452351394e-18,4.0517600223026572e-09,1.3314857083708045e-10,0.0056750788621778916,0.0067257990280837898,1.1089797991405584e-07,1.8252121763495189e-08,2.205527965125161e-05,9.4117596027515849e-12,4.1653940688800945e-07,1.1903189599565892e-08
3.9789925891691173e-07,0.11640260799999998,0.8585084662769803,0.0,0.0,0.32511722390538939,0.11291561526778561,0.019444912025517059,2.35471460195514e-24,1.9116078236846172e-07,2.8178826765941902e-05,6.4441568388636876e-15,1.2963344601511711e-08,6.5267257932319253e-09,7.9590889329894871e-05,1.1794616531130266e-12,3.2584353936153465e-08,1.5374128678786715e-09,5.715975612070429e-10,8.0950111301793466e-14,4.1734436566576053e-18,4.0926419367547934e-09,1.3652833711535895e-10,0.0056746000518360928,0.0067530666107001652,1.114545813970733e-07,1.8383155659153548e-08,2.2122146620201097e-05,9.5606474016722225e-12,4.2063815616167669e-07,1.1989911448202795e-08
3.996780320191031e-07,0.11640260799999998,0.8585084662769803,0.0,0.0,0.32509038698886006,0.11291546003774305,0.019431288292781963,2.4585362473147743e-24,1.9425116138238769e-07,2.8455045411196357e-05,6.6304698664082176e-15,1.3231739579610782e-08,6.6060536641988442e-09,8.0223284571715199e-05,1.2189517642316321e-12,3.273051645801935e-08,1.5688235451761935e-09,5.8140204089482844e-10,8.2941423908731678e-14,4.330690429300572e-18,4.1336993854179408e-09,1.3997733951669161e-10,0.005674121547374276,0.0067803105504375474,1.12011217378758e-07,1.8514438472154813e-08,2.218882746104946e-05,9.7111370706718995e-12,4.2475049982637334e-07,1.2076775703685196e-08
4.0145680512129443e-07,0.11640260799999998,0.8585084662769803,0.0,0.0,0.32506357355380777,0.11291530272148532,0.019417676350222245,2.5664212263652768e-24,1.9737572412657429e-07,2.8732199555410393e-05,6.8213017928434352e-15,1.3504381123357716e-08,6.6859542152217038e-09,8.0857449663151212e-05,1.2595660185049724e-12,3.2876496415582119e-08,1.6007178232935197e-09,5.9132556810898331e-10,8.4971799147040001e-14,4.4930726659760756e-18,4.1749315317753208e-09,1.4349664723482332e-10,0.0056736433488131736,0.0068075308742440105,1.1256788159992651e-07,1.8645968607069969e-08,2.2255323068343097e-05,9.863237737261275e-12,4.2887635300176344e-07,1.2163780480662769e-08
4.032355782234858e-07,0.11640260799999998,0.8585084662769803,0.0,0.0,0.32503678357251931,0.11291514332876351,0.019404076184283976,2.678508026067439e-24,2.0053467674401794e-07,2.9010283754192857e-05,7.0167404829616099e-15,1.3781314498091973e-08,6.7664283639272946e-09,8.1493374735304636e-05,1.3013306334096658e-12,3.3022298519067738e-08,1.6331005361619264e-09,6.0136897367053365e-10,8.7041800945038355e-14,4.6607318701943547e-18,4.2163375355889847e-09,1.470873401947454e-10,0.0056731654561745322,0.0068347276090256811,1.1312456782606314e-07,1.8777744469909476e-08,2.2321634320028793e-05,1.0016958526440985e-11,4.3301563095593457e-07,1.2250923898435387e-08
4.0501435132567713e-07,0.11640260799999998,0.8585084662769803,0.0,0.0,0.32501001701733812,0.11291498186932847,0.019390487781434151,2.7949391318529104e-24,2.0372822544376856e-07,2.9289292570610408e-05,7.2168750650597293e-15,1.4062585180290079e-08,6.8474770155734012e-09,8.2131049917975993e-05,1.3442722960479382e-12,3.3167927435709602e-08,1.6659765342577049e-09,6.1153308899154872e-10,8.915199816163607e-14,4.833812698124946e-18,4.2579165529688321e-09,1.5075050908990223e-10,0.0056726878694810948,0.0068619007816468226,1.1368126984798671e-07,1.890976446825996e-08,2.2387762077979322e-05,1.0172308560455213e-11,4.3716824910307268e-07,1.2338204080979584e-08
4.067931244278685e-07,0.11640260799999998,0.8585084662769803,0.0,0.0,0.32498327386066395,0.1129148183529307,0.019376911128160611,2.9158611212298787e-24,2.0695657649533673e-07,2.9569220575060408e-05,7.4217959420157999e-15,1.434823885623778e-08,6.9291010630796713e-09,8.2770465339902403e-05,1.3884181687347093e-12,3.3313387790056862e-08,1.6993506843847803e-09,6.2181874604592803e-10,9.1302964592131563e-14,5.0124630110914926e-18,4.2996677364411197e-09,1.5448725541891756e-10,0.0056722105887565683,0.0068890504189299288,1.1423798148207536e-07,1.9042027011404873e-08,2.2453707188497845e-05,1.0329296958543473e-11,4.4133412300129323e-07,1.2425619156974747e-08
4.0857189753005984e-07,0.11640260799999998,0.8585084662769803,0.0,0.0,0.32495655407495211,0.11291465278932011,0.019363346210971997,3.0414247590246513e-24,2.1021993622313841e-07,2.9850062345153271e-05,7.6315948023794299e-15,1.4638321420689261e-08,7.0113013870586576e-09,8.3411611128995884e-05,1.433795894607192e-12,3.3458684164292562e-08,1.733227869456093e-09,6.3222677734026632e-10,9.3495278973690987e-14,5.1968339286000549e-18,4.3415902350164166e-09,1.5829869152183732e-10,0.0056717336140256107,0.0069161765476558187,1.1479469656964973e-07,1.9174530510450963e-08,2.2519470482802429e-05,1.0487932836702562e-11,4.4551316835062312e-07,1.2513167259828886e-08
4.103506706322512e-07,0.11640260799999998,0.8585084662769803,0.0,0.0,0.3249298576327132,0.11291448518824576,0.019349793016397755,3.1717850942756779e-24,2.1351851100097728e-07,3.0131812465603658e-05,7.846364631476021e-15,1.4932878975513594e-08,7.094078855847042e-09,8.4054477412579893e-05,1.4804336032565273e-12,3.36038210985608e-08,1.7676129882737635e-09,6.427580158848103e-10,9.5729524990505715e-14,5.3870798819010654e-18,4.3836831942570708e-09,1.6218594061588784e-10,0.0056712569453137929,0.006943279194563716,1.1535140897732465e-07,1.9307273378449268e-08,2.2585052777491573e-05,1.0648225307447794e-11,4.4970530099112423e-07,1.2600846527704407e-08
4.1212944373444254e-07,0.11640260799999998,0.8585084662769803,0.0,0.0,0.32490318450651212,0.11291431555945568,0.01933625153098803,3.3071015587973507e-24,2.168525072465629e-07,3.0414465528130256e-05,8.0661997225238106e-15,1.5231957828328547e-08,7.1774343255370059e-09,8.4699054317624614e-05,1.5283599163809973e-12,3.3748803091301807e-08,1.8025109553080619e-09,6.5341329516454578e-10,9.8006291278628508e-14,5.5833586680852032e-18,4.4259457563441356e-09,1.6615013683074498e-10,0.0056707805826475867,0.0069703583863513496,1.1590811259746814e-07,1.9440254030495369e-08,2.2650454874991286e-05,1.0810183479566802e-11,4.5391043690115138e-07,1.2688655103543613e-08
4.139082168366339e-07,0.11640260799999998,0.8585084662769803,0.0,0.0,0.32487653466896815,0.11291414391269666,0.019322721741313671,3.4475380674311634e-24,2.2022213141606412e-07,3.0698016131363718e-05,8.2911956877630992e-15,1.5535604491121906e-08,7.2613686400077803e-09,8.5345331970982594e-05,1.5776039534603693e-12,3.3893634599594031e-08,1.8379267004752035e-09,6.6419344911037141e-10,1.0032617143048728e-13,5.7858315047135807e-18,4.468377060143783e-09,1.7019242524331281e-10,0.0056703045260543339,0.0069974141496750349,1.1646480134771458e-07,1.9573470883838815e-08,2.2715677563984816e-05,1.0973816457886718e-11,4.5812849219574071e-07,1.2776591135093711e-08
4.1568698993882524e-07,0.11640260799999998,0.8585084662769803,0.0,0.0,0.3248499080927541,0.11291397025771405,0.019309203633966165,3.5932631200014844e-24,2.2362758999869887e-07,3.0982458880762221e-05,8.5214494695969415e-15,1.5843865678860454e-08,7.3458826309573617e-09,8.5993300499623057e-05,1.6281953374508932e-12,3.4038320039502387e-08,1.8738651689139975e-09,6.750993120703546e-10,1.0268976399907727e-13,5.9946630849824297e-18,4.5109762412731921e-09,1.7431396191200847e-10,0.0056698287755622334,0.0070244465111497624,1.1702146917101392e-07,1.9706922357992173e-08,2.2780721619825976e-05,1.1139133343045101e-11,4.6235938312512101e-07,1.2864652774931732e-08
4.174657630410166e-07,0.11640260799999998,0.8585084662769803,0.0,0.0,0.32482330475059606,0.11291379460425154,0.019295697195557609,3.7444499049928701e-24,2.2706908951135708e-07,3.1267788388534466e-05,8.757059351742595e-15,1.6156788308086783e-08,7.4309771179343864e-09,8.6642950030864919e-05,1.680164200500484e-12,3.4182863786432083e-08,1.9103313207613702e-09,6.8613171878111762e-10,1.0509767250183022e-13,6.2100216334222609e-18,4.5537424321659533e-09,1.7851591391055071e-10,0.0056693533312003105,0.0070514554973492944,1.1757811003616353e-07,1.9840606874812725e-08,2.2845587804936258e-05,1.1306143231244443e-11,4.6660302607334048e-07,1.2952838180489422e-08
4.1924453614320794e-07,0.11640260799999998,0.8585084662769803,0.0,0.0,0.32479672461527276,0.11291361696205097,0.019282202412720661,3.9012764049657755e-24,2.305468364932569e-07,3.1553999273569708e-05,8.9981249703929768e-15,1.6474419495504031e-08,7.5166529083701618e-09,8.7294270692609435e-05,1.7335411896835977e-12,3.4327270175486883e-08,1.9473301309267795e-09,6.9729150433932253e-10,1.0755050542416152e-13,6.4320789621313933e-18,4.5966747621369278e-09,1.8279945936125015e-10,0.0056688781929984016,0.0070784411348062447,1.1813471793754028e-07,1.997452285859568e-08,2.2910276869186959e-05,1.1474855214022185e-11,4.7085933755700648e-07,1.3041145514077505e-08
4.210233092453993e-07,0.11640260799999998,0.8585084662769803,0.0,0.0,0.32477016765961508,0.11291343734085212,0.019268719272108503,4.0639255037276702e-24,2.3406103750063464e-07,3.1841086161374384e-05,9.2447473253874931e-15,1.6796806556548768e-08,7.6029107976108741e-09,8.7947252613572587e-05,1.788357472755322e-12,3.4471543501831376e-08,1.9848665888655523e-09,7.0857950417323351e-10,1.1004887622269414e-13,6.6610105275437931e-18,4.6397723574466098e-09,1.871657874677981e-10,0.0056684033609871272,0.007105403450012167,1.1869128689493571e-07,2.0108668736175272e-08,2.2974789550266927e-05,1.1645278378034697e-11,4.751282342241301e-07,1.3129572942909784e-08
4.2280208234759065e-07,0.11640260799999998,0.8585084662769803,0.0,0.0,0.32474363385650601,0.11291325575039245,0.019255247760394792,4.2325850952766094e-24,2.3761189910146793e-07,3.2129043684015014e-05,9.4970287913914109e-15,1.7123997003952157e-08,7.6897515689499343e-09,8.8601885923515389e-05,1.8446447439241896e-12,3.4615688021056541e-08,2.0229456983511699e-09,7.1999655401440329e-10,1.1259340332816023e-13,6.8969954877310176e-18,4.6830343413650126e-09,1.9161609854755227e-10,0.0056679288351978788,0.0071323424694176504,1.1924781095402529e-07,2.0243042936989783e-08,2.303912657403644e-05,1.1817421804811602e-11,4.7940963285307146e-07,1.3218118639127293e-08
4.24580855449782e-07,0.11640260799999998,0.8585084662769803,0.0,0.0,0.32471712317887996,0.11291307220040697,0.019241787864273628,4.4074481945342767e-24,2.4119962787022792e-07,3.2417866480067368e-05,9.7550731290831776e-15,1.7456038546289475e-08,7.7771759936604884e-09,8.9258160753474204e-05,1.9024352296432263e-12,3.4759707949547966e-08,2.0615724772465087e-09,7.3154348986946808e-10,1.1518471014797942e-13,7.1402167602381179e-18,4.7264598342350019e-09,1.9615160406331634e-10,0.0056674546156627913,0.0071592582194323984,1.1980428418632589e-07,2.0377643893158425e-08,2.3103288654867741e-05,1.199129457052416e-11,4.837034503515814e-07,1.3306780779821982e-08
4.2635962855197335e-07,0.11640260799999998,0.8585084662769803,0.0,0.0,0.32469063559972239,0.11291288670062799,0.019228339570459507,4.5887130498854594e-24,2.4482443038266547e-07,3.2707549194571212e-05,1.0018985496348898e-14,1.7792979086518294e-08,7.865184831028098e-09,8.991606723599017e-05,1.9617616944187395e-12,3.4903607464856178e-08,2.100751957274072e-09,7.4322114799202733e-10,1.1782342506851448e-13,7.3908610804531568e-18,4.7700479535351667e-09,2.0077352665461184e-10,0.0056669807024147282,0.0071861507264253163,1.2036070068893131e-07,2.0512470039578673e-08,2.3167276495973222e-05,1.2166905745787167e-11,4.8800960375593427e-07,1.3395557547059909e-08
4.281384016541647e-07,0.11640260799999998,0.8585084662769803,0.0,0.0,0.3246641710920693,0.11291269926078491,0.019214902865687285,4.7765832575407992e-24,2.4848651321062853e-07,3.2998086478990437e-05,1.0288872459483287e-14,1.813486672050526e-08,7.9537788283835482e-09,9.0575595505337675e-05,2.0226574466363306e-12,3.5047390706068455e-08,2.1404891837852384e-09,7.5503036485463118e-10,1.2051018145700363e-13,7.6491190605099936e-18,4.8137978139421881e-09,2.0548310016843915e-10,0.0056665070954872599,0.007213020016724604,1.2091705458484081e-07,2.0647519813976804e-08,2.3231090789721459e-05,1.2344264395413777e-11,4.9232801023014721e-07,1.3484447127904667e-08
4.2991717475635605e-07,0.11640260799999998,0.8585084662769803,0.0,0.0,0.32463772962900717,0.11291250989060404,0.019201477736712134,4.9712678777396819e-24,2.5218608291690656e-07,3.3289472991178694e-05,1.056484200439634e-14,1.8481749735541904e-08,8.0429587211358193e-09,9.1236735697751653e-05,2.0851563444036549e-12,3.5191061774181751e-08,2.1807892155285388e-09,7.6697197712089078e-10,1.2324561766317002e-13,7.9151852487238503e-18,4.8577085273926957e-09,2.1028156968952638e-10,0.005666033794914648,0.0072398661166178406,1.2147334002309166e-07,2.0782791656966812e-08,2.3294732217941703e-05,1.2523379578174231e-11,4.9665858706528206e-07,1.357344771444047e-08
4.316959478585474e-07,0.11640260799999998,0.8585084662769803,0.0,0.0,0.32461131118367248,0.11291231859980837,0.0191880641703095,5.1729815528100773e-24,2.5592334605010729e-07,3.3581703395349612e-05,1.0847003547825083e-14,1.8833676608849299e-08,8.132725232805218e-09,9.1899477951654676e-05,2.1492928014093845e-12,3.5334624732476252e-08,2.2216571244169881e-09,7.7904682161767526e-10,1.2603037702050864e-13,8.1892581895592069e-18,4.9017792031446559e-09,2.1517019157006352e-10,0.0056655608007318203,0.0072666890523520634,1.2202955117849308e-07,2.0918284012148613e-08,2.3358201452217394e-05,1.2704260346622151e-11,5.0100125167882643e-07,1.3662557503794581e-08
4.3347472096073875e-07,0.11640260799999998,0.8585084662769803,0.0,0.0,0.32458491572925124,0.11291212539811742,0.019174662153275058,5.3819446271021297e-24,2.5969850913956527e-07,3.3874772362052022e-05,1.1135467948549604e-14,1.9190696006072067e-08,8.2230790750566373e-09,9.2563812407882911e-05,2.2151017927978947e-12,3.5478083606888928e-08,2.2630979952945032e-09,7.9125573530741407e-10,1.288651078472497e-13,8.4715404841293984e-18,4.9460089478382524e-09,2.2015023345891948e-10,0.0056650881129743534,0.007293488850133866,1.2258568225179502e-07,2.1053995326146717e-08,2.3421499154169287e-05,1.2886915746853744e-11,5.0535592161414817e-07,1.3751774698159855e-08
4.352534940629301e-07,0.11640260799999998,0.8585084662769803,0.0,0.0,0.32455854323897865,0.11291193029524695,0.019161271672424696,5.5983832688122289e-24,2.6351177869027341e-07,3.4168674568149503e-05,1.143034751861271e-14,1.9552856779761581e-08,8.3140209477329909e-09,9.3229729209910796e-05,2.2826188610591325e-12,3.5621442386387023e-08,2.3051169257014172e-09,8.0359955526051741e-10,1.3175046344699996e-13,8.7622388512272987e-18,4.9903968655562939e-09,2.2522297433034065e-10,0.0056646157316784622,0.007320265536129471,1.2314172746992498e-07,2.1189924048648185e-08,2.3484625975728433e-05,1.3071354818243678e-11,5.0972251454002289e-07,1.3841097504817243e-08
4.3703226716512146e-07,0.11640260799999998,0.8585084662769803,0.0,0.0,0.324532193686139,0.11291173330090881,0.019147892714594442,5.8225295937142252e-24,2.6736336117784716e-07,3.4463404696804238e-05,1.1731756034542446e-14,1.9920207967848753e-08,8.4055515388887652e-09,9.389721850407555e-05,2.351880121933164e-12,3.5764705023340818e-08,2.3477190256391206e-09,8.1607911862789984e-10,1.3468710210906077e-13,9.0615641888863638e-18,5.0349420578841329e-09,2.3038970451212879e-10,0.0056641436568809732,0.0073470191364648288,1.2369768108577988e-07,2.1326068632506111e-08,2.3547582559399473e-05,1.3257586593303117e-11,5.1410094825022637e-07,1.3930524136157551e-08
4.388110402673128e-07,0.11640260799999998,0.8585084662769803,0.0,0.0,0.32450586704406498,0.11291153442481076,0.019134525266640442,6.0546217908144494e-24,2.7125346304352072e-07,3.4758957437464924e-05,1.2039808748576827e-14,2.0292798792106391e-08,8.4976715248237222e-09,9.4566270439800507e-05,2.4229222703288679e-12,3.5907875433895409e-08,2.3909094173338549e-09,8.2869526261360569e-10,1.3767568710842432e-13,9.369731636471246e-18,5.0796436239691021e-09,2.3565172571329582e-10,0.0056636718886193121,0.0073737496772256885,1.2425353737825448e-07,2.1462427533770733e-08,2.361036953851492e-05,1.3445620097453429e-11,5.1849114066319412e-07,1.4020052809703086e-08
4.4058981336950416e-07,0.11640260799999998,0.8585084662769803,0.0,0.0,0.32447956328613786,0.11291133367665619,0.019121169315438918,6.2949042499470743e-24,2.7518229068916189e-07,3.5055327485858549e-05,1.235462239988996e-14,2.0670678656601389e-08,8.5903815701167624e-09,9.523687516981728e-05,2.4957825862562467e-12,3.6050957498341206e-08,2.4346932349996625e-09,8.4144882444754051e-10,1.4071688670544753e-13,9.6869606372971231e-18,5.1245006605794862e-09,2.4101035105119388e-10,0.0056632004269314808,0.0074004571844577,1.248092906525241e-07,2.159899921170095e-08,2.3672987537480613e-05,1.3635464348718683e-11,5.228930098217407e-07,1.4109681748129451e-08
4.423685864716955e-07,0.11640260799999998,0.8585084662769803,0.0,0.0,0.32445328238578669,0.11291113106614405,0.019107824847886118,6.5436276913263471e-24,2.7915005047232011e-07,3.5352509543985798e-05,1.2676315225818985e-14,2.1053897146136829e-08,8.6836823276599071e-09,9.5909022850387672e-05,2.570498940771836e-12,3.6193955061482901e-08,2.4790756246005499e-09,8.5434064135832655e-10,1.438113741452033e-13,1.0013475001776812e-17,5.1695122621629954e-09,2.4646690507811971e-10,0.0056627292718560481,0.0074271416841664778,1.2536493523991384e-07,2.1735782128877373e-08,2.3735437172012616e-05,1.3827128357621811e-11,5.2730647389283667e-07,1.4199409179286767e-08
4.4414735957388686e-07,0.11640260799999998,0.8585084662769803,0.0,0.0,0.32442702431648851,0.11291092660296846,0.019094491850898305,6.8010492970721589e-24,2.831569487013077e-07,3.5650498320120058e-05,1.300500697309098e-14,2.144250402468425e-08,8.7775744386924411e-09,9.6582703641524175e-05,2.6471098019366644e-12,3.6336871933006518e-08,2.5240617436118514e-09,8.6737155054625814e-10,1.4695982765651117e-13,1.034950297109467e-17,5.2146775209048026e-09,2.5202272380738967e-10,0.0056622584234321252,0.0074538032023177036,1.2592046549781841e-07,2.1872774751232645e-08,2.3797719049366127e-05,1.4020621126993781e-11,5.3173145116744177e-07,1.4289233336220445e-08
4.459261326760782e-07,0.11640260799999998,0.8585084662769803,0.0,0.0,0.32440078905176722,0.11291072029681869,0.019081170311411665,7.0674328447253148e-24,2.8720319163029629e-07,3.5949288528809593e-05,1.3340818909049206e-14,2.1836549233806052e-08,8.8720585328351516e-09,9.7257907707209846e-05,2.7256542407862353e-12,3.6479711887844289e-08,2.5696567607808341e-09,8.8054238915635233e-10,1.5016293045064552e-13,1.0695277281406232e-17,5.2599955267850726e-09,2.5767915473888575e-10,0.0056617878816993556,0.0074804417648372023,1.2647587580999818e-07,2.2009975548028287e-08,2.3859833768556925e-05,1.4215951651592778e-11,5.3616786006039084e-07,1.4379152457192187e-08
4.4770490577826957e-07,0.11640260799999998,0.8585084662769803,0.0,0.0,0.32437457656519442,0.11291051215737885,0.019067860216382335,7.3430488427688577e-24,2.91288985454443e-07,3.6248874890882982e-05,1.3683873832877952e-14,2.2236082891068434e-08,8.9671352281247615e-09,9.7934625215617127e-05,2.8061719373119871e-12,3.6622478666537256e-08,2.6158658558865683e-09,8.9385399425153512e-10,1.534213707197234e-13,1.1051035228562411e-17,5.3054653676360528e-09,2.6343755688406901e-10,0.0056613176466978939,0.0075070573976110267,1.2703116058652332e-07,2.2147382991980619e-08,2.3921781920575031e-05,1.4413128918039738e-11,5.4061561911032845e-07,1.4469164785700643e-08
4.494836788804609e-07,0.11640260799999998,0.8585084662769803,0.0,0.0,0.32434838683038825,0.11291030219432782,0.019054561552786297,7.6281746681716591e-24,2.9541453630505745e-07,3.6549252133457543e-05,1.4034296086825249e-14,2.2641155288444802e-08,9.0628051310484548e-09,9.8612846339326011e-05,2.8887031864536866e-12,3.6765175975595282e-08,2.6626942194990795e-09,9.0730720278593942e-10,1.5673584163477111e-13,1.1417018733357086e-17,5.3510861291986943e-09,2.6929930079046064e-10,0.0056608477184683917,0.007533650126485541,1.2758631426360255e-07,2.2284995559301009e-08,2.39835640885914e-05,1.4612161904701833e-11,5.4507464697969325e-07,1.4559268570501458e-08
4.5126245198265227e-07,0.11640260799999998,0.8585084662769803,0.0,0.0,0.3243222198210135,0.11291009041733885,0.019041274307619389,7.9230947059704979e-24,2.9958005024477644e-07,3.6850414989950635e-05,1.4392211567422769e-14,2.3051816890709938e-08,9.159068836578542e-09,9.9292561255540928e-05,2.9732889041022192e-12,3.6907807487854307e-08,2.7101470527378054e-09,9.2090285157828023e-10,1.601070413434709e-13,1.1793474407296802e-17,5.3968568951788102e-09,2.7526576856558713e-10,0.0056603780970519808,0.0075602199772675047,1.2814133130389019e-07,2.2422811729626565e-08,2.4045180848158156e-05,1.4813059581197432e-11,5.4954486245474445e-07,1.4649462065627379e-08
4.530412250848436e-07,0.11640260799999998,0.8585084662769803,0.0,0.0,0.32429607551078149,0.11290987683607948,0.019027998467897243,8.2281004909066998e-24,3.0378573326276437e-07,3.7152358200093602e-05,1.4757747736702173e-14,2.3468118333825055e-08,9.2559269282072809e-09,9.9973760146307173e-05,3.059970633112207e-12,3.705037684283055e-08,2.7582295670293788e-09,9.3464177728537051e-10,1.635356729675873e-13,1.2180653618891183e-17,5.442776747302781e-09,2.8133835390039008e-10,0.00565990878249026,0.0075867669757241534,1.2869620619649797e-07,2.2560829986159774e-08,2.4106632767402023e-05,1.5015830908359398e-11,5.5402618444563485e-07,1.4739743530408305e-08
4.5481999818703497e-07,0.11640260799999998,0.8585084662769803,0.0,0.0,0.32426995387344926,0.11290966146021146,0.019014734020655247,8.5434908511333619e-24,3.0803179126996562e-07,3.7455076509948333e-05,1.5131033633407235e-14,2.3890110423313787e-08,9.3533799779817787e-09,0.00010065643319872595,3.1487905493239247e-12,3.7192887647071756e-08,2.8069469838647676e-09,9.4852481637577568e-10,1.6702244460007427e-13,1.2578812560462736e-17,5.4888447653728015e-09,2.875184620920969e-10,0.0056594397748252765,0.0076132911475832923,1.2925093345672545e-07,2.2699048815735592e-08,2.4167920407211209e-05,1.5220484838259254e-11,5.5851853198652225e-07,1.4830111229490701e-08
4.565987712892263e-07,0.11640260799999998,0.8585084662769803,0.0,0.0,0.32424385488281987,0.11290944429939032,0.019001480952948506,8.8695720540091194e-24,3.1231843009435608e-07,3.7758564671926405e-05,1.551219988420094e-14,2.4317844132629457e-08,9.4514285465390762e-09,0.0001013405706051689,3.2397914675939417e-12,3.7335343474505068e-08,2.8563045345557844e-09,9.6255280510351786e-10,1.705680693018633e-13,1.2988212315474434e-17,5.5350600273216736e-09,2.9380751006655249e-10,0.00565897107409951,0.0076397925185333589,1.2980550762639299e-07,2.2837466708690892e-08,2.4229044321417157e-05,1.5427030313546782e-11,5.630218242357204e-07,1.492056343285682e-08
4.583775443914177e-07,0.11640260799999998,0.8585084662769803,0.0,0.0,0.32421777851274203,0.11290922536326529,0.018988239251851811,9.2066579539943089e-24,3.1664585547621396e-07,3.8062817444810317e-05,1.5901378714867026e-14,2.4751370601513638e-08,9.5500731831413275e-09,0.00010202616256349145,3.3330168478339368e-12,3.7477747866781562e-08,2.9063074599909915e-09,9.7672657948192341e-10,1.741732650983328e-13,1.3409118926373654e-17,5.5814216092671658e-09,3.0020692640001124e-10,0.0056585026803558647,0.0076662711142235244,1.3035992327393048e-07,2.2976082159014256e-08,2.4290005056970026e-05,1.563547626740287e-11,5.6753598047588613e-07,1.5011098415844065e-08
4.60156317493609e-07,0.11640260799999998,0.8585084662769803,0.0,0.0,0.32419172473710967,0.1129090046614792,0.018975008904459578,9.5550701426652767e-24,3.2101427306345672e-07,3.8367829593777145e-05,1.6298703961504964e-14,2.5190741134346186e-08,9.649314425711103e-09,0.0001027131992772453,3.428510801057138e-12,3.7620104333617176e-08,2.9569610103910238e-09,9.9104697525764471e-10,1.7783875497545982e-13,1.3841803462950704e-17,5.6279285855659138e-09,3.0671815134038537e-10,0.0056580345936376435,0.0076927269602637691,1.3091417499397313e-07,2.3114893664464804e-08,2.4350803154108153e-05,1.5845831623811202e-11,5.720609201142441e-07,1.5101714459163759e-08
4.619350905958004e-07,0.11640260799999998,0.8585084662769803,0.0,0.0,0.32416569352986191,0.1129087822036681,0.018961789897885849,9.9151381008625347e-24,3.2542388840697046e-07,3.867359589042419e-05,1.670431108171807e-14,2.5636007198486919e-08,9.7491528008668299e-09,0.00010340167095588987,3.5263180954318009e-12,3.7762416353130125e-08,3.0082704450633532e-09,1.0055148278847006e-09,1.8156526687565432e-13,1.4286542091210393e-17,5.6745800288668784e-09,3.1334263682795043e-10,0.0056575668139885417,0.0077191600822249596,1.3146825740773586e-07,2.3253899726363166e-08,2.4411439146523332e-05,1.6058105296676368e-11,5.7659656268284062e-07,1.5192409848919646e-08
4.6371386369799173e-07,0.11640260799999998,0.8585084662769803,0.0,0.0,0.32413968486498257,0.11290855799946119,0.018948582219264223,1.0287199352988334e-23,3.2987490695594464e-07,3.8980111112796762e-05,1.7118337165793622e-14,2.6087220422609107e-08,9.8495888239583502e-09,0.0001040915678150031,3.6264841623411818e-12,3.7904687372174495e-08,3.0602410321565149e-09,1.0201309724986536e-09,1.8535353369327636e-13,1.4743616142754726e-17,5.7213750101643672e-09,3.2008184651550649e-10,0.0056570993414526288,0.0077455705056389389,1.3202216516322286e-07,2.3393098849738805e-08,2.4471913561520669e-05,1.6272306189679095e-11,5.811428278388332e-07,1.5283182876626396e-08
4.654926368001831e-07,0.11640260799999998,0.8585084662769803,0.0,0.0,0.32411369871650048,0.11290833205848064,0.018935385855747812,1.067159962346915e-23,3.3436753405329404e-07,3.9287370045417653e-05,1.7540920947874626e-14,2.6544432595024911e-08,9.9506229991025949e-09,0.00010478288007649097,3.7290551024494226e-12,3.8046920806670018e-08,3.1128780484138124e-09,1.0348962438910121e-09,1.8920429326983755e-13,1.5213312184674966e-17,5.7683125988506279e-09,3.2693725578799312e-10,0.0056566321760743356,0.0077719582559986041,1.3257589293462218e-07,2.3532489543537451e-08,2.4532226920172348e-05,1.648844319695791e-11,5.8569963536480757e-07,1.5374031839227809e-08
4.6727140990237443e-07,0.11640260799999998,0.8585084662769803,0.0,0.0,0.32408773505848848,0.11290810439034128,0.018922200794509226,1.1068692995398459e-23,3.389019749310708e-07,3.9595367479318659e-05,1.7972202817122247e-14,2.7007695662002866e-08,1.0052255819219375e-08,0.00010547559796879614,3.8340776917728023e-12,3.8189120041928042e-08,3.1661867789265424e-09,1.0498114764836197e-09,1.9311828838888633e-13,1.5695922089951225e-17,5.815391862767988e-09,3.3391035178155766e-10,0.0056561653178984397,0.007798323358757981,1.3312943542272422e-07,2.3672070320315185e-08,2.4592379737468447e-05,1.6706525201959317e-11,5.9026690516912495e-07,1.5464955039114548e-08
4.690501830045658e-07,0.11640260799999998,0.8585084662769803,0.0,0.0,0.32406179386506406,0.11290787500465056,0.018909027022740516,1.1478842071375103e-23,3.4347843470585218e-07,3.9904098212073608e-05,1.8412324828868464e-14,2.7477061726077726e-08,1.0154487766067297e-08,0.00010616971172710575,3.9415993877557363e-12,3.8331288432973378e-08,3.2201725168867342e-09,1.0648775043031534e-09,1.9709626677057949e-13,1.6191743108357421e-17,5.8626118682605832e-09,3.4100263340207474e-10,0.0056556987669700472,0.0078246658393323204,1.3368278735534026e-07,2.3811839696356387e-08,2.4652372522462981e-05,1.6926561077024566e-11,5.9484455728629371e-07,1.5555950784141867e-08
4.7082895610675713e-07,0.11640260799999998,0.8585084662769803,0.0,0.0,0.3240358751103885,0.11290764391100826,0.018895864527653159,1.1902418136552422e-23,3.4809711837424968e-07,4.0213557047833184e-05,1.8861430715757997e-14,2.7952583044352619e-08,1.025731931027979e-08,0.00010686521159355821,4.0516683353510079e-12,3.847342930486227e-08,3.2748405633394421e-09,1.080095160955918e-09,2.0113898106593788e-13,1.6701077937869734e-17,5.9099716802256458e-09,3.4821561134311751e-10,0.005655232523334588,0.0078509857230981625,1.3423594348640805e-07,2.3951796192021856e-08,2.4712205778413643e-05,1.71485596847145e-11,5.994325118773703e-07,1.5647017387647146e-08
4.726077292089485e-07,0.11640260799999998,0.8585084662769803,0.0,0.0,0.32400997876866694,0.11290741111900628,0.01888271329647799,1.2339801323913208e-23,3.5275823080840933e-07,4.0523738797361157e-05,1.9319665898878978e-14,2.8434312026793798e-08,1.0360750911401246e-08,0.00010756208781744869,4.1643333731036139e-12,3.8615545952996237e-08,3.3301962269346199e-09,1.0954652796026051e-09,2.0524718885079064e-13,1.7224234796576375e-17,5.9574703621643694e-09,3.5555080810337874e-10,0.0056547665870377928,0.0078772830353934266,1.347888985964201e-07,2.4091938331330703e-08,2.4771880002919666e-05,1.7372529876386143e-11,6.0403068923038216e-07,1.5738153168466959e-08
4.7438650231113984e-07,0.11640260799999998,0.8585084662769803,0.0,0.0,0.32398410481414808,0.11290717663822862,0.018869573316465178,1.2791380781785482e-23,3.5746197675144437e-07,4.0834638278072183e-05,1.9787177498881629e-14,2.892230123451812e-08,1.0464783017923273e-08,0.00010826033065543433,4.2796440392376638e-12,3.8757641643431773e-08,3.3862448236785752e-09,1.1109886929330917e-09,2.0942165261940501e-13,1.7761527495086485e-17,6.0051069762323482e-09,3.630097580035395e-10,0.0056543009581256857,0.007903557801517502,1.3534164749320249e-07,2.4232264641999232e-08,2.4831395688055851e-05,1.759848049120499e-11,6.0863900976077369e-07,1.5829356450953995e-08
4.761652754133312e-07,0.11640260799999998,0.8585084662769803,0.0,0.0,0.32395825322112426,0.11290694047825099,0.018856444574884203,1.3257554843613867e-23,3.6220856081302609e-07,4.1146250314070946e-05,2.0264114347084196e-14,2.9416603378073448e-08,1.0569416067321061e-08,0.00010895993037173777,4.3976505777457443e-12,3.8899719613185862e-08,3.4429916766850497e-09,1.1266662331416536e-09,2.1366313977780554e-13,1.8313275509435884e-17,6.0528805832896079e-09,3.7059400720258781e-10,0.0056538356366445672,0.0079298100467312931,1.3589418501062703e-07,2.4372773655999777e-08,2.4890753320499612e-05,1.7826420358427314e-11,6.1325739401187513e-07,1.5920625564993856e-08
4.779440485155226e-07,0.11640260799999998,0.8585084662769803,0.0,0.0,0.32393242396393085,0.11290670264864072,0.018843327059023782,1.3738731200001419e-23,3.669981874649893e-07,4.1458569736192579e-05,2.0750626996565452e-14,2.9917271315711877e-08,1.067465048608985e-08,0.00010966087723834989,4.5184039444801814e-12,3.9041783070537417e-08,3.5004421159259323e-09,1.1424987319021015e-09,2.1797242263678138e-13,1.8879804054487447e-17,6.1007902429502098e-09,3.7830511371358289e-10,0.0056533706226410034,0.0079560397962573463,1.3644650600895537e-07,2.4513463909026512e-08,2.494995338165714e-05,1.8056358295796421e-11,6.1788576265539192e-07,1.6011958846021525e-08
4.797228216177139e-07,0.11640260799999998,0.8585084662769803,0.0,0.0,0.32390661701694623,0.11290646315895661,0.018830220756191885,1.4235327073036361e-23,3.7183106103679289e-07,4.177159138204442e-05,2.1246867733243176e-14,3.0424358051656407e-08,1.0780486689781519e-08,0.00011036316153523176,4.6419558132456069e-12,3.9183835195324414e-08,3.5586014779816297e-09,1.1584870203428696e-09,2.2235027840458406e-13,1.9461444157823608e-17,6.1488350136314333e-09,3.861446474188664e-10,0.0056529059161618111,0.0079822470752798878,1.3699860537620517e-07,2.4654333940370731e-08,2.5008996347787123e-05,1.8288303107467443e-11,6.2252403649191292e-07,1.610335463503751e-08
4.815015947199053e-07,0.11640260799999998,0.8585084662769803,0.0,0.0,0.32388083235459164,0.11290622201874863,0.018817125653715631,1.4747769392918327e-23,3.7670738571118944e-07,4.2085310096048904e-05,2.1752990586937798e-14,3.0937916734360779e-08,1.0886925083041268e-08,0.00011106677355051559,4.7683585818922402e-12,3.9325879139236826e-08,3.617475105791124e-09,1.1746319290226557e-09,2.2679748917931525e-13,2.0058532734128588e-17,6.1970139526025628e-09,3.9411419008471973e-10,0.0056524415172540437,0.0080084319089449244,1.3755047802636819e-07,2.4795382293780289e-08,2.5067882690116216e-05,1.8522263587637119e-11,6.2717213645143896e-07,1.6194811278623861e-08
4.832803678220966e-07,0.11640260799999998,0.8585084662769803,0.0,0.0,0.32385506995133123,0.11290597923755787,0.018804041738941301,1.5276494976898477e-23,3.8162736551995481e-07,4.239972072948753e-05,2.2269151342420535e-14,3.1458000654762731e-08,1.0993966059644402e-08,0.00011177170358070395,4.8976653784093213e-12,3.9467918026105377e-08,3.6770683484017215e-09,1.1909342879059747e-09,2.3131484194100656e-13,2.0671412660057841e-17,6.2453261160332554e-09,4.0221533537546497e-10,0.0056519774259649793,0.0080345943223603337,1.3810211889947335e-07,2.4936607516830216e-08,2.512661287495442e-05,1.8758248519052337e-11,6.3182998359392622e-07,1.6286327128960005e-08
4.85059140924288e-07,0.11640260799999998,0.8585084662769803,0.0,0.0,0.32382932978167145,0.1129057348249163,0.018790968999234294,1.5821950710547622e-23,3.8659120433936428e-07,4.2714818140545882e-05,2.2795507550445404e-14,3.198466324453108e-08,1.1101610002533243e-08,0.00011247794193086912,5.0299300670180716e-12,3.9609954952185947e-08,3.7373865607185383e-09,1.2073949263385003e-09,2.359031285433915e-13,2.1300432849592069e-17,6.2937705590415048e-09,4.1044968886701116e-10,0.0056515136423421104,0.0080607343405959056,1.3865352296386789e-07,2.5078008160499711e-08,2.5185187363810187e-05,1.899626666903448e-11,6.3649749910984852e-07,1.637790054383817e-08
4.868379140264793e-07,0.11640260799999998,0.8585084662769803,0.0,0.0,0.32380361182016104,0.11290548879034652,0.018777907421979059,1.6384593731366604e-23,3.9159910588592184e-07,4.3030597194359881e-05,2.3332218538764342e-14,3.2517958074306502e-08,1.1209857283854114e-08,0.00011318547891485068,5.1652072542636483e-12,3.9751992986439855e-08,3.7984351032537125e-09,1.2240146730231358e-09,2.4056314570537104e-13,2.1945948329873242e-17,6.3423463357411948e-09,4.1881886805984367e-10,0.0056510501664331306,0.008086851988683464,1.3920468521387079e-07,2.5219582780439428e-08,2.5243606613495308e-05,1.9236326794881509e-11,6.411746043207756e-07,1.6469529886678635e-08
4.886166871286707e-07,0.11640260799999998,0.8585084662769803,0.0,0.0,0.32377791604139095,0.11290524114336176,0.018764856994579093,1.6964891614752772e-23,3.9665127371225117e-07,4.3347052763062505e-05,2.3879445423124754e-14,3.3057938851936088e-08,1.1318708264994433e-08,0.00011389430485545187,5.3035522951054326e-12,3.9894035170809767e-08,3.860219341875403e-09,1.2407943559960517e-09,2.4529569500217294e-13,2.2608320317519731e-17,6.39105249928927e-09,4.2732450239145708e-10,0.0056505869982859192,0.00811294729161691,1.3975560066919955e-07,2.536132993631511e-08,2.5301871076230024e-05,1.9478437643145511e-11,6.4586122067996414e-07,1.6561213526544883e-08
4.90395460230862e-07,0.11640260799999998,0.8585084662769803,0.0,0.0,0.32375224241999423,0.11290499189346549,0.018751817704456886,1.7563322562336474e-23,4.0174791120257074e-07,4.3664179725831847e-05,2.4437351118248929e-14,3.3604659420702242e-08,1.1428163296619907e-08,0.00011460441008463564,5.445021299005126e-12,4.0036084520491564e-08,3.9227446475565584e-09,1.2577348026022238e-09,2.5010158285620796e-13,2.3287916295417977e-17,6.4398881019324825e-09,4.3596823324822951e-10,0.0056501241379485305,0.0081390202743523345,1.4030626437861223e-07,2.5503248190882289e-08,2.5359981199751286e-05,1.9722607942532862e-11,6.5055726977296369e-07,1.6652949838158349e-08
4.921742333330534e-07,0.11640260799999998,0.8585084662769803,0.0,0.0,0.32372659093064543,0.11290474105015136,0.018738789539053901,1.8180375592701242e-23,4.068892215684518e-07,4.3981972968939884e-05,2.5006100348794399e-14,3.4158173757545815e-08,1.1538222718711825e-08,0.00011531578494371944,5.5896711360120368e-12,4.0178144024201767e-08,3.9860163961234987e-09,1.2748368394719332e-09,2.5498162052761989e-13,2.3985110089987639e-17,6.4888521950537596e-09,4.447517139767406e-10,0.0056496615854691795,0.0081650709618080568,1.4085667141701221e-07,2.5645336111775795e-08,2.5417937427407923e-05,1.9968846411430857e-11,6.5526267331823633e-07,1.6744737201912886e-08
4.939530064352448e-07,0.11640260799999998,0.8585084662769803,0.0,0.0,0.32370096154806105,0.11290448862290302,0.018725772485830502,1.8816550734501178e-23,4.1207540784492001e-07,4.4300427385801838e-05,2.5585859660294844e-14,3.471853597128324e-08,1.1648886860604451e-08,0.00011602841978356812,5.7375594428449355e-12,4.0320216644440986e-08,4.0500399680043266e-09,1.2921012924973729e-09,2.5993662410453616e-13,2.4700281948917445e-17,6.5379438292181772e-09,4.5367660989452922e-10,0.0056491993408962346,0.0081910993788647402,1.4140681688364471e-07,2.5787592270977038e-08,2.5475740198255675e-05,2.0217161759229087e-11,6.5997735316778838e-07,1.6836574003889212e-08
4.957317795374361e-07,0.11640260799999998,0.8585084662769803,0.0,0.0,0.32367535424699895,0.11290423462119394,0.018712766532265945,1.9472359221989063e-23,4.1730667288592263e-07,4.4619537877026428e-05,2.6176797430080627e-14,3.5285800300818601e-08,1.1760156041022483e-08,0.00011674230496478688,5.8887446289699589e-12,4.0462305317752945e-08,4.1148207479771893e-09,1.3095289868083242e-09,2.6496741449301389e-13,2.5433818619368607e-17,6.5871620542185409e-09,4.627445983002943e-10,0.0056487374042781995,0.0082171055503654413,1.419566959076707e-07,2.5930015243091394e-08,2.5533389947160206e-05,2.0467562674350238e-11,6.6470123130781398e-07,1.6928458635868992e-08
4.975105526396275e-07,0.11640260799999998,0.8585084662769803,0.0,0.0,0.32364976900225828,0.11290397905448717,0.018699771665858358,2.0148323692968274e-23,4.2258321936005337e-07,4.493929935046706e-05,2.6779083878178427e-14,3.5860021113350546e-08,1.1872030568118638e-08,0.00011745743085791338,6.0432858826738735e-12,4.0604412954979603e-08,4.1803641249184118e-09,1.3271207467490479e-09,2.700748174066875e-13,2.6186113426642923e-17,6.6365059191205592e-09,4.7195736848353481e-10,0.005648275775663709,0.00824308950111571,1.4250630364492716e-07,2.6072603607757879e-08,2.5590887104883906e-05,2.0720057833953691e-11,6.6943422985934877e-07,1.7020389495348591e-08
4.992893257418188e-07,0.11640260799999998,0.8585084662769803,0.0,0.0,0.32362420578867945,0.11290372193223525,0.018686787874124644,2.0844978389181879e-23,4.2790524974693657e-07,4.5259706721273118e-05,2.7392891078189246e-14,3.6441252902573397e-08,1.1984510739511317e-08,0.00011817378784360674,6.2012431771322e-12,4.0746542441511934e-08,4.2466754915505112e-09,1.3448773958555962e-09,2.7525966335611672e-13,2.6957566353312246e-17,6.6859744723076777e-09,4.8131662173363169e-10,0.0056478144551015087,0.0082690512558836471,1.4305563527394483e-07,2.6215355949524289e-08,2.5648232098170004e-05,2.0974655909568017e-11,6.7417627107893399e-07,1.711236498555274e-08
5.010680988440102e-07,0.11640260799999998,0.8585084662769803,0.0,0.0,0.32359866458114384,0.11290346326387998,0.018673815144600512,2.156286935915155e-23,4.3327296633269435e-07,4.5580754911942217e-05,2.8018392968144158e-14,3.7029550286873559e-08,1.2097596842322334e-08,0.00011889136631283785,6.3626772764715274e-12,4.0888696637536625e-08,4.3137602441901376e-09,1.3627997568315565e-09,2.8052278763783482e-13,2.7748584118806294e-17,6.7355667615254788e-09,4.9082407134836944e-10,0.0056473534426404477,0.0082949908393999995,1.4360468600413701e-07,2.635827085492162e-08,2.5705425349842352e-05,2.1231365547913135e-11,6.7892727735929171e-07,1.7204383515448009e-08
5.028468719462015e-07,0.11640260799999998,0.8585084662769803,0.0,0.0,0.32357314535457382,0.11290320305885229,0.018660853464840414,2.2302554663479425e-23,4.3868657120553648e-07,4.5902438852373287e-05,2.8655765361336999e-14,3.7624968007521809e-08,1.2211289153214778e-08,0.00011961015666707806,6.5276497418254662e-12,4.1030878378278872e-08,4.3816237824959326e-09,1.380888651525249e-09,2.8586503032310261e-13,2.855958025945545e-17,6.7852818339257231e-09,5.0048144264189826e-10,0.0056468927383294702,0.0083209082763582159,1.4415345107276738e-07,2.6501346915527752e-08,2.5762467278885333e-05,2.1490195382109474e-11,6.8368717123000741e-07,1.7296443499755776e-08
5.046256450483929e-07,0.11640260799999998,0.8585084662769803,0.0,0.0,0.32354764808393205,0.11290294132657208,0.018647902822417472,2.3064604582625329e-23,4.4414626625251643e-07,4.622475347991952e-05,2.9305185957133582e-14,3.8227560926859452e-08,1.2325587938430915e-08,0.00012033014931848518,6.6962229373836232e-12,4.1173090474240899e-08,4.4502715092163544e-09,1.3991449009079328e-09,2.912872362463643e-13,2.9390975208985282e-17,6.8351187361100265e-09,5.1029047295213515e-10,0.0056464323422175918,0.0083468035914145491,1.4470192573734921e-07,2.6644582728741488e-08,2.5819358300515615e-05,2.1751154045400926e-11,6.884558753582209e-07,1.7388543358965172e-08
5.064044181505842e-07,0.11640260799999998,0.8585084662769803,0.0,0.0,0.32352217274422246,0.1129026780764479,0.018634963204923513,2.3849601827171953e-23,4.4965225315504348e-07,4.6547693739442134e-05,2.9966834351756409e-14,3.8837384026480628e-08,1.244049345383022e-08,0.00012105133469008977,6.8684600364330101e-12,4.1315335711436539e-08,4.5197088299374555e-09,1.4175693250495645e-09,2.9679025499340924e-13,3.0243196379459332e-17,6.8850765141731431e-09,5.2025291164760655e-10,0.0056459722543539051,0.0083726768091881027,1.452501052871656e-07,2.6787976893126562e-08,2.5876098826280517e-05,2.2014250141879063e-11,6.9323331254932608e-07,1.748068151934592e-08
5.080053139425564e-07,0.11640260799999998,0.8585084662769803,0.0,0.0,0.3234992636688036,0.11290243986134664,0.018623326965252866,2.4576211105191172e-23,4.546473874242453e-07,4.6838870716373427e-05,3.0572922648249769e-14,3.9392452157230185e-08,1.2544427375127258e-08,0.00012170141339384565,7.0266589325506784e-12,4.144338704375674e-08,4.5828819912613654e-09,1.434295773239722e-09,3.0181277283200302e-13,3.1028360795495541e-17,6.9301410745291123e-09,5.293517261957307e-10,0.0056455584388694115,0.0083959438323253695,1.4574321068935777e-07,2.6917165877163979e-08,2.5927036962748638e-05,2.2252871231403715e-11,6.9754040910071808e-07,1.7563637315169757e-08
5.096062097345286e-07,0.11640260799999998,0.8585084662769803,0.0,0.0,0.32347637231905985,0.11290220043124624,0.018611699636719801,2.5322332698281538e-23,4.5968032801576129e-07,4.713054669216159e-05,3.1189196099781006e-14,3.9953461610052688e-08,1.2648853118712907e-08,0.0001223524434866595,7.1879246266223142e-12,4.1571469454476603e-08,4.6467030484963253e-09,1.4511597030091229e-09,3.0690206707739629e-13,3.1831067954030222e-17,6.9753020752848003e-09,5.3857752052431105e-10,0.005645144873141621,0.0084191929944702343,1.4623606985678605e-07,2.7046480981041812e-08,2.5977853822998156e-05,2.2493236860666979e-11,7.0185446093932733e-07,1.7646621725831841e-08
5.112071055265008e-07,0.11640260799999998,0.8585084662769803,0.0,0.0,0.32345349867685236,0.11290195979298163,0.018600081210317386,2.6088418081271803e-23,4.6475122151188357e-07,4.7422717997427092e-05,3.1815789615786051e-14,4.0520452707030551e-08,1.275377084968877e-08,0.0001230044180102491,7.3523048769991995e-12,4.1699584924630889e-08,4.7111759472057796e-09,1.4681617102272776e-09,3.1205876690024465e-13,3.2651644262170141e-17,7.0205588201601729e-09,5.4793159494205306e-10,0.0056447315572064156,0.0084424243134931867,1.4672867940854079e-07,2.7175921191875028e-08,2.602854969971629e-05,2.2735353277444316e-11,7.0617541208035978e-07,1.7729633616141969e-08
5.12808001318473e-07,0.11640260799999998,0.8585084662769803,0.0,0.0,0.32343064272406874,0.11290171795337983,0.018588471677050855,2.6874927423659226e-23,4.6986021434970892e-07,4.7715380967853347e-05,3.245283937696404e-14,4.1093465843931029e-08,1.2859180726439496e-08,0.000123657330013919,7.519847987891591e-12,4.1827735419748898e-08,4.7763046341861972e-09,1.4853023901164223e-09,3.1728350455729811e-13,3.3490420909959036e-17,7.0659106126483383e-09,5.57415257664649e-10,0.0056443184910997014,0.0084656378072405416,1.4722103598806617e-07,2.7305485498927299e-08,2.60791248833697e-05,2.2979226702474007e-11,7.1050320663151409e-07,1.7812671854732043e-08
5.144088971104451e-07,0.11640260799999998,0.8585084662769803,0.0,0.0,0.32340780444262274,0.11290147491926009,0.018576871027937574,2.7682329720486397e-23,4.7500745281941971e-07,4.8008531944219357e-05,3.3100482841576025e-14,4.1672541489121532e-08,1.2965082900655518e-08,0.00012431117255467478,7.6906028129113559e-12,4.1955922889982683e-08,4.842093057318202e-09,1.5025823372394606e-09,3.2257691538363498e-13,3.4347733919339558e-17,7.1113567560401352e-09,5.6702982481732616e-10,0.0056439056748573864,0.008488833493534487,1.4771313624742429e-07,2.7435172898538102e-08,2.6129579662232676e-05,2.3224863376331705e-11,7.1483778879340992e-07,1.7895735314063904e-08
5.158497033232201e-07,0.11640260799999998,0.8585084662769803,0.0,0.0,0.32338726508338789,0.11290125517286907,0.018566438032272252,2.8427250104925825e-23,4.7967278824596165e-07,4.8272782047813398e-05,3.3692534219880637e-14,4.2198926519131779e-08,1.3060815891778335e-08,0.00012490042071846275,7.8470689940381299e-12,4.2071324826424904e-08,4.9018699762261052e-09,1.518253853999412e-09,3.2740022826584379e-13,3.5135445871731091e-17,7.1523383791414287e-09,5.7579595269543076e-10,0.0056435343539030488,0.0085096944005369959,1.4815580457567384e-07,2.7551995970951279e-08,2.6174886253649316e-05,2.3447449096365589e-11,7.1874467010333489e-07,1.7970513062377355e-08
5.172905095359951e-07,0.11640260799999998,0.8585084662769803,0.0,0.0,0.32336674001015964,0.11290103446939548,0.018556012218973652,2.918983552894849e-23,4.8436932744136524e-07,4.8537421816078241e-05,3.42933808987531e-14,4.2730284619638552e-08,1.3156947862511948e-08,0.00012549041194940435,8.0062130784050363e-12,4.2186759680233444e-08,4.9621873591844661e-09,1.534039090748423e-09,3.3228015100280933e-13,3.5938700276814969e-17,7.1933953538598652e-09,5.8467015623350235e-10,0.0056431632353941491,0.0085305409108771789,1.485982601802942e-07,2.766891720131012e-08,2.6220095756134182e-05,2.3671472591445616e-11,7.2265696371012662e-07,1.8045309512725911e-08
5.187313157487701e-07,0.11640260799999998,0.8585084662769803,0.0,0.0,0.32334622920980727,0.11290081281379373,0.018545593581518562,2.9970446758496645e-23,4.8909717673611084e-07,4.8802448592160927e-05,3.4903125764554505e-14,4.3266645438585384e-08,1.3253478909620882e-08,0.00012608114120247324,8.1680718358204952e-12,4.2302228841614329e-08,5.0230480858583988e-09,1.5499384794999674e-09,3.37217153117333e-13,3.6757752330407406e-17,7.2345271719705182e-09,5.9365341132781555e-10,0.0056427923193568628,0.0085513730374974541,1.4904050065486619e-07,2.7785935867548509e-08,2.6265208375463203e-05,2.3896938404832744e-11,7.2657462913082904e-07,1.8120123851117111e-08
5.200280413402676e-07,0.11640260799999998,0.8585084662769803,0.0,0.0,0.32332778168196014,0.11290061251377304,0.018536222937770123,3.0688712036796666e-23,4.9337909903631463e-07,4.9041301389191084e-05,3.5459589817153698e-14,4.3753672040135118e-08,1.3340698138801883e-08,0.00012661342437371339,8.3160964507245622e-12,4.2406181560952252e-08,5.0782896790607994e-09,1.5643458860234295e-09,3.4170964756003466e-13,3.7508619741214039e-17,7.2716093792637485e-09,6.0183239075695357e-10,0.0056424586680581638,0.0085701096640594162,1.4943833116864564e-07,2.7891335371002174e-08,2.6305727066764985e-05,2.4101094537107123e-11,7.3010508750119271e-07,1.8187471379218028e-08
5.211950943726154e-07,0.11640260799999998,0.8585084662769803,0.0,0.0,0.32331118877460396,0.11290043159076435,0.018527794319593529,3.1348113106369135e-23,4.9725465043193356e-07,4.9256533494299841e-05,3.5966704724132455e-14,4.4195499092752487e-08,1.3419471942742278e-08,0.00012709298382121146,8.4512469519505741e-12,4.2499764550483663e-08,5.1283871355796552e-09,1.5773921664897846e-09,3.457930346276424e-13,3.8195677653798675e-17,7.3050345403059397e-09,6.0927026932319986e-10,0.0056421585221449345,0.0085869626832523228,1.4979622655778234e-07,2.7986261458824758e-08,2.6342127056570407e-05,2.4285839751465675e-11,7.3328616797053495e-07,1.8248095493357817e-08
5.223621474049631e-07,0.11640260799999998,0.8585084662769803,0.0,0.0,0.32329460520839037,0.11290025005185565,0.018519370397915305,3.2020002598467909e-23,5.0115093310442133e-07,4.9472014802542645e-05,3.6479843473437279e-14,4.4640661290020439e-08,1.3498507738549967e-08,0.00012757301853234614,8.5882451427648526e-12,4.25933724890866e-08,5.1788462010005355e-09,1.5905141086782487e-09,3.4991471284834544e-13,3.8893565005625115e-17,7.3385079022450351e-09,6.1678144882319843e-10,0.0056418585091198353,0.0086038062882471157,1.5015397656926702e-07,2.8081250184010234e-08,2.6378463842905275e-05,2.4471539276943675e-11,7.3647070111100852e-07,1.8308729904837604e-08
5.235292004373109e-07,0.11640260799999998,0.8585084662769803,0.0,0.0,0.3232780309763737,0.11290006789966933,0.018510951169283925,3.2704584211272201e-23,5.0506800336208416e-07,4.9687743908590551e-05,3.6999062392536466e-14,4.5089174472754509e-08,1.3577805569354302e-08,0.00012805352583634714,8.7271112787034902e-12,4.2687006096950993e-08,5.2296684061315488e-09,1.6037119412656054e-09,3.5407493557414415e-13,3.9602423819934639e-17,7.3720291948843089e-09,6.2436645786766955e-10,0.0056415586289967562,0.0086206404858917875,1.5051157994643658e-07,2.8176301161960958e-08,2.6414737532631713e-05,2.465819549652084e-11,7.396586655281752e-07,1.8369374185936647e-08
5.246962534696587e-07,0.11640260799999998,0.8585084662769803,0.0,0.0,0.32326146607161532,0.1128998851368254,0.01850253663025124,3.3402064404496823e-23,5.0900591746729028e-07,4.9903719408619644e-05,3.7524418181986961e-14,4.5541054500125106e-08,1.365736547643888e-08,0.00012853450306481759,8.8678657773893652e-12,4.2780666090159468e-08,5.2808552817945865e-09,1.6169858927172986e-09,3.5827395700990606e-13,4.0322397582864631e-17,7.4055981480166876e-09,6.3202582730375917e-10,0.0056412588817895725,0.0086374652830276035,1.5086903544175883e-07,2.8271414009881101e-08,2.6450948232068097e-05,2.4845810794797517e-11,7.4285003985470584e-07,1.8430027910027147e-08
5.258633065020065e-07,0.11640260799999998,0.8585084662769803,0.0,0.0,0.32324491048718407,0.11289970176594152,0.018494126777372485,3.4112652428719648e-23,5.1296473163589904e-07,5.0119939900317826e-05,3.8055967916703657e-14,4.59963172494313e-08,1.3737187499246279e-08,0.00012901594755176224,9.0105292192498725e-12,4.2874353180710351e-08,5.3324083587948007e-09,1.6303361912846636e-09,3.6251203221150583e-13,4.1053631253913214e-17,7.4392144914294785e-09,6.3976009021504986e-10,0.0056409592675121488,0.0086542806864891159,1.5122634181132532e-07,2.8366588345764695e-08,2.648709604699939e-05,2.503438755386434e-11,7.4604480275047239e-07,1.8490690651576135e-08
5.270303595343542e-07,0.11640260799999998,0.8585084662769803,0.0,0.0,0.32322836421615603,0.11289951778963277,0.018485721607206268,3.4836560354902404e-23,5.16944502036704e-07,5.0336403982891885e-05,3.859376904722642e-14,4.6454978615874295e-08,1.3817271675382797e-08,0.00012949785663361041,9.1551223482336148e-12,4.2968068076540359e-08,5.3843291678901087e-09,1.6437630650021145e-09,3.6678941708394567e-13,4.1796271276433246e-17,7.4728779549090772e-09,6.4756978192152962e-10,0.0056406597861783404,0.0086710867031041666,1.5158349781475834e-07,2.846182378836063e-08,2.6523181082686538e-05,2.5223928152395478e-11,7.4924293290263838e-07,1.8551361986147764e-08
5.28197412566702e-07,0.11640260799999998,0.8585084662769803,0.0,0.0,0.32321182725161435,0.11289933321051179,0.018477321116314574,3.5574003104036835e-23,5.2094528479101782e-07,5.0553110257074502e-05,3.9137879400985389e-14,4.691705451233081e-08,1.3897618040623179e-08,0.00012998022764923396,9.3016660725261751e-12,4.3061811481547331e-08,5.436619239760703e-09,1.6572667416846678e-09,3.7110636837946231e-13,4.255046558814406e-17,7.506588268245663e-09,6.5545543997953533e-10,0.0056403604378019853,0.008687883339693888,1.5194050221747575e-07,2.8557119957210245e-08,2.6559203443872603e-05,2.5414434966266444e-11,7.5244440902575016e-07,1.8612041490404069e-08
5.293644655990498e-07,0.11640260799999998,0.8585084662769803,0.0,0.0,0.32319529958664928,0.11289914803118882,0.018468925301262765,3.6325198476973419e-23,5.2496713597228154e-07,5.0770057325131353e-05,3.9688357183563962e-14,4.7382560869126339e-08,1.3978226628915368e-08,0.00013046305793996737,9.450181465264804e-12,4.3155584095612628e-08,5.4892801049785895e-09,1.6708474489255518e-09,3.754631436956158e-13,4.3316363631669966e-17,7.5403451612378608e-09,6.6341760418165725e-10,0.0056400612223969126,0.0087046706030727335,1.522973537902133e-07,2.8652476472621912e-08,2.6595163234788261e-05,2.5605910368220607e-11,7.5564920986183168e-07,1.8672728742105461e-08
5.305315186313976e-07,0.11640260799999998,0.8585084662769803,0.0,0.0,0.32317878121435833,0.11289896225427139,0.018460534158619559,3.7090367184492517e-23,5.2901011160561678e-07,5.0987243790867998e-05,4.024526097995868e-14,4.7851513633808104e-08,1.4059097472385254e-08,0.000130946344849629,9.6006897652516258e-12,4.3249386614623276e-08,5.5423132939771423e-09,1.6845054140936867e-09,3.7986000147335272e-13,4.4094116365114925e-17,7.5741483636973936e-09,6.7145681655659339e-10,0.0056397621399769332,0.0087214485000484607,1.5265405130811373e-07,2.8747892955681201e-08,2.6631060559158568e-05,2.5798356727952038e-11,7.5885731418047562e-07,1.873342332011208e-08
5.316985716637453e-07,0.11640260799999998,0.8585084662769803,0.0,0.0,0.32316227212784632,0.11289877588236472,0.018452147684957038,3.7869732877614782e-23,5.3307426766734821e-07,5.1204668259636924e-05,4.0808649755836255e-14,4.8323928770917898e-08,1.4140230601341406e-08,0.00013143008572454203,9.753212377665411e-12,4.3343219730493562e-08,5.5957203370206746e-09,1.698240864331089e-09,3.8429720099504465e-13,4.488387627267299e-17,7.6079976054536699e-09,6.7957362136895171e-10,0.0056394631905558419,0.0087382170374221673,1.5301059355118864e-07,2.8843369028250323e-08,2.6666895520210465e-05,2.5991776412075318e-11,7.6206870077893641e-07,1.8794124804385307e-08
5.328656246960931e-07,0.11640260799999998,0.8585084662769803,0.0,0.0,0.32314577232022501,0.11289858891807136,0.018443765876850631,3.8663522178120001e-23,5.3715966008454216e-07,5.1422329338344468e-05,4.1378582858787687e-14,4.8799822261764577e-08,1.4221626044279866e-08,0.00013191427791355489,9.9077708747720144e-12,4.3437084131186598e-08,5.6495027641740513e-09,1.7120540265503366e-09,3.8877500238250496e-13,4.568579737526876e-17,7.6418926163583688e-09,6.8776856511901248e-10,0.0056391643741474139,0.0087549762219882674,1.5336697930460938e-07,2.8938904312968342e-08,2.6702668220679567e-05,2.618617178410047e-11,7.6528334848222195e-07,1.885483277598864e-08
5.351997307607886e-07,0.11640260799999998,0.8585084662769803,0.0,0.0,0.32311280051413749,0.11289821322272196,0.018427016243624687,4.0295293127230756e-23,5.4539437744471224e-07,5.1858355761012687e-05,4.2538321353397323e-14,4.976210831237386e-08,1.4385203977053695e-08,0.00013288400564202111,1.0223082651812245e-11,4.3624909519264564e-08,5.7581998898903104e-09,1.7399143934227275e-09,3.9785345542710215e-13,4.7326746997041001e-17,7.7098188651583546e-09,7.0439506660987515e-10,0.0056385671404235622,0.0087884665598420997,1.540792765073526e-07,2.9130151013294591e-08,2.6774027248392122e-05,2.6577899030292794e-11,7.7172234264262167e-07,1.8976266510956075e-08
5.373004262190146e-07,0.11640260799999998,0.8585084662769803,0.0,0.0,0.32308315755350858,0.11289787309700117,0.018411957495636642,4.1815551103833152e-23,5.5287881144088524e-07,5.2251574803952772e-05,4.3605070836035167e-14,5.0640222387439732e-08,1.4533321479299496e-08,0.00013375827754792951,1.0514045835818692e-11,4.3794066184123843e-08,5.8573264611439499e-09,1.7652567701876832e-09,4.0616554820596135e-13,4.8846769923140447e-17,7.7711063100544512e-09,7.1963168137248523e-10,0.0056380300851132104,0.0088185759453340788,1.5471979670778687e-07,2.9302471779376036e-08,2.6838038462946322e-05,2.6933814051124242e-11,7.7752837850947316e-07,1.9085574878926186e-08
5.394011216772407e-07,0.11640260799999998,0.8585084662769803,0.0,0.0,0.32305354454968566,0.11289753109230419,0.018396913810944604,4.3386205041546352e-23,5.6043291870878568e-07,5.2645538869467184e-05,4.4693964500239504e-14,5.1529855612201773e-08,1.4682289239678698e-08,0.00013463397059837202,1.0811948489747069e-11,4.396333473264379e-08,5.9576930601566249e-09,1.7908544519700587e-09,4.1461327459744315e-13,5.0408661823093571e-17,7.8325378471413817e-09,7.3513006761378434e-10,0.0056374934609772056,0.008848655133092638,1.553597912115763e-07,2.9474978559658095e-08,2.6901849529163845e-05,2.7292926914498893e-11,7.8334465232076954e-07,1.9194897801028111e-08
5.415018171354667e-07,0.11640260799999998,0.8585084662769803,0.0,0.0,0.3230239614627532,0.1128971872237146,0.018381885169697333,4.5008688115171298e-23,5.6805702357614977e-07,5.3040239890146688e-05,4.5805362435229176e-14,5.2431101765895857e-08,1.4832107359470057e-08,0.00013551106942580505,1.1116922557775913e-11,4.4132719036902455e-08,6.0593085990566987e-09,1.8167087535023493e-09,4.2319818171581261e-13,5.2013377925858513e-17,7.8941119023134508e-09,7.5089349331427678e-10,0.0056369572680950953,0.0088787041625030365,1.5599925311037701e-07,2.9647669181517829e-08,2.6965461029256438e-05,2.7655251289987938e-11,7.8917104159969836e-07,1.9304232874011618e-08
5.436025125936927e-07,0.11640260799999998,0.8585084662769803,0.0,0.0,0.32299440825286946,0.11289684150628777,0.018366871552078511,4.6684467193610704e-23,5.7575144981872841e-07,5.3435669815454559e-05,4.693962883859301e-14,5.3344054785576348e-08,1.4982775921306027e-08,0.00013638955869079431,1.14291017942741e-11,4.4302222929129491e-08,6.1621819854621743e-09,1.8428209869125361e-09,4.3192182532189946e-13,5.3661890451580274e-17,7.9558269020549297e-09,7.6692524988933191e-10,0.0056364215065461418,0.0089087230728812743,1.5663817554766559e-07,2.9820541480517445e-08,2.7028873540767464e-05,2.8020800813223536e-11,7.9500742416818797e-07,1.9413577706276617e-08
5.457032080519187e-07,0.11640260799999998,0.8585084662769803,0.0,0.0,0.32296488488026664,0.11289649395505048,0.018351872938306615,4.8415043452721868e-23,5.8351652065211786e-07,5.383182061185922e-05,4.8097132039497985e-14,5.4268808761795168e-08,1.5134294989263407e-08,0.0001372694230823883,1.1748621776969548e-11,4.4471850202070736e-08,6.2663221219108876e-09,1.8691924616785273e-09,4.4078576978204111e-13,5.5355188817632797e-17,8.0176812735221161e-09,7.8322865217721483e-10,0.0056358861764093061,0.0089387119034742557,1.5727655171791079e-07,2.9993593300409747e-08,2.7092087636680848e-05,2.8389589085579292e-11,8.0085367814865717e-07,1.9522929917891412e-08
5.478039035101447e-07,0.11640260799999998,0.8585084662769803,0.0,0.0,0.32293539130525001,0.11289614458500055,0.018336889308634894,5.0201952995641839e-23,5.9135255872368984e-07,5.4228684262966556e-05,4.9278244521791225e-14,5.5205457934276991e-08,1.528666460895414e-08,0.0001381506473184863,1.2075619920060245e-11,4.4641604609344554e-08,6.3717379052917655e-09,1.8958244845830263e-09,4.4979158802630563e-13,5.7094279845635723e-17,8.0796734446244869e-09,7.9980703842560325e-10,0.0056353512777632259,0.0089686706934599524,1.5791437486649231e-07,3.0166822493144962e-08,2.7155103885526707e-05,2.8761629673860973e-11,8.0670968196576199e-07,1.963228714060949e-08
5.499045989683707e-07,0.11640260799999998,0.8585084662769803,0.0,0.0,0.32290592748819796,0.1128957934111067,0.018321920643351232,5.2046767480469064e-23,5.9925988610458813e-07,5.4626252769652128e-05,5.0483342946996279e-14,5.6154096687591467e-08,1.5439884807616157e-08,0.00013903321614620249,1.2410235487266828e-11,4.4811489865790502e-08,6.4784382262772724e-09,1.9227183596687964e-09,4.5894086150601724e-13,5.8880187969410965e-17,8.1418018441050212e-09,8.1666377027662656e-10,0.0056348168106861926,0.0089985994819475734,1.5855163829039427e-07,3.0340226918874177e-08,2.7217922851483851e-05,2.9136936109984019e-11,8.1257531434814111e-07,1.9741647017885586e-08
5.520052944265967e-07,0.11640260799999998,0.8585084662769803,0.0,0.0,0.32287649338956176,0.11289544044830789,0.018306966922778126,5.3951094755491519e-23,6.0723882428179177e-07,5.5024518150193033e-05,5.1712808177199365e-14,5.7114819546822598e-08,1.5593955594204458e-08,0.0001399171143422287,1.2752609604823743e-11,4.4981509647810227e-08,6.5864319687570555e-09,1.9498753881943394e-09,4.6823518015057031e-13,6.0713955443888291e-17,8.2040649016195727e-09,8.338022327503907e-10,0.0056342827752561319,0.0090284983079777312,1.5918833533760262e-07,3.0513804445951863e-08,2.7280545094479424e-05,2.9515521890663575e-11,8.1845045433015728e-07,1.9851007204891853e-08
5.541059898848227e-07,0.11640260799999998,0.8585084662769803,0.0,0.0,0.32284708896986514,0.11289508571151334,0.018292028127272555,5.5916579501883278e-23,6.1528969415023945e-07,5.5423472440399642e-05,5.2967025297825227e-14,5.8087721173235758e-08,1.5748876959482213e-08,0.00014080232671319319,1.3102885274407888e-11,4.5151667593700649e-08,6.6957280092728495e-09,1.9772968685899165e-09,4.7767614232355009e-13,6.2596642554928702e-17,8.266461047815449e-09,8.5122583422701773e-10,0.0056337491715505849,0.0090583672105225988,1.598244594066865e-07,3.068755295094182e-08,2.7342971170286151e-05,2.9897400477118986e-11,8.2433498125363304e-07,1.9960365368533122e-08
5.583073808012746e-07,0.11640260799999998,0.8585084662769803,0.0,0.0,0.3227883690097485,0.1128943709754221,0.018262195233064105,6.0037788225308553e-23,6.3160850953373798e-07,5.6223415981503048e-05,5.5551276804315566e-14,6.0070440027561793e-08,1.6061271298747764e-08,0.00014257663335825145,1.3827722730533577e-11,4.549241234168781e-08,6.9182624504619957e-09,2.0329383643109609e-09,4.9700443261026745e-13,6.6513108252274094e-17,8.3916463342607222e-09,8.8694220438758467e-10,0.0056326832596211305,0.0091180154007039389,1.6109496246083894e-07,3.1035554441964174e-08,2.74672370232105e-05,3.067108973288531e-11,8.361317148399224e-07,2.0179066352087425e-08
5.618406827708107e-07,0.11640260799999998,0.8585084662769803,0.0,0.0,0.32273907801842233,0.11289376453382084,0.018237152290103038,6.3708454761333597e-23,6.4555796933363189e-07,5.6898217736380348e-05,5.7804762055021589e-14,6.1776436447507481e-08,1.6326623284878406e-08,0.00014407273032939776,1.4463082036748067e-11,4.5779432922624346e-08,7.1095222527675118e-09,2.0805624161547038e-09,5.1372776514389733e-13,6.9968104827372868e-17,8.4973232031398357e-09,9.1789298577354155e-10,0.0056317881823989748,0.0091680862568651426,1.6216160258175025e-07,3.1328728629570594e-08,2.757114008174222e-05,3.1332065982902474e-11,8.4608056824439713e-07,2.0362963390267572e-08
5.653739847403468e-07,0.11640260799999998,0.8585084662769803,0.0,0.0,0.32268987046914271,0.11289315326986941,0.018212151311516583,6.7575379745023219e-23,6.5971515216508209e-07,5.7574863617407074e-05,6.0133534070539109e-14,6.3518145419486685e-08,1.6594380764393817e-08,0.0001455723450498728,1.5122761549500966e-11,4.6066891139041113e-08,7.3045835211266448e-09,2.1289516932258634e-09,5.3088744249521458e-13,7.3576244204811718e-17,8.6033558396786019e-09,9.4969646232403144e-10,0.0056308943275426918,0.0092180729726340799,1.6322653623801837e-07,3.1622358703272985e-08,2.767449539149933e-05,3.2002534552711831e-11,8.5605439114142717e-07,2.0546824249391628e-08
5.689072867098829e-07,0.11640260799999998,0.8585084662769803,0.0,0.0,0.32264074617612754,0.11289253725362074,0.018187192204818261,7.1647512121922081e-23,6.7408156719542181e-07,5.8253316244242734e-05,6.2539548530065831e-14,6.5296020833110873e-08,1.6864543181283668e-08,0.0001470754061184175,1.5807496760745586e-11,4.6354803242983717e-08,7.5034882252154573e-09,2.1781122884418516e-09,5.4849130724350558e-13,7.7343109891833856e-17,8.709736812576418e-09,9.8236951942123467e-10,0.0056300016954081069,0.0092679757315077375,1.6428973347341096e-07,3.1916434794561452e-08,2.7777305487147221e-05,3.268255844715117e-11,8.660526183882435e-07,2.0730638165485435e-08
5.72440588679419e-07,0.11640260799999998,0.8585084662769803,0.0,0.0,0.3225917049541614,0.1128919165548698,0.018162274877793264,7.593413538763773e-23,6.8865871840551484e-07,5.8933538384519583e-05,6.5024796226758375e-14,6.7110517412287999e-08,1.7137109839341059e-08,0.00014858184239370143,1.6518038917070355e-11,4.6643185199415305e-08,7.7062782429575926e-09,2.2280502695915892e-09,5.6654726671419268e-13,8.1274442286204348e-17,8.8164587028850157e-09,1.0159292279773156e-09,0.0056291102863467767,0.0093177947164448938,1.6535116473364776e-07,3.221094710069788e-08,2.787957287520902e-05,3.337220036963736e-11,8.7607468740353787e-07,2.0914394469220523e-08
5.75973890648955e-07,0.11640260799999998,0.8585084662769803,0.0,0.0,0.322542746618594,0.11289129124314964,0.018137399238497363,8.0444877109580784e-23,7.0344810449112306e-07,5.9615492955557726e-05,6.7591303360593133e-14,6.8962090656870809e-08,1.7412079903400663e-08,0.00015009158299878264,1.7255155185507704e-11,4.6932052689925914e-08,7.9129953530933681e-09,2.2787716787885779e-09,5.8506329231157847e-13,8.537614159686029e-17,8.9235141049697938e-09,1.0503928440238428e-09,0.0056282201007057369,0.0093675301098683043,1.6641080086530282e-07,3.250588588470753e-08,2.7981300035104497e-05,3.4071522718417624e-11,8.8612003819000011e-07,2.1098082586050646e-08
5.795071926184911e-07,0.11640260799999998,0.8585084662769803,0.0,0.0,0.32249387098533688,0.11289066138772738,0.018112565195255944,8.5189718646280482e-23,7.1845121876592748e-07,6.0299143026062361e-05,7.0241131827926248e-14,7.0851196784342226e-08,1.7689452400578969e-08,0.00015160455732547972,1.801962881730462e-11,4.7221421116284404e-08,8.1236812277937829e-09,2.3302825319342782e-09,6.040474188350068e-13,8.9654270784358822e-17,9.0308956274502828e-09,1.0857778082637201e-09,0.0056273311388272598,0.0094171820936668066,1.6746861311801506e-07,3.2801241475384097e-08,2.8082489420136945e-05,3.4780587582854483e-11,8.96188113356584e-07,2.1281692036330563e-08
5.830404945880272e-07,0.11640260799999998,0.8585084662769803,0.0,0.0,0.32244507787086019,0.11289002705760015,0.018087772656662955,9.0179005023127216e-23,7.3366954906586426e-07,6.0984451817806981e-05,7.2976379508364987e-14,7.2778292671562917e-08,1.7969226221515798e-08,0.00015312069503868237,1.88122593099538e-11,4.7511305603876068e-08,8.3383774253139116e-09,2.3825888181895972e-09,6.2350774378243467e-13,9.4115058515551393e-17,9.1385958941245049e-09,1.122101745593966e-09,0.0056264434010486041,0.0094667508491974514,1.6852457314014848e-07,3.3097004267259922e-08,2.8183143458439282e-05,3.5499456739827435e-11,9.0627835814056592e-07,2.1465212435426768e-08
5.865737965575633e-07,0.11640260799999998,0.8585084662769803,0.0,0.0,0.32239636709219011,0.11288938832149142,0.018063021531579921,9.5423454996917348e-23,7.4910457765502904e-07,6.1671382707297872e-05,7.5799180548370081e-14,7.4743835796586518e-08,1.8251400121617316e-08,0.00015463992608058543,1.9633862567146575e-11,4.7801721005002173e-08,8.5571253826930543e-09,2.4356964994557448e-09,6.434524266387451e-13,9.8764902135617746e-17,9.2466075448739549e-09,1.1593824645932605e-09,0.0056255568877017718,0.0095162365572876214,1.6957865297487388e-07,3.3393164720549123e-08,2.828326455387815e-05,3.6228191650238314e-11,9.1639022042932502e-07,2.1648633493815371e-08
5.901070985270994e-07,0.11640260799999998,0.8585084662769803,0.0,0.0,0.32234773846690634,0.11288874524784703,0.018038311729134924,1.0093417128602928e-22,7.6475778113295857e-07,6.2359899227421424e-05,7.871170564191032e-14,7.6748284180564083e-08,1.8535972722300211e-08,0.0001561621806748426,2.0485271056785683e-11,4.8092681902067676e-08,8.779966408499351e-09,2.4896115098637476e-09,6.6388968815117505e-13,1.0361037065395013e-16,9.354923236551947e-09,1.1976379569790808e-09,0.005624671599113281,0.0095656393982371402,1.7063082506467222e-07,3.3689713361142381e-08,2.8382855086918888e-05,3.6966853455480234e-11,9.2652315078186886e-07,2.1831945017162316e-08
5.936404004966355e-07,0.11640260799999998,0.8585084662769803,0.0,0.0,0.32229919181313899,0.11288809790483163,0.018013643158721598,1.0672265098241013e-22,7.8063063034341736e-07,6.3049965069071233e-05,8.1716162307840587e-14,7.8792096329748973e-08,1.8822942512236843e-08,0.00015768738933064763,2.1367333966855253e-11,4.838420261064868e-08,9.0069416756234179e-09,2.5443397552736013e-09,6.8482780959068277e-13,1.0865820774504104e-16,9.4635356438539087e-09,1.2368863970315496e-09,0.0056237875356039213,0.0096149595518203387,1.7168106224838992e-07,3.3986640780565117e-08,2.8481917415449517e-05,3.7715502974033361e-11,9.3667660245005148e-07,2.2015136906392688e-08
5.971737024661715e-07,0.11640260799999998,0.8585084662769803,0.0,0.0,0.32225072694956641,0.11288744636032487,0.017989015729998156,1.1280079613349758e-22,7.9672459028457541e-07,6.3741544082755586e-05,8.4814795164146059e-14,8.0875731177618686e-08,1.911230784860126e-08,0.00015921548284675632,2.2280917359189409e-11,4.8676297182455599e-08,9.2380922141207218e-09,2.5998871127813476e-09,7.0627513200059351e-13,1.139153347622094e-16,9.5724374601710253e-09,1.2771461409865808e-09,0.0056229046974885406,0.0096641971972881609,1.7272933775291741e-07,3.428393763586148e-08,2.8580453875576226e-05,3.8474200698237526e-11,9.4685003139950149e-07,2.2198199157753211e-08
6.007070044357076e-07,0.11640260799999998,0.8585084662769803,0.0,0.0,0.32220234369541206,0.11288679068191797,0.017964429352886373,1.1918092450324709e-22,8.1304112002065529e-07,6.443460028018408e-05,8.800988619884253e-14,8.2999648027126914e-08,1.9404066958315898e-08,0.00016074639231541762,2.3226904321000352e-11,4.8968979408188648e-08,9.4734589041058902e-09,2.6562594302353881e-09,7.2824005543195903e-13,1.1938885376451185e-16,9.6816213984266218e-09,1.3184357263968069e-09,0.0056220230850758061,0.0097133525133702246,1.7377562519896891e-07,3.4581594649579854e-08,2.867846678238309e-05,3.9243006790953606e-11,9.5704289633023196e-07,2.2381121862855406e-08
6.042403064052437e-07,0.11640260799999998,0.8585084662769803,0.0,0.0,0.32215404187044222,0.11288613093691013,0.017939883937570619,1.2587578050636634e-22,8.2958167259501341e-07,6.5129097835832622e-05,9.1303755037579351e-14,8.5164306493100487e-08,1.9698217939298779e-08,0.00016228004912622755,2.4206195114157478e-11,4.926226282029565e-08,9.7130824686995854e-09,2.7134625257626409e-09,7.5073103816641815e-13,1.2508605055539658e-16,9.7910801918959698e-09,1.3607738714616719e-09,0.0056211426986680071,0.0097624256782768738,1.7481989860237063e-07,3.4879602609758059e-08,2.8775958430651068e-05,4.0021981082300782e-11,9.6725465869693415e-07,2.2563895208704219e-08
6.077736083747798e-07,0.11640260799999998,0.8585084662769803,0.0,0.0,0.3221058212949634,0.11288546719230499,0.01791537939449685,1.3289854632045395e-22,8.4634769494465546e-07,6.5825001088486168e-05,9.4698759207807362e-14,8.737016644479332e-08,1.9994758761711064e-08,0.00016381638496993392,2.5219707322117805e-11,4.9556160695632844e-08,9.9570034670303267e-09,2.77150218730257e-09,7.7375659592639638e-13,1.3101439773291294e-16,9.9008065950093216e-09,1.404179474326053e-09,0.0056202635385608221,0.0098114168697012501,1.75862132360406e-07,3.5177952369719979e-08,2.8872931095555577e-05,4.0811183066730816e-11,9.7748478272893286e-07,2.2746509477724145e-08
6.113069103443159e-07,0.11640260799999998,0.8585084662769803,0.0,0.0,0.32205768178981964,0.11288479951480754,0.01789091563437166,1.4026285317265828e-22,8.6334062781616151e-07,6.6522274542758818e-05,9.8197294399514915e-14,8.9617687948612187e-08,2.0293687269204824e-08,0.00016535533184215405,2.626837599447738e-11,4.9850686058035773e-08,1.0205262287292375e-08,2.8303841721494831e-09,7.9732530107319809e-13,1.3718155775032014e-16,1.0010793384138681e-08,1.4486716123482984e-09,0.0056193856050431147,0.0098603262648212994,1.7690230125606096e-07,3.5476634848025104e-08,2.8969387033338985e-05,4.1610671899905781e-11,9.8773273544980386e-07,2.2928955047769219e-08
6.14840212313852e-07,0.11640260799999998,0.8585084662769803,0.0,0.0,0.32200962317639048,0.1128841279708204,0.017866492568161287,1.4798279280314051e-22,8.805619056830845e-07,6.7220882870589919e-05,1.0180179472243391e-13,9.1907331211028094e-08,2.059500118017085e-08,0.00016689682204699513,2.7353153789064698e-11,5.0145851680803148e-08,1.0457899139861505e-08,2.8901142065060875e-09,8.2144578179304345e-13,1.4359538598661189e-16,1.0121033358368292e-08,1.4942695413374996e-09,0.005618508898396735,0.0099091540403018243,1.7794038046676375e-07,3.5775641028555509e-08,2.9065328481935605e-05,4.24205063955037e-11,9.9799798669663305e-07,2.3111222392111727e-08
6.18373514283388e-07,0.11640260799999998,0.8585084662769803,0.0,0.0,0.32196164527658788,0.11288345262644102,0.01784211010709065,1.5607292910350803e-22,8.9801295666474882e-07,6.792079091271641e-05,1.0551473295969351e-13,9.4239556521685031e-08,2.0898698088986334e-08,0.00016844078820063888,2.8475011111533422e-11,5.0441670089098817e-08,1.0714954050469999e-08,2.95069798504461e-09,8.4612672127145429e-13,1.5026393382598992e-16,1.0231519340249197e-08,1.5409926947605821e-09,0.0056176334188963025,0.0099579003722964944,1.7897634554642522e-07,3.6074961960203929e-08,2.9160757661581337e-05,4.3240745022617213e-11,1.0082800091389199e-06,2.3293302079430292e-08
6.215534860559705e-07,0.11640260799999998,0.8585084662769803,0.0,0.0,0.32191853403015414,0.11288284162154504,0.017820200536356658,1.6368299676590308e-22,9.1391653371825651e-07,6.855179048439207e-05,1.0895116690768127e-13,9.6375347404145812e-08,2.1174060682884663e-08,0.00016983241923668174,2.9517202148800757e-11,5.0708474942128521e-08,1.0950113836766144e-08,3.0059580179007642e-09,8.6882597935444166e-13,1.5649022699681281e-16,1.0331161147818248e-08,1.5840218040102724e-09,0.0056168465367767038,0.010001702582091989,1.7990688663332601e-07,3.6344612565039964e-08,2.9246207754548178e-05,4.3987903364234926e-11,1.0175477351675925e-06,2.3457005633141773e-08
6.24733457828553e-07,0.11640260799999998,0.8585084662769803,0.0,0.0,0.32187548788885595,0.11288222763936853,0.017798323719732195,1.7161641907981001e-22,9.3000841054437146e-07,6.9183789093187024e-05,1.1247932769886497e-13,9.8546338153800718e-08,2.1451349531207568e-08,0.00017122595278994639,3.0590960826258513e-11,5.0975827283726815e-08,1.1188913420671218e-08,3.0619182764576903e-09,8.9199269207827158e-13,1.6293567785579343e-16,1.0430991229662751e-08,1.6279926449549147e-09,0.0056160606490513907,0.0100454390926361,1.8083567849510589e-07,3.6614504486578945e-08,2.9331246289025697e-05,4.4743578263372914e-11,1.0268282406401416e-06,2.3620542881464446e-08
6.279134296011354e-07,0.11640260799999998,0.8585084662769803,0.0,0.0,0.32183250672396457,0.11288161072744957,0.017776479593033859,1.7988484155411695e-22,9.4628961472585659e-07,6.9816761464406229e-05,1.1610109932877154e-13,1.0075286426943688e-07,2.1730562627565497e-08,0.00017262134039974802,3.1697031982761314e-11,5.1243735738276839e-08,1.143138157053347e-08,3.1185828449291631e-09,9.1563330039429241e-13,1.6960657540592631e-16,1.0531004405082355e-08,1.6729197503539675e-09,0.0056152757559047835,0.010089110031290871,1.8176270410545888e-07,3.6884631334456102e-08,2.9415874849072331e-05,4.5507811616506948e-11,1.0361211470903152e-06,2.3783907147049727e-08
6.310934013737179e-07,0.11640260799999998,0.8585084662769803,0.0,0.0,0.32178959040709504,0.11288099093311817,0.017754668092245577,1.885002495597513e-22,9.627611694825682e-07,7.0450682437621731e-05,1.1981839177662867e-13,1.0299526116392297e-07,2.2011697887311734e-08,0.00017401853381862734,3.2836172433648997e-11,5.1512208772895196e-08,1.1677546916918219e-08,3.1759557858000309e-09,9.3975427921219488e-13,1.765093449730497e-16,1.0631195510559264e-08,1.7188177673700122e-09,0.0056144918575160938,0.010132715525087937,1.8268794666964521e-07,3.7154986760293021e-08,2.9500095008514269e-05,4.62806450874588e-11,1.0454260779550693e-06,2.3947091815042027e-08
6.336097404669839e-07,0.11640260799999998,0.8585084662769803,0.0,0.0,0.32175567623124435,0.11288049847271953,0.017737431544675438,1.9557173878475837e-22,9.7593083370893437e-07,7.0952965363183835e-05,1.2282889251729771e-13,1.047953332981838e-07,2.2235523532310859e-08,0.00017512539318839134,3.3761528199255258e-11,5.1725059426846363e-08,1.1874978817773126e-08,3.2218602051564061e-09,9.5918616582180071e-13,1.8214022620948048e-16,1.0710600308486341e-08,1.7558351171066146e-09,0.0056138722570979807,0.010167174628700936,1.8341882446167587e-07,3.7369079183135376e-08,2.9566450729335888e-05,4.6898317445832668e-11,1.0527974250579862e-06,2.407608963955746e-08
6.361260795602499e-07,0.11640260799999998,0.8585084662769803,0.0,0.0,0.32172180251776084,0.112880004260206,0.017720215354903077,2.0287448278233645e-22,9.8922083050714526e-07,7.1455814230916305e-05,1.2590138825625166e-13,1.0661824263821439e-07,2.2460550319255539e-08,0.00017623332951633835,3.4708458494401714e-11,5.1938272860012403e-08,1.2074757683140391e-08,3.2682127082841926e-09,9.7892615987937303e-13,1.879237199219218e-16,1.07901107563766e-08,1.7934770269128822e-09,0.0056132532797595188,0.010201592894728613,1.8414856732084682e-07,3.758330767964204e-08,2.9632552472266269e-05,4.75214213034673e-11,1.0601758820657802e-06,2.4204967682453609e-08
6.386424186535159e-07,0.11640260799999998,0.8585084662769803,0.0,0.0,0.32168796920348453,0.1128795083187482,0.017703019491430383,2.1041489070354801e-22,1.0026316609608767e-06,7.1959216728055932e-05,1.2903686030582737e-13,1.0846415518450789e-07,2.2686777112814917e-08,0.00017734231918461636,3.567735444170194e-11,5.2151853061342118e-08,1.2276897506503929e-08,3.3150152786237692e-09,9.9897751360420759e-13,1.9386319578129403e-16,1.0869724319587747e-08,1.8317509053156439e-09,0.0056126349255823027,0.010235970385677241,1.8487716725339895e-07,3.7797669160585941e-08,2.9698401004194042e-05,4.8149976990465945e-11,1.0675612649522281e-06,2.4333722749200101e-08
6.411587577467819e-07,0.11640260799999998,0.8585084662769803,0.0,0.0,0.321654176225389,0.11287901067143281,0.017685843922824095,2.1819951546211387e-22,1.0161638243826664e-06,7.2463160587738325e-05,1.3223630035837025e-13,1.1033323685786166e-07,2.2914202748006191e-08,0.00017845233866157489,3.6668611962220776e-11,5.2365803959777818e-08,1.2481412221977453e-08,3.3622698907746798e-09,1.0193434917926657e-12,1.9996207949424961e-16,1.0949438470765346e-08,1.8706642048967933e-09,0.005612017194645734,0.010270307163925168,1.8560461636186482e-07,3.8012160553359088e-08,2.9763997088389433e-05,4.878400474344814e-11,1.0749533904511477e-06,2.4462351669700439e-08
6.436750968400479e-07,0.11640260799999998,0.8585084662769803,0.0,0.0,0.32162042352057962,0.1128785113412621,0.017668688617715582,2.2623505610222041e-22,1.0298178183009342e-06,7.2967633589232628e-05,1.3550071052757898e-13,1.1222565348929811e-07,2.3142826030422093e-08,0.00017956336450231816,3.7682631797328207e-11,5.2580129424606912e-08,1.2688315703142896e-08,3.4099785104272632e-09,1.0400273716526705e-12,2.0622385337477503e-16,1.1029250689960535e-08,1.9102244221087211e-09,0.0056114000870269931,0.010304603291723176,1.8633090684524998e-07,3.8226778801864271e-08,2.9829341484584406e-05,4.9423524705151815e-11,1.0823520760593323e-06,2.4590851298270205e-08
6.46191435933314e-07,0.11640260799999998,0.8585084662769803,0.0,0.0,0.32158671102629433,0.11287801035115348,0.017651553544800712,2.3452836020723402e-22,1.0435941384473265e-06,7.3472623558170109e-05,1.388311033889337e-13,1.1414157081005112e-07,2.3372645736458195e-08,0.00018067537334924517,3.8719819529881789e-11,5.279483326579972e-08,1.2897621761904919e-08,3.4581430942963374e-09,1.0610324426358327e-12,2.1265205691675102e-16,1.1109158464744197e-08,1.9504390970830223e-09,0.0056107836028010064,0.010338858831194845,1.8705603099599778e-07,3.8441520866481605e-08,2.9894434949047755e-05,5.0068556923957295e-11,1.0897571400393967e-06,2.4719218513617732e-08
6.4870777502658e-07,0.11640260799999998,0.8585084662769803,0.0,0.0,0.32155303867990231,0.11287750772393894,0.017634438672839651,2.4308642633850888e-22,1.0574932787443084e-06,7.3978118366767968e-05,1.4222850201943601e-13,1.1608115444160209e-07,2.3603660613539909e-08,0.00018178834193257511,3.9780585604904476e-11,5.3009919234337647e-08,1.3109344147357467e-08,3.5067655900561923e-09,1.0823620062678765e-12,2.1925028736706812e-16,1.118915929031858e-08,1.9913158134343218e-09,0.0056101677420404162,0.010373073844336901,1.8777998120022947e-07,3.865638372404631e-08,2.9959278234658649e-05,5.0719121353520079e-11,1.0971684014225569e-06,2.4847450218822454e-08
6.51224114119846e-07,0.11640260799999998,0.8585084662769803,0.0,0.0,0.32151940641890409,0.11287700348236468,0.017617343970656736,2.5191640649012954e-22,1.0715157312928731e-06,7.4484105934050161e-05,1.4569394003695484e-13,1.1804456988574851e-07,2.3835869380349339e-08,0.00018290224707086662,4.0865345349967611e-11,5.3225391022537777e-08,1.3323496544657379e-08,3.5558479362763863e-09,1.1040193759782756e-12,2.2602220029866513e-16,1.1269250669627659e-08,2.0328621980615976e-09,0.005609552504815549,0.010407248393019554,1.8850274993794337e-07,3.8871364367817316e-08,3.0023872090979191e-05,5.1375237852323786e-11,1.1045856800113688e-06,2.4975543341310432e-08
6.562567923063779e-07,0.11640260799999998,0.8585084662769803,0.0,0.0,0.32145226190374565,0.11287599024668968,0.017583214951242352,2.7042149888591234e-22,1.0999325323689226e-06,7.5497511256095875e-05,1.5283312164087212e-13,1.220435575613531e-07,2.430386331552239e-08,0.00018513277473131818,4.3108531692453201e-11,5.3657506535782615e-08,1.3759145789057184e-08,3.6553998884751804e-09,1.1483308458406734e-12,2.4010199096421338e-16,1.1429695140583153e-08,2.1179946949443212e-09,0.0056083239012425746,0.010475476343857095,1.8994471339887381e-07,3.9301667068974607e-08,3.0152314497834702e-05,5.2704206013385043e-11,1.1194375718888563e-06,2.5231301669422923e-08
6.605260585490379e-07,0.11640260799999998,0.8585084662769803,0.0,0.0,0.32139542774366853,0.11287512585249361,0.017554325964280727,2.8704013309438194e-22,1.1244298920772536e-06,7.6358628393194389e-05,1.5911230746953078e-13,1.2551217038934285e-07,2.4704598506570059e-08,0.0001870276792646189,4.5090553785251724e-11,5.4025316398592692e-08,1.4136454375937964e-08,3.7413101930960113e-09,1.1869789574129574e-12,2.526249701942141e-16,1.1566063041794101e-08,2.1923834749687281e-09,0.0056072836216893764,0.010533228397845299,1.9116417240551786e-07,3.9667039057344008e-08,3.0260497924933674e-05,5.3849171032418656e-11,1.1320538109194874e-06,2.5447801700026045e-08
6.647953247916979e-07,0.11640260799999998,0.8585084662769803,0.0,0.0,0.32133870813003879,0.11287425711547006,0.017525494617293115,3.0454436314531897e-22,1.149288788494985e-06,7.7221002458866848e-05,1.6560173334785131e-13,1.2905161532195224e-07,2.5108751902137298e-08,0.00018892496977307083,4.7147448842626964e-11,5.4394284508144669e-08,1.452094020715009e-08,3.828570030948976e-09,1.2266159065977018e-12,2.6569964029843286e-16,1.170265815578052e-08,2.2688046819017362e-09,0.0056062451378498463,0.010590864805916318,1.923801324887553e-07,4.0032710083271272e-08,3.0367973377064568e-05,5.5010382483161657e-11,1.144684964697482e-06,2.5663862225749384e-08
6.69064591034358e-07,0.11640260799999998,0.8585084662769803,0.0,0.0,0.32128210276145985,0.11287338414412429,0.017496720759901795,3.2297391100975323e-22,1.1745115698951068e-06,7.8084575856902344e-05,1.7230676237267351e-13,1.3266269606078775e-07,2.5516316419833769e-08,0.00019082453570476332,4.9281391391535149e-11,5.4764427197603337e-08,1.4912668114032366e-08,3.9171885942523787e-09,1.2672582085308982e-12,2.7934563623599436e-16,1.1839468527252588e-08,2.3472968195386287e-09,0.0056052084499962039,0.010648385866529862,1.9359255964187471e-07,4.039866594454551e-08,3.0474744424033589e-05,5.6187934498779574e-11,1.1573301762306158e-06,2.5879468956882777e-08
6.73333857277018e-07,0.11640260799999998,0.8585084662769803,0.0,0.0,0.32122561133759892,0.1128725070462238,0.017468004242250305,3.4236992586960752e-22,1.2001005687496084e-06,7.8949291391543862e-05,1.7923284725493065e-13,1.3634621471874558e-07,2.5927284752938994e-08,0.00019272626726927051,5.1494597560461949e-11,5.5135760332636907e-08,1.5311702331628761e-08,4.0071749961300052e-09,1.3089224662720666e-12,2.9358311131004584e-16,1.1976482271375136e-08,2.4278987372848487e-09,0.0056041735583798298,0.010705791877118603,1.9480142060900132e-07,4.0764892573244311e-08,3.0580814612085295e-05,5.7381920400760014e-11,1.1699885950718316e-06,2.6094607803671753e-08
6.77603123519678e-07,0.11640260799999998,0.8585084662769803,0.0,0.0,0.32116923355918237,0.1128716259287928,0.017439344915001112,3.6277502123813403e-22,1.2260581015776819e-06,7.9815092270155919e-05,1.8638553080732836e-13,1.401029716859583e-07,2.6341649373558698e-08,0.00019463005544386131,5.3789325316227472e-11,5.5508299315398709e-08,1.5718106484049292e-08,4.098538269840602e-09,1.3516253682835577e-12,3.0843274519190507e-16,1.2113687575106206e-08,2.5106496269555593e-09,0.0056031404632309019,0.010763083134092971,1.960066828786677e-07,4.1131376035275984e-08,3.0686187464687244e-05,5.8592432694069555e-11,1.1826593773511839e-06,2.63092648758316e-08
6.81872389762338e-07,0.11640260799999998,0.8585084662769803,0.0,0.0,0.32111296912798992,0.11287074089810695,0.017410742629333346,3.8423331264016058e-22,1.2523864687984288e-06,8.0681922105794277e-05,1.937704464172484e-13,1.4393376549706304e-07,2.6759402535772398e-08,0.00019653579197947309,5.6167874689472165e-11,5.5882059088408329e-08,1.6131943570102527e-08,4.1912873680356483e-09,1.3953836858852438e-12,3.2391575192932665e-16,1.22510726984909e-08,2.5955890194900038e-09,0.0056021091647580571,0.010820259932845905,1.9720831467767903e-07,4.149810252993566e-08,3.0790866483272931e-05,5.9819563062562157e-11,1.1953416858063327e-06,2.6523426482025631e-08
6.86141656004998e-07,0.11640260799999998,0.8585084662769803,0.0,0.0,0.32105681774684952,0.11286985205968815,0.017382197236940483,4.0679045575875169e-22,1.2790879545873501e-06,8.1549724919693651e-05,2.0139331850702065e-13,1.4783939269964167e-07,2.7180536278773172e-08,0.00019844336940648738,5.8632587990348201e-11,5.6257054138358527e-08,1.65532759491638e-08,4.2854311620409374e-09,1.4402142706899205e-12,3.4005388793662876e-16,1.23886259759181e-08,2.6827567815953366e-09,0.0056010796631480574,0.010877322567757565,1.984062849661471e-07,4.1865058389432619e-08,3.0894855147947692e-05,6.1063402364527658e-11,1.2080346898118276e-06,2.6737079129316217e-08
6.90410922247658e-07,0.11640260799999998,0.8585084662769803,0.0,0.0,0.32100077911963304,0.11286895951829962,0.017353708590028084,4.304936851129742e-22,1.3061648267371312e-06,8.2418445143661037e-05,2.092599629796852e-13,1.5182064772400449e-07,2.760504242999813e-08,0.00020035268104028138,6.1185850013006116e-11,5.6633298499839361e-08,1.6982165327312271e-08,4.3809784411652324e-09,1.486134052016908e-12,3.5686945996332711e-16,1.2526335817335006e-08,2.7721931123106655e-09,0.0056000519585654683,0.010934271332200035,1.9960056343097676e-07,4.2232230078376446e-08,3.0998156918156485e-05,6.2324040628385657e-11,1.2207375654070065e-06,2.6950209522589646e-08
6.946801884903181e-07,0.11640260799999998,0.8585084662769803,0.0,0.0,0.32094485295125041,0.11286806337794104,0.017325276541311503,4.5539185321397446e-22,1.3336193365223246e-06,8.3288027622382767e-05,2.1737628765133417e-13,1.5587832275425258e-07,2.8032912608249832e-08,0.00020226362098657797,6.3830088229631994e-11,5.7010805758996718e-08,1.7418672743719184e-08,4.47793791203325e-09,1.5331600342871906e-12,3.7438533303850747e-16,1.2664190709423845e-08,2.8639385394997845e-09,0.0055990260511523549,0.010991106518541979,2.0079112047891767e-07,4.2599604193305244e-08,3.1100775233319451e-05,6.3601567048647783e-11,1.2334494953226113e-06,2.716280456395131e-08
6.989494547329781e-07,0.11640260799999998,0.8585084662769803,0.0,0.0,0.32088903894764514,0.11286716374184427,0.017296900944013677,4.8153547022316517e-22,1.3614537185681368e-06,8.4158417615639881e-05,2.2574829266915297e-13,1.6001320760071063e-07,2.8464138226807806e-08,0.00020417608414657882,6.6567772973362945e-11,5.7389589057125991e-08,1.7862858557302886e-08,4.57631819794445e-09,1.581309294399667e-12,3.9262493838753799e-16,1.2802179216739003e-08,2.9580339162696603e-09,0.0055980019410279734,0.011047828418153285,2.0197792723183295e-07,4.296716746219855e-08,3.1202713513434002e-05,6.489606998206128e-11,1.2461696690060497e-06,2.7374851352088634e-08
7.032187209756381e-07,0.11640260799999998,0.8585084662769803,0.0,0.0,0.32083333681578924,0.11286626071246883,0.017268581651862843,5.0897674408269493e-22,1.3896701907230859e-06,8.5029560800436432e-05,2.3438207091566274e-13,1.642260895737126e-07,2.8898710496529919e-08,0.00020608996622189528,6.9401417610403779e-11,5.7769661094212776e-08,1.8314782433643089e-08,4.67612783825634e-09,1.6305989790906969e-12,4.1161228131811413e-16,1.294028998280698e-08,3.0545204173195842e-09,0.0055969796282884969,0.01110443732140968,2.0316095552052138e-07,4.3334906743901359e-08,3.130397515964554e-05,6.6207636943777125e-11,1.2588972826453796e-06,2.7586337181614337e-08
7.074879872182981e-07,0.11640260799999998,0.8585084662769803,0.0,0.0,0.32077774626367839,0.11286535439149765,0.017240318519090324,5.3776962112793888e-22,1.4182709539356307e-06,8.5901403273037701e-05,2.4328380839865281e-13,1.6851775335880229e-07,2.9336620428943183e-08,0.00020800516371927562,7.2333578700941834e-11,5.8151034132422841e-08,1.8774503332163753e-08,4.7773752877924123e-09,1.6810463022771604e-12,4.3137194907245162e-16,1.3078511731188495e-08,3.1534395352200668e-09,0.0055959591130067196,0.011160933517697282,2.0434017787672738e-07,4.3702809027617224e-08,3.1404563554790866e-05,6.7536354603830922e-11,1.2716315391919671e-06,2.7797249542382894e-08
7.117572534609581e-07,0.11640260799999998,0.8585084662769803,0.0,0.0,0.32072226700032713,0.1128644448798333,0.017212111400428318,5.6796982716546539e-22,1.4472581921346844e-06,8.6773891550921174e-05,2.5245978462697423e-13,1.7288898089335415e-07,2.977785883932349e-08,0.00020992157395512774,7.5366856148947817e-11,5.8533719999549276e-08,1.9242079493582556e-08,4.8800689162743494e-09,1.7326685423844836e-12,4.5192911864266432e-16,1.3216833266503984e-08,3.2548330766242694e-09,0.0055949403952318113,0.01121731729541718,2.0551556752837027e-07,4.4070861432444264e-08,3.1504482063912919e-05,6.888230878392319e-11,1.284371648381856e-06,2.8007576118772663e-08
7.160265197036182e-07,0.11640260799999998,0.8585084662769803,0.0,0.0,0.32066689873576393,0.11286353227759406,0.017183960151107701,5.996349090176275e-22,1.4766340721140135e-06,8.7646972574638034e-05,2.6191637297189706e-13,1.7734055124465807e-07,3.0222416349763936e-08,0.00021183909505983553,7.8503893340621802e-11,5.8917730092419744e-08,1.9717568427632441e-08,4.9842170077790024e-09,1.7854830396602277e-12,4.733095645462458e-16,1.3355243475422483e-08,3.3587431584122966e-09,0.0055939234749890418,0.011273588941989942,2.0668709839424435e-07,4.4439051206728143e-08,3.1603734034745973e-05,7.0245584454034695e-11,1.2971168267558288e-06,2.8217304788949206e-08
7.202957859462782e-07,0.11640260799999998,0.8585084662769803,0.0,0.0,0.32061164118102708,0.11286261668411042,0.01715586462685581,6.3282427652112011e-22,1.5064007434204271e-06,8.8520593709587447e-05,2.7166004101409311e-13,1.818732404894821e-07,3.0670283392231368e-08,0.0002137576259818844,8.1747377271500161e-11,5.9303075380270577e-08,2.0201026901054864e-08,5.0898277602188157e-09,1.8395071934744857e-12,4.9553966655864008e-16,1.3493731327614712e-08,3.4652122037705446e-09,0.005592908352279549,0.011329748743860111,2.0785474507502275e-07,4.4807365727479712e-08,3.1702322798179139e-05,7.1626265729294733e-11,1.3098662976781824e-06,2.8426423624110447e-08
7.245650521889382e-07,0.11640260799999998,0.8585084662769803,0.0,0.0,0.32055649404815906,0.11286169819792154,0.017127824683894271,6.6759924497542275e-22,1.5365603382458225e-06,8.9394702747702876e-05,2.8169735087607715e-13,1.8648782159514317e-07,3.112145021161069e-08,0.00021567706649178563,8.5100038662078999e-11,5.9689766408091314e-08,2.0692510925868045e-08,5.1969092848458975e-09,1.8947584596079151e-12,5.1864641739983716e-16,1.3632285876670838e-08,3.5742829382071262e-09,0.0055918950270800955,0.01138579698650069,2.0901848284786484e-07,4.5175792499993054e-08,3.1800251668696713e-05,7.3024435867509614e-11,1.3226192913542178e-06,2.8634920887693479e-08
7.288343184315982e-07,0.11640260799999998,0.8585084662769803,0.0,0.0,0.32050145705020266,0.11286077691677215,0.017099840178936839,7.0402307803074491e-22,1.5671149713229965e-06,9.0269247909051549e-05,2.920349595401017e-13,1.9118506430210716e-07,3.1575906868736573e-08,0.00021759731718579763,8.8564652061928104e-11,6.0077813299944902e-08,2.11920757479107e-08,5.3054696057803474e-09,1.9512543475284973e-12,5.4265743037198706e-16,1.3770896260983397e-08,3.6859983855052147e-09,0.0055908834993428488,0.011441733954417563,2.1017828766242678e-07,4.5544319157146469e-08,3.1897523944789135e-05,7.4440177266278366e-11,1.3353750448464543e-06,2.8842785034560049e-08
7.331035846742582e-07,0.11640260799999998,0.8585084662769803,0.0,0.0,0.32044652990119604,0.11285985293760943,0.017071910969187247,7.4216103100944462e-22,1.598066739825099e-06,9.1144177843347084e-05,3.0267961915139082e-13,1.9596573500814087e-07,3.2033643243412225e-08,0.00021951827948946343,9.2144035942191715e-11,6.0467225762267187e-08,2.1699775835663601e-08,5.415516659561303e-09,2.0090124176579129e-12,5.6760094694502464e-16,1.3909551704595967e-08,3.8004018636154946e-09,0.0055898737689951536,0.011497559931153908,2.1133413613131795e-07,4.5912933458643179e-08,3.1994142909347441e-05,7.5873571459948835e-11,1.3481328020895746e-06,2.9050004710176064e-08
7.373728509169183e-07,0.11640260799999998,0.8585084662769803,0.0,0.0,0.32039171231616831,0.11285892635658021,0.017044036912337013,7.8208039465160833e-22,1.6294177232688544e-06,9.2019441631376354e-05,3.1363817730667914e-13,2.0083059665403778e-07,3.2494649037414893e-08,0.00022143985566095865,9.5841052776434001e-11,6.0858013087149839e-08,2.2215664869350029e-08,5.5270582947203899e-09,2.068050278628536e-12,5.9350584428735816e-16,1.4048241518018002e-08,3.9175369804893781e-09,0.0055888658359393457,0.011553275199294617,2.1248600552335186e-07,4.6281623290784015e-08,3.2090111830040433e-05,7.7324699118006248e-11,1.3608918139041177e-06,2.9256568749751782e-08
7.416421171595783e-07,0.11640260799999998,0.8585084662769803,0.0,0.0,0.32033700401113491,0.11285799726902811,0.017016217866563384,8.2385053927725949e-22,1.6611699834215432e-06,9.289498878634071e-05,3.2491757732797534e-13,2.0578040861093914e-07,3.2958913777487657e-08,0.00022336194879423338,9.9658609109756553e-11,6.1250184155609735e-08,2.27397957303165e-08,5.6401022713793497e-09,2.1283855845319474e-12,6.2040164273865319e-16,1.4186955099006396e-08,4.0374476298543003e-09,0.0055878597000525391,0.011608880040470613,2.1363387376085956e-07,4.6650376665821953e-08,3.2185433959661043e-05,7.8793640043036838e-11,1.3736513380089139e-06,2.9462466177350418e-08
7.459113834022383e-07,0.11640260799999998,0.8585084662769803,0.0,0.0,0.32028240470309305,0.11285706576949113,0.01698845369052714,8.6754295935583403e-22,1.6933255642113872e-06,9.3770769255112035e-05,3.3652485852151479e-13,2.1081592656926823e-07,3.3426426818317175e-08,0.00022528446282197895,1.0359965561614833e-10,6.1643747440848701e-08,2.3272220490694755e-08,5.7546562608695715e-09,2.190036032159953e-12,6.4831851322179661e-16,1.4325681933314214e-08,4.1601779869327427e-09,0.0055868553611864383,0.011664374735363222,2.1477771941055775e-07,4.7019181720821975e-08,3.2280112536459951e-05,8.0280473167193547e-11,1.386410639032289e-06,2.9667686205005211e-08
7.501806496448983e-07,0.11640260799999998,0.8585084662769803,0.0,0.0,0.32022791411001744,0.1128561319516994,0.016960744243370521,9.1323131847434194e-22,1.7258864916415625e-06,9.4646733419404935e-05,3.4846715642184349e-13,2.1593790242929763e-07,3.3897177345497204e-08,0.00022720730251841762,1.0766718714401815e-10,6.2038711011506613e-08,2.381299040334621e-08,5.8707278453726162e-09,2.2530193582390364e-12,6.7728728459113478e-16,1.4464411595407153e-08,4.28577250410637e-09,0.0055858528191671791,0.011719759563708446,2.1591752167492715e-07,4.7388026717614706e-08,3.2374150784470046e-05,8.1785276551308365e-11,1.3991689885220362e-06,2.9872218231804398e-08
7.544499158875583e-07,0.11640260799999998,0.8585084662769803,0.0,0.0,0.32017353195085596,0.11285519590857276,0.016933089384715123,9.6099149469471057e-22,1.758854773708125e-06,9.5522832096865231e-05,3.6075170302099953e-13,2.2114708419336619e-07,3.4371154378477297e-08,0.00022913037350188662,1.1186424274987626e-10,6.243508253491013e-08,2.4362155892089316e-08,5.9883245175847924e-09,2.3173533366591729e-12,7.0733945091410754e-16,1.4603133749148158e-08,4.4142759065268704e-09,0.0055848520737951449,0.011775034804301287,2.1705326038999204e-07,4.7756900042514969e-08,3.2467551913796369e-05,8.3308127384758944e-11,1.4119256649541719e-06,3.0076051842924993e-08
7.587191821302183e-07,0.11640260799999998,0.8585084662769803,0.0,0.0,0.32011925794552509,0.11285425773221902,0.01690548897465978,1.0109016262910997e-21,1.792232400321039e-06,9.6399016542075201e-05,3.7338582698275077e-13,2.2644421585976353e-07,3.4848346773496624e-08,0.00023105358223724884,1.1619390572012833e-10,6.2832869280320967e-08,2.4919766542210845e-08,6.1074536804030627e-09,2.3830557756979188e-12,7.3850717868343035e-16,1.4741838148450736e-08,4.5457331876749592e-09,0.0055838531248448061,0.011830200734999956,2.1818491601786928e-07,4.812579020448361e-08,3.256031912089609e-05,8.4849101980642922e-11,1.4246799537404884e-06,3.0279176808685939e-08
7.629884483728784e-07,0.11640260799999998,0.8585084662769803,0.0,0.0,0.32006509181490511,0.11285331751393184,0.016877942873778539,1.0630421578573966e-21,1.826021343228459e-06,9.7275238447477359e-05,3.8637695384185487e-13,2.3183003731829649e-07,3.5328743226502512e-08,0.0002329768360381458,1.2065930358095965e-10,6.3232078122184858e-08,2.5485871091261549e-08,6.2281226466301098e-09,2.4501445152407229e-12,7.708233139570163e-16,1.4880514637901396e-08,4.6801896048690866e-09,0.0055828559720645914,0.011885257632730146,2.1931246963667049e-07,4.8494685835064379e-08,3.2652455588859639e-05,8.6408275774463069e-11,1.4374311472349127e-06,3.0481583083591475e-08
7.672577146155384e-07,0.11640260799999998,0.8585084662769803,0.0,0.0,0.32001103328083708,0.11285237534418925,0.016850450943118558,1.1174958867750935e-21,1.8602235559453902e-06,9.8151449944216518e-05,3.9973260618831945e-13,2.3730528424755358e-07,3.5812332276053229e-08,0.00023490004306904371,1.2526360809628672e-10,6.3632715543384047e-08,2.6060517420136593e-08,6.3503386387035114e-09,2.5186374239983238e-12,8.043213894228505e-16,1.5019153153351715e-08,4.8176906747253239e-09,0.0055818606151767152,0.011940205773489214,2.2043590293674445e-07,4.8863575689162212e-08,3.2743964487650798e-05,8.7985723328269189e-11,1.450178544738682e-06,3.0683260805296412e-08
7.715269808581984e-07,0.11640260799999998,0.8585084662769803,0.0,0.0,0.31995708206611706,0.11285143131265213,0.016823013044198039,1.1743480100313488e-21,1.8948409736852502e-06,9.9027603602900829e-05,4.134604038366347e-13,2.4287068801388018e-07,3.629910230620509e-08,0.00023682311234710581,1.3001003525376337e-10,6.403478763849583e-08,2.6643752544441082e-08,6.4741087884458375e-09,2.5885523967221588e-12,8.3903563138605861e-16,1.5157743722480551e-08,4.9582821685699907e-09,0.0055808670538770779,0.011995045432350353,2.2155519821581211e-07,4.9232448642195695e-08,3.2834848974338182e-05,8.958151832427239e-11,1.462921452504357e-06,3.088420029358758e-08
7.757962471008584e-07,0.11640260799999998,0.8585084662769803,0.0,0.0,0.31990323789449304,0.11285048550816267,0.016795629039004223,1.2336861713769265e-21,1.9298755132936794e-06,9.9903652434283813e-05,4.2756806397996415e-13,2.4852697557207859e-07,3.678904154938317e-08,0.00023874595374392813,1.3490184523883348e-10,6.4438300117058061e-08,2.7235622606140901e-08,6.5994401368315805e-09,2.6599073514186533e-12,8.7500096667546103e-16,1.529627646532673e-08,5.1020101078065235e-09,0.0055798752878351192,0.012049776883466781,2.226703383697792e-07,4.9601293689198296e-08,3.2925112193344005e-05,9.1195733559193512e-11,1.4756591837386786e-06,3.1084392049398123e-08
7.800655133435184e-07,0.11640260799999998,0.8585084662769803,0.0,0.0,0.31984950049065969,0.11284953801874338,0.016768298789991313,1.2956005088134315e-21,1.9653290731875983e-06,0.00010077954988986764,4.4206340132928013e-13,2.542748693678447e-07,3.7282138089235762e-08,0.00024066847798707029,1.3994234239682923e-10,6.484325830684424e-08,2.7836172865498888e-08,6.7263396337785482e-09,2.7327202265633013e-12,9.1225302946693496e-16,1.5434741594792868e-08,5.2489207592380845e-09,0.0055788853166937142,0.012104400400075819,2.2378130688428742e-07,4.9970099947906133e-08,3.3014757276638193e-05,9.2828440956685064e-11,1.4883910586042794e-06,3.1283826753719577e-08
7.843347795861785e-07,0.11640260799999998,0.8585084662769803,0.0,0.0,0.31979586958025524,0.11284858893159594,0.016741022160078486,1.3601837023990924e-21,2.0012035332976592e-06,0.00010165524986242672,4.5695432823743695e-13,2.6011508724195019e-07,3.7778379863471972e-08,0.00024259059666140723,1.4513487518311607e-10,6.5249667157149045e-08,2.8445447693296114e-08,6.8548141379601276e-09,2.8070089783153556e-12,9.5082816802091665e-16,1.5573129417120612e-08,5.3990606303474778e-09,0.0055778971400690693,0.012158916254503053,2.2488808783135693e-07,5.0338856655081039e-08,3.310378734392359e-05,9.4479711562348956e-11,1.5011164042202744e-06,3.148249526649823e-08
7.886040458288385e-07,0.11640260799999998,0.8585084662769803,0.0,0.0,0.31974234488985659,0.11284763833310034,0.016713799012647849,1.4275310223621259e-21,2.0375007550105984e-06,0.00010253070668645589,4.722488548081753e-13,2.6604834233618589e-07,3.8277754666682376e-08,0.00024451222221036681,1.5048283610129624e-10,6.5657531242086606e-08,2.9063490563338321e-08,6.9848704166309661e-09,2.8827915777340292e-12,9.907634513314644e-16,1.5711430332337886e-08,5.5524764645358484e-09,0.0055769107575506169,0.012213324718166356,2.2599066586696297e-07,5.0707553162621915e-08,3.3192205502866246e-05,9.6149615524047381e-11,1.5138345546617386e-06,3.1680388625624763e-08
7.928733120714985e-07,0.11640260799999998,0.8585084662769803,0.0,0.0,0.31968892614697519,0.11284668630881406,0.016686629211542479,1.4977403775105183e-21,2.0742225811177707e-06,0.00010340587513854277,4.8795508899006426e-13,2.7207534300107105e-07,3.8780250153142472e-08,0.00024643326793696933,1.559896616294869e-10,6.606685476390146e-08,2.9690344045247154e-08,7.1165151454781504e-09,2.9600860079970516e-12,1.0320966756843151e-15,1.5849634834678441e-08,5.7092152363217058e-09,0.0055759261687009301,0.012267626061579997,2.2708902621469018e-07,5.1076178944639867e-08,3.3280014849247679e-05,9.7838222116418384e-11,1.5265448509580806e-06,3.1877498045822148e-08
7.971425783141585e-07,0.11640260799999998,0.8585084662769803,0.0,0.0,0.31963561308005339,0.11284573294347158,0.016659512621064389,1.570912363926866e-21,2.1113708357697831e-06,0.00010428071043766159,5.0408123665538197e-13,2.7819679270533572e-07,3.9285853839598626e-08,0.00024835364800467643,1.6165883213469035e-10,6.64776415562949e-08,3.03260497975355e-08,7.2497549084941688e-09,3.0389102616223793e-12,1.0748663711213769e-15,1.5987733512974474e-08,5.8693241465017757e-09,0.0055749433730556434,0.012321820554358633,2.2818315465751369e-07,5.1444723594880215e-08,3.3367218467096377e-05,9.954559975036749e-11,1.5392466410903368e-06,3.2073814917443117e-08
8.014118445568185e-07,0.11640260799999998,0.8585084662769803,0.0,0.0,0.31958240541845995,0.11284477832098395,0.016632449105972572,1.6471503139367442e-21,2.1489473244264866e-06,0.00010515516824539536,5.2063560166395011e-13,2.8441338994719084e-07,3.9794553108036286e-08,0.00025027327743815092,1.6749387177528622e-10,6.6889895087766326e-08,3.0970648560966581e-08,7.3845961978577006e-09,3.1192823376939344e-12,1.1191118078092094e-15,1.6125717051022284e-08,6.0328506172752143e-09,0.0055739623701233721,0.012375908465221333,2.2927303755282777e-07,5.1813176815416693e-08,3.3453819428919866e-05,1.0127181592061849e-10,1.5519392799873973e-06,3.226933080542192e-08
8.052541841752125e-07,0.11640260799999998,0.8585084662769803,0.0,0.0,0.31953460842164821,0.11284391815457455,0.016608137210435196,1.7184735157948162e-21,2.1831337814080204e-06,0.00010594182122831865,5.3590759814290037e-13,2.9009025184393999e-07,4.0255018637014435e-08,0.00025200023259834884,1.7289017348347215e-10,6.7262179903073108e-08,3.1558423900206191e-08,7.5073279550362744e-09,3.1929554736960737e-12,1.1602275177755152e-15,1.624979616730802e-08,6.1829858242669648e-09,0.0055730809998260061,0.0124244966788374,2.3025029138137077e-07,5.2144698128680681e-08,3.3531247553890752e-05,1.0284157249849718e-10,1.5633543031325542e-06,3.2444603431835395e-08
8.087122898317672e-07,0.11640260799999998,0.8585084662769803,0.0,0.0,0.31949166377418986,0.11284314324132243,0.016586293087501487,1.7849267116239011e-21,2.2142004698012112e-06,0.00010664949087603316,5.4995989165743313e-13,2.9526621721686808e-07,4.0671564875311667e-08,0.00025355386393032209,1.7786636216089227e-10,6.7598255853803248e-08,3.2093631616243463e-08,7.618903911970044e-09,3.2603565561666647e-12,1.1983059176280864e-15,1.6361375742267985e-08,6.3205361536112027e-09,0.0055722890074154617,0.012468152604154422,2.3112686290455705e-07,5.2442990877907118e-08,3.3600519455066604e-05,1.0426748586014218e-10,1.5736206636567685e-06,3.2601783469449644e-08
8.121703954883218e-07,0.11640260799999998,0.8585084662769803,0.0,0.0,0.31944878780499458,0.11284236764975197,0.016564483548354585,1.8535844396090632e-21,2.2455512711852953e-06,0.00010735683546869216,5.6430822465412585e-13,3.0050583409971358e-07,4.1090119261797549e-08,0.00025510685450919214,1.8295778666931067e-10,6.7935299118672762e-08,3.2634743433626746e-08,7.7315418721096077e-09,3.3288051752702177e-12,1.2374248339089117e-15,1.6472863522322917e-08,6.4604137635208734e-09,0.0055714981902413203,0.01251173907595049,2.3200062645219143e-07,5.2741205719057464e-08,3.3669401379435025e-05,1.0570587632686705e-10,1.5838798958574356e-06,3.2758423550507822e-08
8.156285011448764e-07,0.11640260799999998,0.8585084662769803,0.0,0.0,0.31940598037200002,0.11284159142287409,0.016542708521991127,1.9245070896170926e-21,2.2771871089747374e-06,0.00010806383229373705,5.7895719855099099e-13,3.0580946377748352e-07,4.1510674843903044e-08,0.00025665916083196229,1.8816640349297142e-10,6.8273310854250255e-08,3.3181779213584279e-08,7.8452451089415599e-09,3.3983108968813082e-12,1.2776065855481034e-15,1.6584254740298845e-08,6.6026442596589942e-09,0.0055707085479902805,0.012555256235330832,2.3287157581803537e-07,5.3039337403684422e-08,3.3737894938253047e-05,1.0715677807265944e-10,1.5941316702399157e-06,3.2914519522569111e-08
8.187407962357756e-07,0.11640260799999998,0.8585084662769803,0.0,0.0,0.31936751216365744,0.11284089231075896,0.016523140448165087,1.990324921880724e-21,2.3059038257715115e-06,0.0001086998134766183,5.9240216012752233e-13,3.1063775817385658e-07,4.1890880101256703e-08,0.00025805561582749797,1.9295599008714177e-10,6.8578350293238445e-08,3.3679192491298262e-08,7.9484915072519675e-09,3.4617777731379988e-12,1.3146975991171239e-15,1.6684420369236254e-08,6.7326846560340503e-09,0.0055699988742551956,0.012594362532976657,2.3365301916883103e-07,5.3307580524424027e-08,3.3799208416546648e-05,1.0847331474529362e-10,1.6033516208221838e-06,3.305453731095031e-08
8.218530913266748e-07,0.11640260799999998,0.8585084662769803,0.0,0.0,0.31932909925187042,0.11284019274945198,0.016503600220847073,2.0580731199137705e-21,2.3348528251717962e-06,0.00010933547843591687,6.0609781609971035e-13,3.1551845382451014e-07,4.2272695510689481e-08,0.0002594514504483189,1.9784355471638479e-10,6.8884175640058934e-08,3.4181433842051238e-08,8.0526057296169382e-09,3.526115618052276e-12,1.3526845926675524e-15,1.6784500538239722e-08,6.8646704862566206e-09,0.0055692901516996183,0.012633412903889221,2.3443217397887771e-07,5.3575748318645346e-08,3.3860209788030119e-05,1.0980003732326308e-10,1.6125650300848797e-06,3.3194108141794183e-08
8.24965386417574e-07,0.11640260799999998,0.8585084662769803,0.0,0.0,0.31929074153388526,0.11283949276957164,0.016484087788675199,2.1277983891965789e-21,2.3640347634591856e-06,0.00010997081101000869,6.200476086163117e-13,3.2045180926972799e-07,4.2656115896013093e-08,0.00026084663375209325,2.0283056218997365e-10,6.9190787427212021e-08,3.4688516896787615e-08,8.1575900800387217e-09,3.5913313980502204e-12,1.3915845271058182e-15,1.6884491858314644e-08,6.9986205914335358e-09,0.0055685823800707473,0.012672407450151763,2.3520903619470982e-07,5.384383706109998e-08,3.3920900217576976e-05,1.1113696992617821e-10,1.6217716640072906e-06,3.3333229138571746e-08
8.280776815084731e-07,0.11640260799999998,0.8585084662769803,0.0,0.0,0.31925243890720284,0.1128387924015041,0.016464603100412881,2.1995483036716573e-21,2.3934502915742699e-06,0.00011060579516216336,6.342550075106683e-13,3.2543808148936562e-07,4.3041136048148223e-08,0.00026224113503996161,2.079184894100327e-10,6.9498186090592878e-08,3.5200455016630493e-08,8.2634468365116259e-09,3.6574320761413898e-12,1.4314145838082318e-15,1.698439096779781e-08,7.1345538656131498e-09,0.0055678755591080835,0.012711346273602082,2.3598360189901619e-07,5.4111843062207755e-08,3.3981280867018268e-05,1.1248413644828821e-10,1.6309712905160705e-06,3.3471897471798146e-08
8.311899765993723e-07,0.11640260799999998,0.8585084662769803,0.0,0.0,0.31921419126957673,0.11283809167540321,0.016445146104948512,2.2733713161548597e-21,2.4231000551086104e-06,0.00011124041498048665,6.4872351029195575e-13,3.304775258872227e-07,4.3427750725667357e-08,0.00026363492385647803,2.131088253343276e-10,6.9806371970205374e-08,3.5717261291924673e-08,8.3701782510218555e-09,3.7244246113581917e-12,1.4721921657777241e-15,1.7084194532396152e-08,7.2724892547365422e-09,0.0055671696885434014,0.012750229475833335,2.367558673247901e-07,5.4379762655019318e-08,3.4041352895204739e-05,1.1384156052789398e-10,1.6401636794829721e-06,3.3610110358693588e-08
8.339910421811815e-07,0.11640260799999998,0.8585084662769803,0.0,0.0,0.3191798153270532,0.11283746074052896,0.016427658444229463,2.3416252889242591e-21,2.4499856428407421e-06,0.00011181124826091021,6.6197131960198009e-13,3.3505869786691177e-07,4.3777062896955159e-08,0.00026488869965297088,2.17868927415006e-10,7.0084412536043947e-08,3.6186559812869124e-08,8.466986197018078e-09,3.7854861788906667e-12,1.509716686719535e-15,1.7173933315946599e-08,7.3983586130288313e-09,0.0055665352173975523,0.012785176885469381,2.374489364766927e-07,5.4620813409287498e-08,3.4095154804780761e-05,1.1507203172233587e-10,1.6484304528193486e-06,3.3734110287889543e-08
8.365120012048098e-07,0.11640260799999998,0.8585084662769803,0.0,0.0,0.31914891492950198,0.11283689268980973,0.016411938662265844,2.4045539824843825e-21,2.4743457177576819e-06,0.00011232472551678638,6.740797559651475e-13,3.392189048660943e-07,4.4092541293307868e-08,0.00026601656545419952,2.2222589285979451e-10,7.0335194497203565e-08,3.6612316374595482e-08,8.5547219614067472e-09,3.8410682491054164e-12,1.5441679133509768e-15,1.7254627783909817e-08,7.5130522296381321e-09,0.0055659648512028136,0.012816591164787625,2.3807110103973303e-07,5.483769456365417e-08,3.4143364283027586e-05,1.1618658981208858e-10,1.6558652420093559e-06,3.384539128665533e-08
8.390329602284381e-07,0.11640260799999998,0.8585084662769803,0.0,0.0,0.31911805042930008,0.11283632445703839,0.016396236959076708,2.4689319219582895e-21,2.4988606048543642e-06,0.00011283793585037762,6.8636581195817008e-13,3.4341444700216868e-07,4.4409056434997683e-08,0.00026714391044985793,2.2665273539350765e-10,7.0586493244688121e-08,3.7041289315759043e-08,8.6430355077961307e-09,3.8972478242684494e-12,1.5792724869000191e-15,1.7335253726313187e-08,7.6290932851121155e-09,0.0055653951080619551,0.012847969130861517,2.3869175015684358e-07,5.505451261839287e-08,3.4191373325544596e-05,1.1730791908674591e-10,1.6632948798386956e-06,3.3956368671459939e-08
8.415539192520664e-07,0.11640260799999998,0.8585084662769803,0.0,0.0,0.31908722177259269,0.1128357560577945,0.016380553307737578,2.534786591835191e-21,2.5235306369324327e-06,0.00011335087104490694,6.9883139940473688e-13,3.4764545691376607e-07,4.4726605476726962e-08,0.00026827071892171684,2.3115026928502392e-10,7.0838308778155266e-08,3.747348506918219e-08,8.7319279830667049e-09,3.9540285926015163e-12,1.6150400867040897e-15,1.7415809423887964e-08,7.7464919431266875e-09,0.0055648259878176001,0.012879310837215255,2.3931088210079916e-07,5.5271265687114041e-08,3.4239182542482197e-05,1.1843603161473845e-10,1.6707192477330134e-06,3.4067041052198835e-08
8.440748782756946e-07,0.11640260799999998,0.8585084662769803,0.0,0.0,0.31905642890563263,0.11283518750755787,0.016364887681377008,2.6021458753544725e-21,2.5483561444841265e-06,0.00011386352293715551,7.1147844200985587e-13,3.5191206653254662e-07,4.5045185560309171e-08,0.00026939697525605352,2.3571931390863919e-10,7.1090641057394627e-08,3.790890994954634e-08,8.8214005229268363e-09,4.0114142395348088e-12,1.6514804896343613e-15,1.7496293169199332e-08,7.8652583876316358e-09,0.0055642574903090446,0.012910616337269259,2.3992849519790745e-07,5.5487951897766913e-08,3.4286792542730388e-05,1.1957093938480849e-10,1.6781382279499133e-06,3.4177407058430241e-08
8.465958372993229e-07,0.11640260799999998,0.8585084662769803,0.0,0.0,0.31902567177477958,0.1128346188217088,0.016349240053176482,2.6710380581853404e-21,2.5733374556914851e-06,0.00011437588341742191,7.2430887535196901e-13,3.5621440707834804e-07,4.5364793814851724e-08,0.00027052266394357816,2.4036069372736973e-10,7.1343490002584016e-08,3.8347570153147827e-08,8.9114542519190602e-09,4.0694084475152791e-12,1.6886035704602485e-15,1.7576703266652507e-08,7.9854028224777839e-09,0.0055636896153722585,0.012941885684340406,2.4054458783308938e-07,5.5704569389671201e-08,3.4334203933926231e-05,1.2071265427004672e-10,1.6855517035778819e-06,3.4287465339235511e-08
8.491167963229512e-07,0.11640260799999998,0.8585084662769803,0.0,0.0,0.31899495032650044,0.1128340500155282,0.016333610396370199,2.7414918321125121e-21,2.5984748964256605e-06,0.00011488794442947828,7.3732464687438071e-13,3.6055260905442083e-07,4.568542735693784e-08,0.00027164776957935014,2.4507523827572887e-10,7.1596855494545857e-08,3.8789471757666516e-08,9.0020902834273942e-09,4.1280148958155896e-12,1.7264193022082044e-15,1.7657038032497924e-08,8.1069354710432427e-09,0.0055631223628398946,0.012973118931642316,2.4115915845627774e-07,5.5921116316043291e-08,3.4381417322453973e-05,1.2186118801234998e-10,1.6929595585351711e-06,3.4397214563150638e-08
8.516377553465795e-07,0.11640260799999998,0.8585084662769803,0.0,0.0,0.31896426450736876,0.11283348110419746,0.016317998684245046,2.8135362987253242e-21,2.6237687902463674e-06,0.0001153996979705235,7.5052771587619515e-13,3.6492680224272297e-07,4.6007083290807679e-08,0.00027277227686270535,2.4986378214213209e-10,7.1850737375004102e-08,3.9234620721943471e-08,9.0933097196854926e-09,4.1872372603434883e-12,1.7649377565162692e-15,1.7737295794835584e-08,8.2298665758590899e-09,0.005562555732541284,0.013004316132285618,2.4177220557051754e-07,5.6137590844922563e-08,3.4428433313444719e-05,1.2301655228233937e-10,1.7003616775686376e-06,3.4506653418105354e-08
8.541587143702078e-07,0.11640260799999998,0.8585084662769803,0.0,0.0,0.31893361426406425,0.11283291210279882,0.016302404890140367,2.8872009731101748e-21,2.6492194584012874e-06,0.00011591113609113468,7.6392005350272323e-13,3.6933711569928326e-07,4.6329758708538819e-08,0.00027389617059717509,2.5472716495089974e-10,7.2105135446841825e-08,3.9683022885768213e-08,9.185113651784245e-09,4.2470792134517651e-12,1.8041691039839701e-15,1.7817474893618736e-08,8.3542063982344851e-09,0.0055619897243024373,0.013035477339278199,2.4238372773389925e-07,5.6353991154881162e-08,3.4475252510790568e-05,1.2417875864005563e-10,1.7077579462525527e-06,3.4615780611287372e-08
8.566796733938361e-07,0.11640260799999998,0.8585084662769803,0.0,0.0,0.31890299954337314,0.11283234302631515,0.016286828987447887,2.9625157875468375e-21,2.6748272198254873e-06,0.00011642225089521605,7.7750364273527855e-13,3.7378367774963962e-07,4.6653450690225853e-08,0.0002750194356903886,2.5966623134379725e-10,7.2360049474359825e-08,4.0134683969677352e-08,9.277503159680283e-09,4.3075444237488047e-12,1.8441236145168639e-15,1.789757368065663e-08,8.4799652178811395e-09,0.0055614243379460433,0.013066602605525496,2.4299372356902232e-07,5.6570315437894574e-08,3.4521875517148618e-05,1.2534781850056228e-10,1.7151482509873759e-06,3.4724594869050303e-08
8.592006324174644e-07,0.11640260799999998,0.8585084662769803,0.0,0.0,0.31887242029218721,0.11283177388963045,0.016271270949611592,3.0395110952089028e-21,2.7005923911412792e-06,0.00011693303453994543,7.9128047838031256e-13,3.782666159843613e-07,4.6978156304158913e-08,0.00027614205715398223,2.6468183096107716e-10,7.2615479183536035e-08,4.058960957476529e-08,9.3704793122063514e-09,4.3686365559098225e-12,1.8848116576652881e-15,1.7977590519616314e-08,8.6071533325370533e-09,0.0055608595732914799,0.013097691983830734,2.4360219175149683e-07,5.6786561901647865e-08,3.456830293393492e-05,1.2652374321647662e-10,1.7225324789984982e-06,3.483309493686389e-08
8.614694955387298e-07,0.11640260799999998,0.8585084662769803,0.0,0.0,0.31884492924873775,0.11283126162736408,0.016257283968104389,3.1102691228072697e-21,2.7239158906072224e-06,0.00011739245023974894,8.0384651437117227e-13,3.8233246689110127e-07,4.7271255579838924e-08,0.00027715185386374756,2.6926201276381393e-10,7.2845806572456656e-08,4.1001838317864148e-08,9.4546603050721741e-09,4.4241585185843839e-12,1.922066717879681e-15,1.8049534266200307e-08,8.722853208269438e-09,0.0055603518165054837,0.013125641783674705,2.4414850591997302e-07,5.6981115709624708e-08,3.4609920876041139e-05,1.2758795421050146e-10,1.7291729960652685e-06,3.4930475343926907e-08
8.637383586599953e-07,0.11640260799999998,0.8585084662769803,0.0,0.0,0.31881746685408824,0.11283074933902162,0.016243311416376478,3.1824360079096314e-21,2.7473673742349667e-06,0.00011785158574841042,8.1657217616669319e-13,3.8642797722582075e-07,4.7565171360054668e-08,0.00027816110639690834,2.739055051089684e-10,7.3076551157518362e-08,4.1416719677690573e-08,9.5393181003687645e-09,4.4801939186389964e-12,1.9599321202855967e-15,1.8121409142835942e-08,8.8397267000937897e-09,0.0055598445630126421,0.013153562595323779,2.4469358077459534e-07,5.7175603749167327e-08,3.4651381313456346e-05,1.2865774294233783e-10,1.7358084192522796e-06,3.5027599368475765e-08
8.660072217812607e-07,0.11640260799999998,0.8585084662769803,0.0,0.0,0.31879003306974157,0.11283023703524803,0.016229353275176512,3.2560347672066116e-21,2.7709470680364382e-06,0.00011831043545896596,8.2945894250203525e-13,3.9055323845770516e-07,4.7859901483770054e-08,0.00027916980404262351,2.7861293769089606e-10,7.3307712660375789e-08,4.1834257488602024e-08,9.6244534542044586e-09,4.5367454187026568e-12,1.9984156326256078e-15,1.8193213981274578e-08,8.9577813510112668e-09,0.0055593378126744027,0.013181454457060206,2.4523741546839528e-07,5.7370024741849638e-08,3.4692684682061907e-05,1.2973311745611981e-10,1.7424386680555113e-06,3.5124466135240437e-08
8.682760849025262e-07,0.11640260799999998,0.8585084662769803,0.0,0.0,0.31876262785726955,0.11282972472662345,0.016215409525287112,3.3310887027814477e-21,2.7946551965059804e-06,0.0001187689937992556,8.4250829984008428e-13,3.9470834156302347e-07,4.8155443782644311e-08,0.00028017793615802881,2.8338494343343946e-10,7.3539290778191205e-08,4.2254455506184962e-08,9.7100671154163707e-09,4.5938156783571362e-12,2.0375250888308347e-15,1.8264947621046888e-08,9.077024714908581e-09,0.0055588315653500378,0.013209317407099849,2.4578000918335214e-07,5.7564377413266048e-08,3.4733831416941879e-05,1.3081408576011422e-10,1.7490636625088303e-06,3.5221074781254776e-08
8.705449480237916e-07,0.11640260799999998,0.8585084662769803,0.0,0.0,0.31873525117831281,0.11282921242366353,0.016201480147524754,3.4076214043020978e-21,2.8184919826202798e-06,0.00011922725523188467,8.5572174236342892e-13,3.9889337702268647e-07,4.8451796081135212e-08,0.00028118549216815984,2.8822215847752711e-10,7.3771285183789653e-08,4.2677317407172143e-08,9.7961598255769012e-09,4.6514073540272964e-12,2.0772683892063482e-15,1.8336608909461712e-08,9.1974643563344113e-09,0.0055583258208966608,0.013237151483592318,2.4632136114351397e-07,5.7758660495645364e-08,3.4774821952388845e-05,1.3190065572080793e-10,1.7556833231831499e-06,3.5317424455766102e-08
8.725869248329305e-07,0.11640260799999998,0.8585084662769803,0.0,0.0,0.31871063653175813,0.11282875136448192,0.016188955979879297,3.4777849108939196e-21,2.8400552754768361e-06,0.00011963943211652835,8.6775537462389978e-13,4.0268557548076156e-07,4.8719203895641279e-08,0.0002820917913217199,2.9263193432288695e-10,7.398043578498394e-08,4.3060173713589255e-08,9.8740534586343504e-09,4.7036878657288726e-12,2.1135858795416545e-15,1.8401041262191677e-08,9.3068891114189633e-09,0.0055578710807234746,0.013262177497030089,2.4680751559490958e-07,5.7933454736240991e-08,3.4811580242070642e-05,1.3288336459104985e-10,1.7616363921929506e-06,3.5403917048867912e-08
8.746289016420694e-07,0.11640260799999998,0.8585084662769803,0.0,0.0,0.31868604493846719,0.11282829032592885,0.01617644342420823,3.5491831667554096e-21,2.8617231208203553e-06,0.00012005136006093663,8.7992423253479897e-13,4.0650215729012502e-07,4.89872644459923e-08,0.00028299760770558074,2.9709551582452233e-10,7.4189923022209459e-08,4.3445193248893897e-08,9.9523362465254949e-09,4.7563948053245039e-12,2.1504290900060729e-15,1.8465413253582493e-08,9.4172945161564277e-09,0.0055574167476510773,0.013287180181460344,2.4729266310630868e-07,5.8108190684698627e-08,3.484821267681043e-05,1.3387062284467244e-10,1.767585019789486e-06,3.5490198592756872e-08
8.766708784512082e-07,0.11640260799999998,0.8585084662769803,0.0,0.0,0.31866147637061787,0.11282782931553618,0.016163942466596828,3.621833974992458e-21,2.8834956780489816e-06,0.00012046303510041703,8.9222942135947977e-13,4.103431873727949e-07,4.9255976131662782e-08,0.00028390293375136707,3.0161337336180059e-10,7.4399746607012817e-08,4.3832378529313906e-08,1.0031008714795965e-08,4.8095301023553831e-12,2.1878039185373417e-15,1.8529724059474398e-08,9.5286861063622776e-09,0.00555696282157081,0.013312159564557113,2.4777680318503452e-07,5.8282867434522099e-08,3.4884719571551487e-05,1.3486243607760171e-10,1.7735291491812814e-06,3.5576268492439836e-08
8.787128552603471e-07,0.11640260799999998,0.8585084662769803,0.0,0.0,0.31863693080043276,0.11282736834079359,0.016151453093152416,3.6957553328662717e-21,2.9053731055656947e-06,0.00012087445329298295,9.0467205140403478e-13,4.1420873031997194e-07,4.9525337347656395e-08,0.00028480776193506266,3.0618597939230337e-10,7.4609906235362551e-08,4.4221732019174792e-08,1.01100713842453e-08,4.8630956840206252e-12,2.2257163070630481e-15,1.859397286080503e-08,9.6410694242883313e-09,0.0055565093023725934,0.013337115673951343,2.482599353620807e-07,5.8457484088187294e-08,3.4921101240715545e-05,1.3585880985800675e-10,1.7794687239270193e-06,3.5662126160809383e-08
8.80754832069486e-07,0.11640260799999998,0.8585084662769803,0.0,0.0,0.31861240820017889,0.11282690740914844,0.016138975290004264,3.7709654330897465e-21,2.9273555607788026e-06,0.00012128561071932735,9.1725323801165928e-13,4.1809885039071219e-07,4.9795346484565607e-08,0.00028571208477696386,3.1081380844383721e-10,7.4820401587741488e-08,4.4613256130867417e-08,1.0189524770932658e-08,4.917093475113621e-12,2.2641722416015453e-15,1.8658158843607597e-08,9.7544500184901274e-09,0.0055560561899449384,0.013362048537230968,2.4874205918602325e-07,5.8632039753491275e-08,3.4957357998202695e-05,1.3685974977335373e-10,1.7854036879349952e-06,3.5747771018629762e-08
8.827968088786248e-07,0.11640260799999998,0.8585084662769803,0.0,0.0,0.31858790854216784,0.11282644652800611,0.016126509043303646,3.8474826651238757e-21,2.9494432001018495e-06,0.00012169650348279613,9.299741015567976e-13,4.2201361151062823e-07,5.0066001928630884e-08,0.00028661589484162776,3.154973371062879e-10,7.5031232329240026e-08,4.500695322481958e-08,1.0269369386181087e-08,4.9715253979586718e-12,2.3031777523607701e-15,1.8722281199008648e-08,9.8688334436941999e-09,0.0055556034841749355,0.01338695818194104,2.4922317423283096e-07,5.8806533536219811e-08,3.499349015740835e-05,1.3786526125050954e-10,1.7913339854625607e-06,3.5833202494479609e-08
8.848387856877637e-07,0.11640260799999998,0.8585084662769803,0.0,0.0,0.31856343179875535,0.11282598570472985,0.01611405433922368,3.9253256164742954e-21,2.9716361789539296e-06,0.00012210712770936063,9.4283576743903872e-13,4.2595307727062106e-07,5.0337302061799669e-08,0.00028751918473781882,3.2023704402328746e-10,7.5242398109649481e-08,4.540282560947193e-08,1.0349605736583672e-08,5.0263933723479457e-12,2.3427389138345768e-15,1.8786339123225605e-08,9.9842252606652451e-09,0.0055551511849482706,0.013411844635583769,2.4970328010177281e-07,5.8980964557416817e-08,3.5029498031201382e-05,1.3887534972716376e-10,1.7972595611155663e-06,3.591842002471787e-08
8.866765648159888e-07,0.11640260799999998,0.8585084662769803,0.0,0.0,0.31854142229885379,0.11282557101930861,0.016102854963082086,3.9965332858940378e-21,2.9917000528711368e-06,0.00012247645673054084,9.5453258691860497e-13,4.2951977120904436e-07,5.0582022050101545e-08,0.00028833169482707398,3.2455120990355022e-10,7.5432733468584432e-08,4.5760972495223073e-08,1.0422153800395416e-08,5.0761489579866681e-12,2.3788240968538518e-15,1.8843935506132473e-08,1.0088944671632796e-08,0.0055547444631432047,0.01343422263819579,2.5013451221904991e-07,5.9137898091455157e-08,3.5061799111754506e-05,1.3978834719467367e-10,1.8025884964976385e-06,3.599493241884476e-08
8.885143439442139e-07,0.11640260799999998,0.8585084662769803,0.0,0.0,0.31851943131733101,0.11282515639199776,0.016091664915232159,4.0688438372498977e-21,3.0118494887921105e-06,0.00012284556232481609,9.6634519941283311e-13,4.331065730261019e-07,5.0827261737037444e-08,0.00028914377230268503,3.2891162133517889e-10,7.5623339636388242e-08,4.6120884803723249e-08,1.0495019938851777e-08,5.1262606941381862e-12,2.4153688041291913e-15,1.8901478474046467e-08,1.0194489450964921e-08,0.0055543380704591791,0.013456581898274422,2.5056492632963083e-07,5.9294779437718657e-08,3.509400000148451e-05,1.4070506030272925e-10,1.8079135226812947e-06,3.6071270666788127e-08
8.903521230724389e-07,0.11640260799999998,0.8585084662769803,0.0,0.0,0.3184974588341265,0.11282474182807806,0.016080484185639433,4.1422712374622275e-21,3.0320845979530265e-06,0.0001232144417149126,9.7827443575359794e-13,4.3671352837917894e-07,5.1073019934361164e-08,0.00028995541186807491,3.3331863148273287e-10,7.5814216326343606e-08,4.6482564109730346e-08,1.056820451145524e-08,5.1767299748200029e-12,2.4523775563546642e-15,1.895896745157629e-08,1.0300863664475071e-08,0.0055539320068099304,0.013478922435780166,2.5099452218712159e-07,5.9451607966813205e-08,3.5126100927399022e-05,1.4162549292311616e-10,1.813234600005954e-06,3.6147434373706574e-08
8.920061242878415e-07,0.11640260799999998,0.8585084662769803,0.0,0.0,0.31847769939874748,0.11282436877909204,0.016070429487833885,4.2093224543847521e-21,3.0503695382295496e-06,0.0001235462374779143,9.8911115117568747e-13,4.399770570266472e-07,5.1294644654095699e-08,0.00029068550870933355,3.3732507547692194e-10,7.5986236398869375e-08,4.6809587542018756e-08,1.0634343182633803e-08,5.2224591786985292e-12,2.4860859517448511e-15,1.9010660896699632e-08,1.0397312986177867e-08,0.0055535668307782979,0.013499012928210407,2.5138045865709892e-07,5.9592707965240292e-08,3.5154906479011607e-05,1.4245706567975296e-10,1.8180201607273246e-06,3.6215832155074452e-08
8.93660125503244e-07,0.11640260799999998,0.8585084662769803,0.0,0.0,0.31845795491619688,0.11282399578951881,0.016060382322405264,4.2773001099281205e-21,3.0687240435773538e-06,0.00012387784577407102,1.0000436178409046e-12,4.4325697981051102e-07,5.1516687532629359e-08,0.00029141524275591574,3.4136981089031301e-10,7.6158475131362133e-08,4.7138044590054059e-08,1.070074033189507e-08,5.2684801349834858e-12,2.5201772459107785e-15,1.9062309731478209e-08,1.0494440414855538e-08,0.0055532019211300323,0.013519088286014006,2.5176573199097996e-07,5.9733764214267825e-08,3.5183631408556819e-05,1.4329165713718343e-10,1.8228024623391316e-06,3.6284087961700026e-08
8.953141267186465e-07,0.11640260799999998,0.8585084662769803,0.0,0.0,0.31843822537191013,0.11282362286315101,0.016050342682068001,4.3462146641103456e-21,3.0871481937343999e-06,0.00012420926460940718,1.0110724482348796e-12,4.4655332955105204e-07,5.1739147698246324e-08,0.00029214461020653161,3.4545309792521868e-10,7.6330932294539907e-08,4.7467936330859511e-08,1.0767396214906164e-08,5.3147938560679211e-12,2.5546547953903301e-15,1.9113913543372572e-08,1.0592248921878757e-08,0.0055528372778003293,0.013539148523684357,2.5215034203837013e-07,5.9874776260645822e-08,3.521227588082412e-05,1.4412927006720295e-10,1.8275814764001649e-06,3.635220151615318e-08
8.96968127934049e-07,0.11640260799999998,0.8585084662769803,0.0,0.0,0.31841851075134198,0.11282325000376327,0.016040310559545877,4.4160766657255449e-21,3.1056420680116862e-06,0.00012454049199960547,1.0221982569884379e-12,4.4986613892119673e-07,5.1962024277540827e-08,0.00029287360727876951,3.4957519764437394e-10,7.6503607652789736e-08,4.7799263819038837e-08,1.083431108531463e-08,5.3614013530853491e-12,2.5895219760332796e-15,1.9165471922026145e-08,1.0690741480855639e-08,0.0055524729007237908,0.013559193655696654,2.5253428865674301e-07,6.001574365248824e-08,3.5240840060382823e-05,1.4496990721247491e-10,1.8323571746176152e-06,3.6420172544265308e-08
8.986221291494515e-07,0.11640260799999998,0.8585084662769803,0.0,0.0,0.3183988110399657,0.11282287721511236,0.016030285947571929,4.4868967527950722e-21,3.1242057452933178e-06,0.00012487152596999589,1.0334216608750889e-12,4.5319544044612239e-07,5.2185316395437214e-08,0.00029360223020907442,3.5373637196775703e-10,7.6676500964200717e-08,4.81320280867747e-08,1.0901485194750583e-08,5.4083036358883395e-12,2.624782183030991e-15,1.9216984459263902e-08,1.0789921067585324e-08,0.0055521087898344054,0.013579223696507927,2.5291757171337522e-07,6.0156665940142981e-08,3.5269324111582798e-05,1.4581357129563315e-10,1.837129528846859e-06,3.6488000775119561e-08
9.00276130364854e-07,0.11640260799999998,0.8585084662769803,0.0,0.0,0.3183791262232733,0.11282250450093709,0.016020268838888491,4.558685653018475e-21,3.1428393040367223e-06,0.00012520236455554454,1.0447432788084715e-12,4.5654126650287136e-07,5.2409023175209712e-08,0.00029433047525272637,3.5793688366937471e-10,7.684961198059683e-08,4.8466230143828047e-08,1.0968918792829116e-08,5.4555017130271658e-12,2.6604388309455986e-15,1.9268450749090907e-08,1.0889790660011553e-08,0.0055517449450655709,0.013599238660557084,2.533001910847777e-07,6.0297542676216413e-08,3.5297728198553463e-05,1.4666026502066406e-10,1.8418985110912363e-06,3.6555685941037374e-08
9.019301315802566e-07,0.11640260799999998,0.8585084662769803,0.0,0.0,0.31835945628677592,0.11282213186495842,0.016010259226247141,4.6314541842242317e-21,3.1615428222728448e-06,0.000125533005800842,1.0561637318397486e-12,4.5990364931996975e-07,5.2633143738502293e-08,0.00029505833868381792,3.6217699637401766e-10,7.7022940447569981e-08,4.880187097753812e-08,1.1036612127152723e-08,5.5029965917285121e-12,2.6964953537387234e-15,1.9319870387690889e-08,1.0990353238176254e-08,0.0055513813663500815,0.013619238562264912,2.5368214665637174e-07,6.0438373415530877e-08,3.5326052485203853e-05,1.475099910720498e-10,1.8466640935018316e-06,3.6623227777566173e-08
9.052381340110616e-07,0.11640260799999998,0.8585084662769803,0.0,0.0,0.31832016099650301,0.11282138684238523,0.01599026246014331,4.7799738642435323e-21,3.1991600472156536e-06,0.00012619368849709872,1.079303638072254e-12,4.6667821340450622e-07,5.308262269419035e-08,0.00029651290589862383,3.7077708352569421e-10,7.7370248684652652e-08,4.9477472812185296e-08,1.1172778984896548e-08,5.5988807759805892e-12,2.7698218569723567e-15,1.9422568106828526e-08,1.119356928210121e-08,0.0055506550068073124,0.013659193236249437,2.5444406598694047e-07,6.0719895134329215e-08,3.5382462312081034e-05,1.4921855079638143e-10,1.8561849481633854e-06,3.6757880420710788e-08
9.082153361987861e-07,0.11640260799999998,0.8585084662769803,0.0,0.0,0.31828484598055246,0.1128207166264647,0.015972290934586859,4.9171022999358085e-21,3.2332555852101795e-06,0.00012678760860004661,1.1004738437716439e-12,4.7283226546363316e-07,5.3488560049597732e-08,0.00029782067428308951,3.786552593791875e-10,7.7683567100347371e-08,5.0090444525500144e-08,1.1296219897651124e-08,5.6862016798014255e-12,2.8372181296514824e-15,1.951483250032235e-08,1.137886366995768e-08,0.0055500021924347696,0.013695101073928,2.5512752222368138e-07,6.0973102951869433e-08,3.5432959879011028e-05,1.5076665164382269e-10,1.864741813563933e-06,3.6878575025693351e-08
9.111925383865107e-07,0.11640260799999998,0.8585084662769803,0.0,0.0,0.31824957895195355,0.11282004672095408,0.015954343583901198,5.0575771458831721e-21,3.2675789860254318e-06,0.00012738085934870454,1.1219740311883928e-12,4.7904045581724046e-07,5.3895824330982973e-08,0.00029912714915504026,3.866658809110065e-10,7.7997585818007681e-08,5.0708092205665929e-08,1.1420506114824431e-08,5.7744998223440705e-12,2.9059642915092783e-15,1.9606939563098985e-08,1.156644976820995e-08,0.0055493502390024938,0.013730960333068636,2.5580882637662647e-07,6.1226154917984541e-08,3.5483201431976668e-05,1.5232461810395245e-10,1.8732872371255043e-06,3.6998801276925562e-08
9.141697405742352e-07,0.11640260799999998,0.8585084662769803,0.0,0.0,0.31821435982688023,0.11281937714691008,0.015936420366146495,5.2014648098950487e-21,3.3021306893424346e-06,0.00012797342968556548,1.1438078992233636e-12,4.8530296700386861e-07,5.4304410359409327e-08,0.00030043230946224364,3.9481051590471626e-10,7.8312303132940889e-08,5.1330420800415045e-08,1.1545639007987612e-08,5.8637810271171305e-12,2.9760810744753849e-15,1.9698887018664576e-08,1.1756345026212313e-08,0.0055486991460969269,0.013766771097122777,2.5648797809894045e-07,6.1479048516347334e-08,3.553318791896007e-05,1.5389246514210631e-10,1.8818210617453786e-06,3.7118557747239917e-08
9.171469427619597e-07,0.11640260799999998,0.8585084662769803,0.0,0.0,0.31817918852170107,0.11281870792520365,0.015918521239478924,5.3488326817852609e-21,3.3369111303816156e-06,0.00012856530865318813,1.1659791689932846e-12,4.916199799746097e-07,5.4714312940380825e-08,0.00030173613434810695,4.0309074080522531e-10,7.8627717277675175e-08,5.1957435022388937e-08,1.1671619927786803e-08,5.9540511020620921e-12,3.0475894162512533e-15,1.9790672613259672e-08,1.1948566911642846e-08,0.0055480489132982624,0.013802533449354214,2.5716497713465511e-07,6.1731781253541564e-08,3.5582920285645371e-05,1.554702075235855e-10,1.8903431318533497e-06,3.7237843042397419e-08
9.231013471374088e-07,0.11640260799999998,0.8585084662769803,0.0,0.0,0.31810898903746959,0.11281737062136023,0.01588279509250828,5.6542835692267797e-21,3.407159944233467e-06,0.0001297469491498078,1.2113489089389659e-12,5.0441822709891867e-07,5.5538046906342789e-08,0.00030433969540479916,4.2006430900978867e-10,7.9260628676541452e-08,5.3225538024022239e-08,1.1926131145565106e-08,6.1375810140692092e-12,3.1948655586015596e-15,1.9973749317945854e-08,1.2340060521865338e-08,0.0055467510263113376,0.013873913250469147,2.5851251657309685e-07,6.2236754284700861e-08,3.568162642937979e-05,1.5865543638164521e-10,1.9073513938877777e-06,3.7474994693591726e-08
9.28460311075313e-07,0.11640260799999998,0.8585084662769803,0.0,0.0,0.31804597221067299,0.11281616845848268,0.015850723533931518,5.941788138462913e-21,3.4711704346796474e-06,0.00013080795322900542,1.2533733718845794e-12,5.1612482819633968e-07,5.6283857668406848e-08,0.00030667812797034987,4.358202277274837e-10,7.9832613099063491e-08,5.4382898039845441e-08,1.2158104615759416e-08,6.306197803687733e-12,3.3323874938143537e-15,2.013794264206177e-08,1.2700537416821296e-08,0.0055455858652500916,0.013937990334518681,2.5971793914488593e-07,6.2690655318924271e-08,3.5769602307445912e-05,1.6155612848023079e-10,1.9226170998225599e-06,3.7686806439924636e-08
9.338192750132172e-07,0.11640260799999998,0.8585084662769803,0.0,0.0,0.31798310902853072,0.11281496775331615,0.015818729384081017,6.2416624042844178e-21,3.5359286005258299e-06,0.00013186655140908838,1.2965498964917533e-12,5.2801075603413777e-07,5.7033852602775954e-08,0.00030901191830034802,4.5204036333150401e-10,8.0406824959679445e-08,5.5555502051026633e-08,1.2392845746675649e-08,6.4781081053553214e-12,3.4747531544599574e-15,2.0301577521175425e-08,1.3068824986908889e-08,0.0055444234841230547,0.014001911850662711,2.6091638709657473e-07,6.3143997420867512e-08,3.5856769438204263e-05,1.6448910204004033e-10,1.9378423712667611e-06,3.789707137692741e-08
9.391782389511214e-07,0.11640260799999998,0.8585084662769803,0.0,0.0,0.31792039901026459,0.11281376862092114,0.015786812402358776,6.5543360041057702e-21,3.601436819342484e-06,0.00013292268337129941,1.3409009797819007e-12,5.4007700774567534e-07,5.778800089967813e-08,0.00031134095176920214,4.6873421380958686e-10,8.0983251763634098e-08,5.6743369065093604e-08,1.2630361665721367e-08,6.6533451773781432e-12,3.6220921462809776e-15,2.0464641628145439e-08,1.3445025650867219e-08,0.0055432638802586165,0.014065678277783222,2.6210786210520952e-07,6.3596766862299136e-08,3.5943133254039325e-05,1.6745443600972806e-10,1.9530263557324732e-06,3.8105782534527441e-08
9.445372028890256e-07,0.11640260799999998,0.8585084662769803,0.0,0.0,0.31785784167709352,0.11281257117444617,0.015754972349152623,6.8802495552071869e-21,3.6676974222978124e-06,0.00013397628982663405,1.3864493470693308e-12,5.5232456335594457e-07,5.8546271614218038e-08,0.00031366511576508965,4.8591136248698602e-10,8.1561880407571542e-08,5.7946515639398997e-08,1.2870659285062445e-08,6.8319420842848783e-12,3.7745362672882479e-15,2.0627122871094132e-08,1.3829241950085411e-08,0.0055421070509211329,0.014129290092836174,2.6329236672787704e-07,6.4048950146209438e-08,3.6028699163338073e-05,1.7045220727933841e-10,1.9681682164384979e-06,3.8312933270407105e-08
9.498961668269299e-07,0.11640260799999998,0.8585084662769803,0.0,0.0,0.31779543655222298,0.11281137552513797,0.015723208985831041,7.2198548120428635e-21,3.734712694276899e-06,0.00013502731251053106,1.4332179506698061e-12,5.6475438569304087e-07,5.9308633672842306e-08,0.00031598429967964482,5.0358147661893472e-10,8.2142697191541158e-08,5.9164955887501127e-08,1.311374530277007e-08,7.013931689879265e-12,3.9322195138845206e-15,2.0789009392463278e-08,1.4221576532177268e-08,0.0055409529933112961,0.014192747770861717,2.6446990438501343e-07,6.4500534004463473e-08,3.6113472550505668e-05,1.7348249068866876e-10,1.9832671322145957e-06,3.8518517265750529e-08
9.55255130764834e-07,0.11640260799999998,0.8585084662769803,0.0,0.0,0.31773318316083526,0.11281018178235183,0.015691522074738042,7.5736148227590192e-21,3.8024848740079985e-06,0.00013607569417741085,1.4812299685606402e-12,5.7736742030606831e-07,6.0075055879719526e-08,0.00031829839489733381,5.217543059513572e-10,8.2725687831019245e-08,6.0398701486376891e-08,1.3359626204004999e-08,7.1993466503924036e-12,4.095278086392865e-15,2.0950289568017805e-08,1.4622132134600819e-08,0.005539801704566554,0.014256051784994337,2.656404793440546e-07,6.4951505395528734e-08,3.619745877597458e-05,1.7654535903674054e-10,1.9983222974037301e-06,3.8722528520991672e-08
9.606140947027382e-07,0.11640260799999998,0.8585084662769803,0.0,0.0,0.31767108103007807,0.11280899005356235,0.015659911379188072,7.9420040848646894e-21,3.871016154195656e-06,0.00013712137859507139,1.5305088029939346e-12,5.901645953892816e-07,6.084550692303672e-08,0.0003206072947845351,5.4043968125133884e-10,8.3310837468941568e-08,6.1647761684434521e-08,1.3608308262236855e-08,7.3882194077348393e-12,4.2638503939987848e-15,2.1110952005799884e-08,1.5031011568327024e-08,0.0055386531817615174,0.014319202606472927,2.6680409670059187e-07,6.5401851502356071e-08,3.628066317620978e-05,1.7964088309376975e-10,2.0133329217624094e-06,3.8924961351548336e-08
9.659730586406424e-07,0.11640260799999998,0.8585084662769803,0.0,0.0,0.31760912968905514,0.1128078004443743,0.015628376663460952,8.3255086999808322e-21,3.9403086816606686e-06,0.00013816431053894135,1.5810780790625201e-12,6.0314682171254022e-07,6.1619955381209932e-08,0.00032291089467832745,5.5964751280740974e-10,8.3898130687743369e-08,6.2912143310330694e-08,1.3859797540498053e-08,7.5805821828519316e-12,4.4380770590916419e-15,2.127098554503374e-08,1.5448317701563541e-08,0.0055375074219083864,0.014382200704650782,2.6796076236190614e-07,6.585155973003193e-08,3.6363091063711588e-05,1.8276913161009058e-10,2.0282982303591202e-06,3.9125810383565981e-08
9.713320225785466e-07,0.11640260799999998,0.8585084662769803,0.0,0.0,0.31754732866881535,0.11280661305853398,0.015596917692796813,8.7246265276047847e-21,4.0103645574865288e-06,0.00013920443578619817,1.63296164321993e-12,6.1631499255791995e-07,6.2398369729010833e-08,0.00032520909187499429,5.7938778890095591e-10,8.4487551521401726e-08,6.419185078256463e-08,1.4114099892671064e-08,7.7764669691830654e-12,4.6181009210108153e-15,2.1430379254983465e-08,1.5874153443538664e-08,0.0055363644219574128,0.014445046547005529,2.6911048303151811e-07,6.6300617703478762e-08,3.6444747727012684e-05,1.8593017132571881e-10,2.0432174634709695e-06,3.9325070549672911e-08
9.766909865164508e-07,0.11640260799999998,0.8585084662769803,0.0,0.0,0.31748567750234258,0.11280542799794058,0.015565534233391123,9.139867337822742e-21,4.0811858371722994e-06,0.00014024170110975588,1.6861835617551584e-12,6.2966998366239971e-07,6.3180718343608694e-08,0.00032750178561826153,5.9967057424966823e-10,8.5079083467476108e-08,6.5486886119832285e-08,1.4371220964807622e-08,7.975905526226168e-12,4.8040670391955336e-15,2.1589122433765468e-08,1.6308621728350816e-08,0.0055352241787973338,0.014507740599148989,2.7025326619082383e-07,6.6749013265407443e-08,3.6525638430671576e-05,1.8912406698380046e-10,2.0580898764786324e-06,3.9522737084723149e-08
9.82049950454355e-07,0.11640260799999998,0.8585084662769803,0.0,0.0,0.3174241757245464,0.1128042453626578,0.015534226052389697,9.571752962905008e-21,4.1527745307916963e-06,0.00014127605427212799,1.7407681192230625e-12,6.4321265316653133e-07,6.3966969510528528e-08,0.0003297888770872794,6.2050600842401483e-10,8.5672709499142281e-08,6.6797248952122312e-08,1.4631166196478084e-08,8.1789293732087398e-12,4.9961226957389954e-15,2.1747204607117147e-08,1.6751825498888665e-08,0.0055340866892558656,0.014570283324836949,2.7138912008286913e-07,6.719673447398364e-08,3.6605768415266861e-05,1.9235088134018286e-10,2.0729147397596525e-06,3.9718805521549646e-08
9.874089143922593e-07,0.11640260799999998,0.8585084662769803,0.0,0.0,0.31736282287225065,0.11280306525092589,0.015502992917883783,1.0020817447717903e-20,4.2251326031581201e-06,0.00014230744401916838,1.7967398168309716e-12,6.5694384156903304e-07,6.4757091429525313e-08,0.00033207026938434855,6.4190430423752101e-10,8.6268412077215366e-08,6.812293653254007e-08,1.4893940822150858e-08,8.3855697828670584e-12,5.194417397344554e-15,2.190461552712329e-08,1.7203867690826712e-08,0.0055329519501001664,0.01463267518597889,2.7251805369768191e-07,6.7643769600482623e-08,3.6685142897385506e-05,1.9561067517265611e-10,2.0876913385801622e-06,3.9913271686739352e-08
9.927678783301635e-07,0.11640260799999998,0.8585084662769803,0.0,0.0,0.3173016184841847,0.11280188775917359,0.015471834598905117,1.0487607198887517e-20,4.298261973995628e-06,0.00014333582007369623,1.8541233707821706e-12,6.7086437168723482e-07,6.5551052220374103e-08,0.00033434586752240764,6.6387574611170195e-10,8.6866173162157785e-08,6.9463943749844861e-08,1.5159549872600382e-08,8.5958577753348906e-12,5.3991028766829558e-15,2.2061345170901201e-08,1.7664851216701205e-08,0.0055318199580373364,0.014694916642647642,2.7364007675448927e-07,6.8090107127329937e-08,3.676376706960859e-05,1.9890350729600678e-10,2.1024189729850893e-06,4.0106131696399084e-08
9.981268422680677e-07,0.11640260799999998,0.8585084662769803,0.0,0.0,0.31724056210097279,0.11280071298203076,0.015440750865421082,1.0972681132651112e-20,4.3721645181157442e-06,0.00014436113312900779,1.9129437105769794e-12,6.8497504862330054e-07,6.6348819928576358e-08,0.00033661557841229193,6.8643068841654061e-10,8.7465974226068205e-08,7.0820263141684176e-08,1.5427998176342076e-08,8.8098241121429598e-12,5.6103330931505085e-15,2.2217383739246409e-08,1.813487895007122e-08,0.0055306907097149305,0.014757008153088958,2.7475519968574968e-07,6.8535735745805222e-08,3.684164610049935e-05,2.0222943457243804e-10,2.1170969576869254e-06,4.0297381951928891e-08
9.999999999999997e-07,0.11640260799999998,0.8585084662769803,0.0,0.0,0.31721925544163765,0.11280030301107428,0.015429903490605981,1.1146650206410798e-20,4.3981789106779029e-06,0.00014471878688791811,1.9338471261497179e-12,6.899522497929111e-07,6.6628561465382787e-08,0.00033740752155480029,6.9445402760467032e-10,8.767610471102131e-08,7.1297957086560306e-08,1.5522501386961932e-08,8.8854865296142097e-12,5.6857383348962958e-15,2.2271760267035467e-08,1.8301323302539185e-08,0.0055302966418180532,0.014778676169906161,2.7514335132708462e-07,6.8691330307633839e-08,3.6868692930259951e-05,2.0339978609889067e-10,2.1222156261302482e-06,4.0363850755328417e-08
1.003485806205972e-06,0.11640260799999998,0.8585084662769803,0.0,0.0,0.31717965326512415,0.11279954101234059,0.015409741488329845,1.1476610821332778e-20,4.4468420655996527e-06,0.00014538333484228087,1.9732259772722201e-12,6.9927665973613744e-07,6.7150362530982633e-08,0.00033887931084976335,7.0957955378744848e-10,8.8067796264646318e-08,7.2191884908508049e-08,1.5699290361094083e-08,9.0274992903302967e-12,5.8282642330289669e-15,2.237272165524002e-08,1.861405370976938e-08,0.0055295642017214579,0.014818950173731015,2.758634336231903e-07,6.8980644353618051e-08,3.6918785134586354e-05,2.0558851191990478e-10,2.1317246219531049e-06,4.0487019135826809e-08
1.0088447701438761e-06,0.11640260799999998,0.8585084662769803,0.0,0.0,0.31711889152102374,0.11279837194117251,0.015378806239455546,1.1999980638380535e-20,4.5222964019858649e-06,0.00014640237782787512,2.0349955216998381e-12,7.1376997461890736e-07,6.7955647941332218e-08,0.00034113697550232927,7.3333283141963444e-10,8.8671619809130125e-08,7.3578796928146597e-08,1.5973430855264359e-08,9.2489135366684319e-12,6.0530547090479237e-15,2.2527349562819415e-08,1.9102478244246948e-08,0.0055284404305869176,0.014880743159193884,2.769647903806759e-07,6.94248220530521e-08,3.6995189292343967e-05,2.0898079232887541e-10,2.1463013094920724e-06,4.0675040207490479e-08
1.0142037340817804e-06,0.11640260799999998,0.8585084662769803,0.0,0.0,0.31705827641492196,0.11279720585783498,0.01534794489154351,1.2543387901902895e-20,4.5985292684633236e-06,0.00014741821565053355,2.098277902645445e-12,7.2845574508205989e-07,6.876464401570947e-08,0.00034338848489585966,7.5770107534079429e-10,8.9277424938200826e-08,7.4980984771034474e-08,1.6250423889461412e-08,9.4740968019995318e-12,6.2848651593506673e-15,2.2681258325313481e-08,1.9600255216017604e-08,0.0055273193927833295,0.014942387562298895,2.7805928243852482e-07,6.9868258148743654e-08,3.7070863670176503e-05,2.1240632687403425e-10,2.1608263783381028e-06,4.0861442399020989e-08
1.0195626980196846e-06,0.11640260799999998,0.8585084662769803,0.0,0.0,0.31699780749492507,0.11279604284988873,0.015317157218255497,1.3107443016643504e-20,4.6755423620693522e-06,0.00014843080281848889,2.1630988849875133e-12,7.4333470514180194e-07,6.9577318557917445e-08,0.00034563375340100231,7.8269490266302384e-10,8.9885191289851649e-08,7.6398431716066349e-08,1.6530273498028682e-08,9.7030787556893801e-12,6.5238584458645187e-15,2.2834439023943781e-08,2.0107487186204254e-08,0.0055262010847252838,0.015003883834077962,2.7914692293021832e-07,7.0310942145133869e-08,3.7145813340398928e-05,2.1586516472094501e-10,2.1752992007349216e-06,4.1046223211066069e-08
1.0249216619575888e-06,0.11640260799999998,0.8585084662769803,0.0,0.0,0.31693748431098545,0.11279488300315976,0.015286442994164987,1.3692769614333532e-20,4.7533373358925791e-06,0.00014944009477647877,2.229484437798002e-12,7.5840757101391988e-07,7.0393639324768991e-08,0.00034787269721941273,8.083249918148734e-10,9.0494898073216355e-08,7.7831118767066613e-08,1.6812983520601207e-08,9.9358887801960894e-12,6.7701996520771839e-15,2.29868829562929e-08,2.0624276599193018e-08,0.0055250855027704866,0.015065232423782814,2.8022772562595594e-07,7.0752863744723256e-08,3.7220043351214836e-05,2.193573531445185e-10,2.1897191630182067e-06,4.1229380408669449e-08
1.030280625895493e-06,0.11640260799999998,0.8585084662769803,0.0,0.0,0.31687730641489231,0.11279372640175311,0.015255801994752462,1.4300004692362233e-20,4.8319157992810283e-06,0.00015044604789867392,2.2974607324051925e-12,7.7367504111286925e-07,7.121357403129552e-08,0.00035010523436980657,8.3460208075446684e-10,9.1106524080353691e-08,7.9279024669857185e-08,1.7098557603683056e-08,1.0172555965755336e-11,7.0240560802210308e-15,2.3138581634741339e-08,2.1150725767398559e-08,0.0055239726432203262,0.015126433778894208,2.8130170491722053e-07,7.119401284598657e-08,3.7293558726698016e-05,2.2288293754278252e-10,2.2040856654970133e-06,4.1410912017115152e-08
1.0356395898333972e-06,0.11640260799999998,0.8585084662769803,0.0,0.0,0.31681727336026178,0.11279257312806597,0.015225233996400765,1.4929798750707116e-20,4.9112793180544715e-06,0.00015144861948152374,2.3670541404195191e-12,7.8913779605604127e-07,7.2037090355873991e-08,0.00035233128467383756,8.6153696516461352e-10,9.1720047697983261e-08,8.0742125929906902e-08,1.7386999202245106e-08,1.0413109105182832e-11,7.2855972478675185e-15,2.3289526784874179e-08,2.1686936856144689e-08,0.0055228625023204421,0.015187488345131025,2.8236887580420818e-07,7.1634379540640368e-08,3.736636446677304e-05,2.2644196144090284e-10,2.2183981223341947e-06,4.1590816317816416e-08
1.0409985537713014e-06,0.11640260799999998,0.8585084662769803,0.0,0.0,0.31675738470252796,0.11279142326280166,0.015194738776390455,1.5582815927065948e-20,4.9914294147212294e-06,0.00015244776773652287,2.4382912317232008e-12,8.0479649867311761e-07,7.2864155945272255e-08,0.00035455076974181242,8.8914049663084161e-10,9.2335446919169849e-08,8.2220396830545449e-08,1.767831158134241e-08,1.0657576688794635e-11,7.5549948839343144e-15,2.3439710343858809e-08,2.2233011868664188e-08,0.0055217550762613017,0.015248396566459346,2.8342925388010866e-07,7.2073954111999467e-08,3.7438465547193043e-05,2.3003446651111543e-10,2.2326559614258649e-06,4.1769091844223095e-08
1.0463575177092057e-06,0.11640260799999998,0.8585084662769803,0.0,0.0,0.3166976399989328,0.11279027688498346,0.015164316112895201,1.6259734130133999e-20,5.0723675686999745e-06,0.00015344345178290258,2.5111987724244513e-12,8.2065179402042755e-07,7.3694738419613295e-08,0.0003567636129582548,9.1742358080327452e-10,9.295269935495161e-08,8.3713809451725966e-08,1.7972497817749387e-08,1.090598689944599e-11,7.8324229241078392e-15,2.3589124458794946e-08,2.2789052631221502e-08,0.0055206503611787859,0.015309158885101449,2.844828553157688e-07,7.2512727033124095e-08,3.7509866919519687e-05,2.3366049258986073e-10,2.2468586242799739e-06,4.1945737377716882e-08
1.0517164816471099e-06,0.11640260799999998,0.8585084662769803,0.0,0.0,0.31663803880851732,0.11278913407196846,0.015133965784977201,1.6961245170970653e-20,5.1540952165452113e-06,0.00015443563164025092,2.585803722777078e-12,8.3670430940021558e-07,7.4528805377258627e-08,0.00035896973946731643,9.4639717554327288e-10,9.3571782245908874e-08,8.5222333689319724e-08,1.8269560801612473e-08,1.1158367607689091e-11,8.1180575056842876e-15,2.3737761485038141e-08,2.3355160778362045e-08,0.0055195483531547841,0.015369775741544715,2.8552969684797813e-07,7.2950688963826769e-08,3.7580573511105566e-05,2.3732007767800596e-10,2.2610055658940422e-06,4.2120751943551783e-08
1.057075445585014e-06,0.11640260799999998,0.8585084662769803,0.0,0.0,0.31657858069211181,0.11278799489946181,0.015103687572582646,1.7688054892400903e-20,5.2366137521765825e-06,0.00015542426822106611,2.6621332350662726e-12,8.5295465438472974e-07,7.5366324399611138e-08,0.00036116907615805246,9.7607228905576567e-10,9.4192672473669853e-08,8.6745937274926524e-08,1.8569503238119402e-08,1.1414746367050316e-11,8.4120769618324834e-15,2.3885613984497973e-08,2.3931437738291646e-08,0.0055184490482177839,0.015430247574550542,2.8656979576456529e-07,7.3387830749091415e-08,3.7650590225073901e-05,2.4101325796152368e-10,2.2750962546321117e-06,4.229413480682848e-08
1.0624344095229183e-06,0.11640260799999998,0.8585084662769803,0.0,0.0,0.31651926521232726,0.11278685944153065,0.015073481256537187,1.8440883296397887e-20,5.3199245271131681e-06,0.00015640932332324468,2.7402146514613942e-12,8.6940342084503989e-07,7.6207263055838202e-08,0.0003633615516495633,1.0064599780081937e-09,9.4815346572349867e-08,8.8284585796184265e-08,1.8872327649183994e-08,1.1675150409427263e-11,8.7146618152822252e-15,2.4032674723912059e-08,2.4517984718389563e-08,0.0055173524423434818,0.015490574821163124,2.8760316988886188e-07,7.3824143417598323e-08,3.7719921940297497e-05,2.4474006783401405e-10,2.2891301721009672e-06,4.2465885468450881e-08
1.0677933734608225e-06,0.11640260799999998,0.8585084662769803,0.0,0.0,0.31646009193354546,0.11278572777061871,0.015043346618541455,1.9220464669394183e-20,5.4040288507109254e-06,0.00015739075962251101,2.8200755018365712e-12,8.8605118298449604e-07,7.7051588907515078e-08,0.00036554709627601231,1.0375713456369812e-09,9.5439780739920121e-08,8.9838242717561822e-08,1.9178036375145353e-08,1.193960664060598e-11,9.0259947714419988e-15,2.4178936673097151e-08,2.5114902690858338e-08,0.0055162585314553992,0.015550757916718215,2.8862983756903112e-07,7.4259618178383863e-08,3.7788573511384303e-05,2.4850053989188113e-10,2.30310681302568e-06,4.2636003661123261e-08
1.0731523373987267e-06,0.11640260799999998,0.8585084662769803,0.0,0.0,0.31640106042190985,0.11278459995756057,0.015013283441166592,2.0027547705470191e-20,5.4889279904031226e-06,0.00015836854066478956,2.9017435015599169e-12,9.0289849737673317e-07,7.7899269513189084e-08,0.00036772564207152622,1.069417539842454e-09,9.6065950849503569e-08,9.1406869401618429e-08,1.9486631576480922e-08,1.2208141635898513e-11,9.3462607109502686e-15,2.4324393003178282e-08,2.5722292378513799e-08,0.0055151673114254849,0.015610797294851817,2.8964981766419038e-07,7.4694246419227403e-08,3.7856549768661176e-05,2.5229470495419222e-10,2.3170256851245324e-06,4.2804489345398534e-08
1.078511301336631e-06,0.11640260799999998,0.8585084662769803,0.0,0.0,0.31634217024531719,0.11278347607159618,0.014983291507849805,2.0862895627369622e-20,5.5746231719459523e-06,0.00015934263085852404,2.9852465492522021e-12,9.1994590300813071e-07,7.8750272432865369e-08,0.00036989712275498478,1.102009751273113e-09,9.6693832460593797e-08,9.2990425130714224e-08,1.9798115235533052e-08,1.2480781635901166e-11,9.675646681664756e-15,2.4469037084797197e-08,2.6340254240718258e-08,0.0055140787780747439,0.015670693387508816,2.9066312952821092e-07,7.512801970576765e-08,3.7923855518152112e-05,2.5612259209358022e-10,2.3308863089833653e-06,4.2971342705706557e-08
1.0838702652745352e-06,0.11640260799999998,0.8585084662769803,0.0,0.0,0.31628342097340773,0.11278235618038543,0.01495337060288998,2.1727286305292699e-20,5.6611155796669205e-06,0.00016031299546694669,3.0706127245157729e-12,9.3719392132463753e-07,7.9604565232414327e-08,0.000372061473714708,1.1353592114001745e-09,9.732340083019417e-08,9.4588867129154639e-08,2.0112489158246856e-08,1.2757552542373434e-11,1.0014341890094385e-14,2.4612862486301132e-08,2.6968888459459932e-08,0.0055129929271738641,0.015730446624951561,2.9166979300026698e-07,7.5560929777733653e-08,3.7990495541567755e-05,2.5998422862528413e-10,2.3446882179294028e-06,4.3136564146412786e-08
1.0892292292124394e-06,0.11640260799999998,0.8585084662769803,0.0,0.0,0.31622481217755671,0.11278124035002293,0.014923520511443286,2.2621512373419418e-20,5.7484063567149776e-06,0.00016127960060030225,3.1578702856345655e-12,9.5464305628286586e-07,8.0462115487901423e-08,0.00037421863199304785,1.169477190583271e-09,9.7954630923874149e-08,9.6202150585754244e-08,2.0429754975919468e-08,1.30384799142378e-11,1.0362537692278862e-14,2.475586297191291e-08,2.7608294925581412e-08,0.0055119097544438448,0.015790057435768341,2.926698283924004e-07,7.5992968547108402e-08,3.8056474596295528e-05,2.6387964012320713e-10,2.3584309579046038e-06,4.3300154287945184e-08
1.0945881931503436e-06,0.11640260799999998,0.8585084662769803,0.0,0.0,0.31616634343086492,0.11278012864505262,0.014893741019518821,2.3546381344115922e-20,5.8364966053163171e-06,0.00016224241320802801,3.24704766724601e-12,9.7229379440536724e-07,8.1322890789839606e-08,0.00037636853627088856,1.20437499612822e-09,9.8587497426739736e-08,9.7830228676802846e-08,2.0749914146960845e-08,1.3323588963700384e-11,1.0720427584121028e-14,2.4898032499883567e-08,2.8258573225160116e-08,0.0055108292555566341,0.015849526246881913,2.9366325647201986e-07,7.6424128098139326e-08,3.8121797415376978e-05,2.6780885046339844e-10,2.3721140873385812e-06,4.3462113962904555e-08
1.0999471570882478e-06,0.11640260799999998,0.8585084662769803,0.0,0.0,0.31610801430815055,0.11277902112848273,0.014864031913974306,2.4502715719778774e-20,5.9253873870328549e-06,0.00016320140107089405,3.3381734779856673e-12,9.9014660483998809e-07,8.21868587473655e-08,0.00037851112685206465,1.2400639703377418e-09,9.9221974754315105e-08,9.9473052589418673e-08,2.1072967958663025e-08,1.3612904552492429e-11,1.1088207191177409e-14,2.5039365220628456e-08,2.8919822626043209e-08,0.0055097514261357563,0.015908853483557816,2.9465009845372743e-07,7.6854400683095388e-08,3.8186468707501545e-05,2.7177188180654378e-10,2.3857371770211546e-06,4.3622444212189788e-08
1.105306121026152e-06,0.11640260799999998,0.8585084662769803,0.0,0.0,0.31604982438593954,0.11277791786180055,0.014834392982511747,2.549135310227265e-20,6.0150797230206291e-06,0.00016415653279310786,3.4312764981054166e-12,1.0082019394232269e-06,8.305398699233904e-08,0.00038064634564770566,1.2765554885560185e-09,9.985803706333286e-08,1.0113057154527291e-07,2.1398917528978261e-08,1.3906451188232477e-11,1.1466074257912627e-14,2.5179855474847687e-08,2.9592142064539719e-08,0.0055086762617569725,0.015968039569412795,2.9563037598907533e-07,7.7283778719862194e-08,3.825049315700559e-05,2.7576875460498575e-10,2.3992998099745539e-06,4.3781146281205899e-08
1.1106650849640563e-06,0.11640260799999998,0.8585084662769803,0.0,0.0,0.31599177324245731,0.11277681890498741,0.014804824013673215,2.6513146299918688e-20,6.1055745942945841e-06,0.000165107777794385,3.526385677066009e-12,1.0264602327474892e-06,8.3924243183367703e-08,0.00038277413616050621,1.3138609572079608e-09,1.0049565826243003e-07,1.0280273282467018e-07,2.1727763808307033e-08,1.4204253020909221e-11,1.1854228636423528e-14,2.5319497791632198e-08,3.0275630132272242e-08,0.0055076037579489066,0.016027084926423036,2.9660411114695861e-07,7.7712254793253803e-08,3.8313875423848732e-05,2.7979948766434409e-10,2.4128015813253391e-06,4.3938221616066042e-08
1.1160240489019605e-06,0.11640260799999998,0.8585084662769803,0.0,0.0,0.31593386045761968,0.11277572431653372,0.014775324796836548,2.756896343199171e-20,6.1968729419965528e-06,0.00016605510630198861,3.6235301311048156e-12,1.0449219022321478e-06,8.4797595009755546e-08,0.00038489444346893268,1.3519918118340644e-09,1.0113481202274735e-07,1.04489481790969e-07,2.2059507581292026e-08,1.4506333839484672e-11,1.2252872274639025e-14,2.54582868865562e-08,3.0970385063190662e-08,0.0055065339101937043,0.016085989974932394,2.9757132640649225e-07,7.813982165035008e-08,3.8376620143610658e-05,2.8386409812067357e-10,2.4262420981760814e-06,4.409367185978912e-08
1.1213830128398647e-06,0.11640260799999998,0.8585084662769803,0.0,0.0,0.31587608561302499,0.11277463415345396,0.01474589512221116,2.8659688030686061e-20,6.2889756676604691e-06,0.00016699848934274259,3.7227391407795961e-12,1.0635873481983265e-06,8.5674010195378089e-08,0.00038700721421137832,1.3909595151217036e-09,1.0177547178842924e-07,1.0619076191532784e-07,2.2394149468618076e-08,1.4812717068617546e-11,1.2662209204002099e-14,2.5596217659756943e-08,3.1676504720749997e-08,0.0055054667139276849,0.016144755133660621,2.9853204465021983e-07,7.8566472196938636e-08,3.8438731927502751e-05,2.8796260142980972e-10,2.4396209794768354e-06,4.4247498848589442e-08
1.126741976777769e-06,0.11640260799999998,0.8585084662769803,0.0,0.0,0.31581844829194439,0.1127735484713018,0.014716534780833854,2.9786219140510759e-20,6.3818836334847799e-06,0.00016793789873502041,3.8240421484891004e-12,1.0824569539473064e-06,8.6553456502482848e-08,0.00038911239657026051,1.4307755549337309e-09,1.0241761078702222e-07,1.0790651480176073e-07,2.2731689928820872e-08,1.5123425765506486e-11,1.3082445526640293e-14,2.5733285194002819e-08,3.2394086585254801e-08,0.0055044021645419827,0.016203380819711444,2.9948628914144521e-07,7.8992199500642652e-08,3.8500215362343268e-05,2.9209501145390145e-10,2.4529378558964502e-06,4.439970460817888e-08
1.1321009407156731e-06,0.11640260799999998,0.8585084662769803,0.0,0.0,0.31576094807931393,0.11277246732418515,0.014687243564564632,3.0949471415076656e-20,6.4755976626097304e-06,0.00016887330708071057,3.9274687559713188e-12,1.1015310858424598e-06,8.7435901735417035e-08,0.00039120994025606854,1.4714514423352034e-09,1.0306120203976938e-07,1.0963668021248826e-07,2.3072129260099398e-08,1.5438482616852807e-11,1.3513789402031454e-14,2.5869484752750825e-08,3.3123227741371908e-08,0.0055033402573832161,0.016261867448580634,3.0043408351740636e-07,7.9416996786101779e-08,3.8561075010554238e-05,2.9626134043777241e-10,2.4661923696937593e-06,4.4550291350043653e-08
1.1374599046535773e-06,0.11640260799999998,0.8585084662769803,0.0,0.0,0.31570358456172593,0.11277139076478138,0.014658021266082562,3.2150375211238788e-20,6.5701185393879398e-06,0.00016980468775716455,4.0330487217802295e-12,1.1208100933946337e-06,8.832131374428184e-08,0.00039329979649138376,1.5129987096190964e-09,1.0370621837179857e-07,1.1138119609356806e-07,2.3415467602131084e-08,1.5757909935942352e-11,1.3956451033171587e-14,2.6004811778193831e-08,3.3864024865813606e-08,0.0055022809877541415,0.016320215434164034,3.0137545178791765e-07,7.9840857429324397e-08,3.8621315410190419e-05,3.004615989670502e-10,2.4793841745886963e-06,4.4699261467814711e-08
1.1428188685914816e-06,0.11640260799999998,0.8585084662769803,0.0,0.0,0.31564635732742036,0.1127703188443524,0.014628867678881663,3.3389876680559142e-20,6.665447009662713e-06,0.00017073201490913007,4.1408119587417949e-12,1.1402943093508822e-06,8.9209660428515398e-08,0.00039538191799485644,1.5554289083318066e-09,1.0435263242220295e-07,1.1313999860079177e-07,2.3761704937894982e-08,1.6081729659846076e-11,1.4410642652251874e-14,2.6139261889299051e-08,3.4616574215193155e-08,0.0055012243509143001,0.016378425188765519,3.0231041830864821e-07,8.0263774963218839e-08,3.8680941074914057e-05,3.046957960868589e-10,2.4925129356333688e-06,4.4846617533676078e-08
1.1476419361355953e-06,0.11640260799999998,0.8585084662769803,0.0,0.0,0.31559496899975314,0.11276935812352928,0.014602688028522557,3.4539223806112322e-20,6.7519337109818783e-06,0.0001715631228251096,4.2396904140888903e-12,1.1580058184758298e-06,9.001165510318933e-08,0.0003972491762671322,1.5943805548542228e-09,1.0493557736095921e-07,1.1473508173336624e-07,2.4075797040823062e-08,1.6376940743166395e-11,1.482945028257995e-14,2.6259513747508096e-08,3.530399599004352e-08,0.0055002756248409531,0.016430696119909844,3.0314643508379448e-07,8.0643589162986155e-08,3.8734082285697365e-05,3.0853559721010828e-10,2.5042746502772589e-06,4.4977860245490982e-08
1.152465003679709e-06,0.11640260799999998,0.8585084662769803,0.0,0.0,0.31554369043147779,0.1127684012360711,0.014576563718284957,3.5721326470744483e-20,6.8390756262575969e-06,0.00017239090927450494,4.3403836898414909e-12,1.1758840215769603e-06,9.0815977581622684e-08,0.00039911009991398956,1.6340651907299315e-09,1.0551961195888586e-07,1.1634163487980095e-07,2.4392236960034597e-08,1.6675742593215664e-11,1.5257928288007462e-14,2.6379048949262194e-08,3.6001084239764845e-08,0.0054993290239373537,0.016482855714984937,3.0397730467896145e-07,8.1022629823852198e-08,3.8786732453623047e-05,3.1240289900139238e-10,2.515984808691384e-06,4.5107799919649944e-08
1.1572880712238227e-06,0.11640260799999998,0.8585084662769803,0.0,0.0,0.31549252132581102,0.1127674482164677,0.014550494599302948,3.6936907581588968e-20,6.9268732203263944e-06,0.00017321535697100479,4.442913902717285e-12,1.1939291267715258e-06,9.1622604578820724e-08,0.00040096465751164915,1.6744912691815016e-09,1.0610471592279631e-07,1.1795960788281075e-07,2.4711024364828115e-08,1.6978150410082638e-11,1.5696235541649049e-14,2.6497864660202337e-08,3.6707908215365867e-08,0.0054983845446605704,0.016534904271284137,3.0480304554192677e-07,8.1400892541364559e-08,3.8838894818502305e-05,3.1629770479507691e-10,2.5276431897296749e-06,4.523643878798232e-08
1.1621111387679364e-06,0.11640260799999998,0.8585084662769803,0.0,0.0,0.31544146138703016,0.11276649909831819,0.014524480523235215,3.8186700620224241e-20,7.0153269334648989e-06,0.00017403644911160327,4.5473032641943221e-12,1.2121413314183507e-06,9.2431512850664052e-08,0.00040281281857780792,1.7156672511491994e-09,1.0669086886190555e-07,1.1958894947650704e-07,2.5032158826250117e-08,1.728417914074932e-11,1.6144532209400085e-14,2.6615958157016186e-08,3.7424536863005583e-08,0.0054974421834409707,0.016586842085075784,3.0562367631978829e-07,8.1778373008720134e-08,3.8890572604153304e-05,3.2022001694858458e-10,2.5392495793598337e-06,4.536377919058602e-08
1.1669342063120501e-06,0.11640260799999998,0.8585084662769803,0.0,0.0,0.3153905103204675,0.11276555391433998,0.014498521342262633,3.9471449689314135e-20,7.1044371815578324e-06,0.00017485416937181275,4.653574078959648e-12,1.230520822178468e-06,9.324267919583686e-08,0.00040465455356213532,1.7576016041305339e-09,1.0727805029347967e-07,1.2122960730228868e-07,2.535563981817378e-08,1.7593843477749643e-11,1.6602979740229767e-14,2.6733326826261962e-08,3.8151038817292304e-08,0.0054965019366826169,0.016638669451607864,3.064392158658852e-07,8.2155067010261025e-08,3.8941769018435281e-05,3.2416983677141087e-10,2.5508037705874056e-06,4.5489823573774856e-08
1.1717572738561638e-06,0.11640260799999998,0.8585084662769803,0.0,0.0,0.31533966783250617,0.11276461269637766,0.014472616909085965,4.0791909557161121e-20,7.194204356268743e-06,0.00017566850190087324,4.7617487433456539e-12,1.2490677750779123e-06,9.4056080457704051e-08,0.00040648983383673962,1.800302801022415e-09,1.0786623964840059e-07,1.2288152792487901e-07,2.5681466718383856e-08,1.7907157857913852e-11,1.707174085613655e-14,2.6849968163188516e-08,3.8887482394715955e-08,0.0054955638007636544,0.016690386665112474,3.0724968322591265e-07,8.2530970425827004e-08,3.8992487253227494e-05,3.281471645959541e-10,2.5623055633799167e-06,4.5614574488144126e-08
1.1760980346458661e-06,0.11640260799999998,0.8585084662769803,0.0,0.0,0.3152940021862134,0.11276376901677869,0.01444934960726672,4.201148861586312e-20,7.2755567900951205e-06,0.00017639849194420599,4.8607523158972687e-12,1.2659033497827499e-06,9.4790033345657514e-08,0.00040813604438193538,1.8393965360568672e-09,1.0839645477664523e-07,1.2437784115733762e-07,2.5976716089320283e-08,1.8192273312009504e-11,1.7502579483157606e-14,2.6954321513766376e-08,3.9558837904299165e-08,0.0054947212801902227,0.016736838218795867,3.07974783016834e-07,8.2868604219945371e-08,3.9037727446288603e-05,3.3175027849864803e-10,2.5726122164547284e-06,4.572574658565202e-08
1.1804387954355685e-06,0.11640260799999998,0.8585084662769803,0.0,0.0,0.31524842403902803,0.11276292859675095,0.014426126425615386,4.3261178796170075e-20,7.3574418840066958e-06,0.0001771257145683397,4.9613326734265233e-12,1.2828748163133519e-06,9.5525760982452903e-08,0.0004097769845733072,1.8791244631215704e-09,1.0892745449096974e-07,1.2588319267571238e-07,2.6273864478284483e-08,1.848036694863512e-11,1.7942025338155475e-14,2.7058082108123103e-08,4.0238350543423641e-08,0.0054938804637662758,0.01678320099910913,3.0869580405386476e-07,8.3205591503961822e-08,3.9082585190835557e-05,3.3537567224960911e-10,2.5828761341769074e-06,4.5835875124154302e-08
1.1847795562252708e-06,0.11640260799999998,0.8585084662769803,0.0,0.0,0.31520293317906695,0.11276209145773179,0.014402947257821661,4.4541552651253906e-20,7.4398598738873408e-06,0.00017785015918323884,5.0635063269906081e-12,1.2999822811559621e-06,9.6263246586981629e-08,0.00041141263541973435,1.9194927655851308e-09,1.094592236387597e-07,1.2739754135312922e-07,2.6572911236349728e-08,1.8771448756361356e-11,1.8390199648922487e-14,2.7161248341407575e-08,4.0926069428336664e-08,0.0054930413487991889,0.016829475218454681,3.0941276060086926e-07,8.3541929463679376e-08,3.9127062780603985e-05,3.3902334405444063e-10,2.593097184885878e-06,4.5944962171557113e-08
1.189120317014973e-06,0.11640260799999998,0.8585084662769803,0.0,0.0,0.31515752939512393,0.11276125762060832,0.014379811997910536,4.5853189834524663e-20,7.5228109801606481e-06,0.00017857181549774391,5.1672898438342937e-12,1.3172258439835489e-06,9.7002473411932391e-08,0.00041304297851158737,1.9605076274895005e-09,1.0999174702423789e-07,1.2892084539674768e-07,2.6873855654242977e-08,1.9065528553195787e-11,1.8847224452180259e-14,2.7263818677130681e-08,4.1622043450733837e-08,0.0054922039325803083,0.016875661088579547,3.1012566702368298e-07,8.3877615348454238e-08,3.9171162498855485e-05,3.4269329156327531e-10,2.6032752413003371e-06,4.6053009859191008e-08
1.1934610778046754e-06,0.11640260799999998,0.8585084662769803,0.0,0.0,0.31511221247666782,0.11276042710572273,0.014356720540240968,4.7196677121705053e-20,7.6062954078896271e-06,0.00017929067351675092,5.2726998464464162e-12,1.3346055976966486e-06,9.77434247448028e-08,0.00041466799601511605,2.002175232875491e-09,1.1052500941157404e-07,1.3045306235744417e-07,2.7176696962980331e-08,1.9362615986005596e-11,1.931322258703336e-14,2.7365791646465132e-08,4.2326321274147776e-08,0.0054913682123851814,0.01692175882057801,3.1083453780574399e-07,8.4212646460279544e-08,3.9214886618415324e-05,3.4638551173269594e-10,2.613410180473853e-06,4.6160020380579683e-08
1.1973677625154076e-06,0.11640260799999998,0.8585084662769803,0.0,0.0,0.31507150134658557,0.11275968249921699,0.01433597559221062,4.843353824505202e-20,7.681887539876967e-06,0.00017993524516659904,5.3689732763848079e-12,1.3503638906034247e-06,9.841174161460235e-08,0.00041612594411031997,2.0402392839781615e-09,1.1100556478449001e-07,1.3183964256080473e-07,2.7450875299336433e-08,1.9632574039098056e-11,1.9740395274721859e-14,2.7457055410589034e-08,4.2967311098845e-08,0.0054906175120455663,0.016963171595223956,3.1146908309665274e-07,8.451361244642986e-08,3.9253919059220789e-05,3.4972754997808006e-10,2.6224946623319478e-06,4.6255444934955002e-08
1.2012744472261398e-06,0.11640260799999998,0.8585084662769803,0.0,0.0,0.31503086025502819,0.11275894061383669,0.014315265962151481,4.9697116862094377e-20,7.757911944047782e-06,0.00018057753546342259,5.4665898616582883e-12,1.3662326261955044e-06,9.9081429695316118e-08,0.00041757955229451623,2.0788415726157213e-09,1.1148669522083719e-07,1.3323337546958913e-07,2.7726588803153605e-08,1.9904982742642832e-11,2.017502717135146e-14,2.7547833195528959e-08,4.3615101379219462e-08,0.0054898681812578631,0.017004513301420637,3.1210038203779594e-07,8.4814044046396887e-08,3.9292650739803069e-05,3.530876230695617e-10,2.6315440395012469e-06,4.6350032895495195e-08
1.205181131936872e-06,0.11640260799999998,0.8585084662769803,0.0,0.0,0.31499028904990883,0.11275820146330018,0.014294591573739749,5.0987855611514104e-20,7.8343687383902313e-06,0.00018121753772467011,5.5655618310556473e-12,1.3822118582944622e-06,9.975247687973882e-08,0.00041902880874106679,2.1179866042827307e-09,1.1196838954258953e-07,1.3463422881367903e-07,2.8003836792321866e-08,2.0179848771576951e-11,2.0617209466758902e-14,2.7638124068297321e-08,4.4269727102964267e-08,0.0054891202180040359,0.01704578409170978,3.1272844540019198e-07,8.5113939412075647e-08,3.9331083295367789e-05,3.5646572752004988e-10,2.6405582311837828e-06,4.6443785986123006e-08
1.208697148176531e-06,0.11640260799999998,0.8585084662769803,0.0,0.0,0.31495383459285697,0.11275753857716943,0.014276014692869998,5.2173112045777014e-20,7.9035496364978384e-06,0.00018179157811714391,5.6558055913389757e-12,1.3966876826846143e-06,1.0035757139312437e-07,0.00042032940932583868,2.1536849005267394e-09,1.1240238730041816e-07,1.359010577968199e-07,2.8254671373486765e-08,2.0429334636172684e-11,2.1021704902579973e-14,2.7718968807140916e-08,4.4864763348144794e-08,0.0054884482186412535,0.01708286729560481,3.1329094496433145e-07,8.5383385262606509e-08,3.936541818948063e-05,3.5952143511555423e-10,2.6486408555308364e-06,4.6527451409421758e-08
1.21221316441619e-06,0.11640260799999998,0.8585084662769803,0.0,0.0,0.31491743651072363,0.11275687792661267,0.014257466240750569,5.3381059893875496e-20,7.9730809304785575e-06,0.00018236375533068141,5.747166107659813e-12,1.4112530824695586e-06,1.0096374820390075e-07,0.00042162646760715312,2.1898297486279332e-09,1.1283682456197648e-07,1.3717360377120833e-07,2.8506747754857542e-08,2.0680820954992779e-11,2.1432457630191899e-14,2.7799417805612391e-08,4.5465389795828004e-08,0.0054877773238535118,0.017119893291441354,3.1385084042633852e-07,8.5652394002945866e-08,3.9399513293756877e-05,3.6259174188706397e-10,2.6566948613345181e-06,4.661044332524621e-08
1.215729180655849e-06,0.11640260799999998,0.8585084662769803,0.0,0.0,0.31488109469353925,0.11275621952092098,0.014238946162188246,5.4612031671807157e-20,8.042962686058493e-06,0.0001829340648795343,5.8396523641034729e-12,1.4259080879229353e-06,1.0157099853940806e-07,0.0004229199757131405,2.2264244288829637e-09,1.132716931428303e-07,1.3845184237891911e-07,2.8760065361789015e-08,2.0934312357710275e-11,2.1849535177422793e-14,2.7879470471381649e-08,4.6071631619226899e-08,0.0054871075321495724,0.017156862189548674,3.1440813976696874e-07,8.592096436174929e-08,3.9433369786076183e-05,3.6567664447296086e-10,2.6647201953237811e-06,4.6692763068147189e-08
1.218893595271542e-06,0.11640260799999998,0.8585084662769803,0.0,0.0,0.31484843507394322,0.11275562888265966,0.014222302305369233,5.5739869068431864e-20,8.1061559599685555e-06,0.00018344574300927931,5.9238599451290187e-12,1.4391742284439563e-06,1.021184344685449e-07,0.00042408109129007054,2.259746957314429e-09,1.1366343687177501e-07,1.3960710398927682e-07,2.8989111961613216e-08,2.1164172732937708e-11,2.223036876557105e-14,2.7951178538492872e-08,4.6622071125571468e-08,0.0054865056615151933,0.017190085470253007,3.1490749611767959e-07,8.616230183711273e-08,3.9463637585850264e-05,3.684655332460625e-10,2.6719184388916266e-06,4.6766277251075662e-08
1.2220580098872352e-06,0.11640260799999998,0.8585084662769803,0.0,0.0,0.31481582086034021,0.1127550400765506,0.014205681346499788,5.6886874510539075e-20,8.1696331949046096e-06,0.00018395590169223436,6.0089932489417929e-12,1.4525129899505307e-06,1.0266672649073152e-07,0.00042523931962521898,2.293438894004185e-09,1.1405551735385305e-07,1.4076693858028334e-07,2.9219163016708364e-08,2.1395664184870097e-11,2.2616430105622904e-14,2.8022564724759442e-08,4.7177097588573305e-08,0.0054859046820700209,0.017223262670985857,3.1540476197715202e-07,8.6403282319913002e-08,3.9493713912767122e-05,3.7126623891045502e-10,2.6790933801700491e-06,4.6839249080311809e-08
1.2252224245029283e-06,0.11640260799999998,0.8585084662769803,0.0,0.0,0.31478325197314888,0.11275445310891283,0.01418908324563436,5.8053296889603417e-20,8.2333944256979223e-06,0.00018446453790533379,6.0950588683085784e-12,1.4659243887297563e-06,1.0321586824774966e-07,0.00042639465545977112,2.3275026260938786e-09,1.1444792860549733e-07,1.4193132786994357e-07,2.945021805876289e-08,2.16287899326375e-11,2.3007769098767319e-14,2.8093628654466026e-08,4.7736729134011944e-08,0.0054853045927142647,0.01725639387160947,3.1589994324099757e-07,8.6643904931720334e-08,3.9523599616212308e-05,3.7407875849164186e-10,2.6862449839233591e-06,4.691167957741302e-08
1.2283868391186214e-06,0.11640260799999998,0.8585084662769803,0.0,0.0,0.31475072833297119,0.11275386798592431,0.014172507962918544,5.9239387152238521e-20,8.2974396830931114e-06,0.00018497164870232542,6.1820634092751701e-12,1.4794084392624481e-06,1.0376585339345469e-07,0.00042754709368403153,2.3619405391198146e-09,1.1484066463894925e-07,1.4310025341470497e-07,2.9682276604137885e-08,2.1863553145996863e-11,2.3404435855650126e-14,2.8164369969310354e-08,4.8300983815089642e-08,0.0054847053923442173,0.017289479151807927,3.1639304582896211e-07,8.688416880975418e-08,3.955329554264299e-05,3.7690308886112928e-10,2.6933732160336168e-06,4.6983569778842021e-08
1.2315512537343145e-06,0.11640260799999998,0.8585084662769803,0.0,0.0,0.31471824986059266,0.11275328471362288,0.014155955458588778,6.044539830306363e-20,8.3617689937697901e-06,0.00018547723121319825,6.2700134909668253e-12,1.4929651542327267e-06,1.0431667559394861e-07,0.00042869662933628833,2.3967550168797445e-09,1.1523371946282788e-07,1.4427369661149455e-07,2.9915338153996528e-08,2.2099956945273056e-11,2.3806480694818286e-14,2.8234788328259803e-08,4.8869879611792427e-08,0.0054841070798523177,0.017322518591087563,3.1688407568221333e-07,8.7124073106314791e-08,3.9582802535589187e-05,3.7973922673122381e-10,2.7004780434917067e-06,4.7054920735756801e-08
1.2347156683500077e-06,0.11640260799999998,0.8585084662769803,0.0,0.0,0.31468581647698202,0.11275270329790735,0.014139425692972099,6.1671585407445122e-20,8.4263823803640992e-06,0.00018598128264361158,6.3589157453884524e-12,1.5065945445376726e-06,1.0486832852775142e-07,0.00042984325760167562,2.4319484413002176e-09,1.1562708708269387e-07,1.454516386997556e-07,3.0149402194432969e-08,2.2338004401304175e-11,2.4213954141150711e-14,2.830488340740817e-08,4.9443434430258883e-08,0.0054835096541271848,0.017355512268777545,3.1737303876443839e-07,8.7363616987466057e-08,3.9612121435659183e-05,3.8258716863747521e-10,2.7075594343884448e-06,4.7125733513785244e-08
1.2378800829657008e-06,0.11640260799999998,0.8585084662769803,0.0,0.0,0.31465342810328967,0.11275212374453854,0.014122918626485858,6.2918205594117639e-20,8.4912798614902618e-06,0.00018648380027432409,6.4487768172246138e-12,1.5202966192970449e-06,1.0542080588596946e-07,0.00043098697381103854,2.4675231923044414e-09,1.1602076150160812e-07,1.4663406076348561e-07,3.0384468196601091e-08,2.2577698535390726e-11,2.4626906924276437e-14,2.8374654899832577e-08,5.0021666102156265e-08,0.0054829131140536726,0.017388460264030334,3.1785994106206275e-07,8.7602799634643584e-08,3.9641253080540271e-05,3.8544691096552025e-10,2.7146173579056989e-06,4.7196009192808681e-08
1.241044497581394e-06,0.11640260799999998,0.8585084662769803,0.0,0.0,0.31462108466084798,0.11275154605914042,0.014106434219637481,6.4185518057676557e-20,8.5564614517622833e-06,0.00018698478146062509,6.5396033636392636e-12,1.534071385863075e-06,1.0597410137246186e-07,0.00043212777343980198,2.5034816476807148e-09,1.1641473672068533e-07,1.478209437332748e-07,3.0620535616843334e-08,2.2819042319249173e-11,2.5045389976979188e-14,2.8444102515450583e-08,5.0604592384064787e-08,0.0054823174585129104,0.017421362655822205,3.1834478858102477e-07,8.7841620244358283e-08,3.9670198304999691e-05,3.8831844995025753e-10,2.7216517843075235e-06,4.7265748866758671e-08
1.244208912197087e-06,0.11640260799999998,0.8585084662769803,0.0,0.0,0.31458878607117063,0.11275097024720114,0.014089972433024196,6.5473784060935848e-20,8.6219271618154904e-06,0.0001874842236317662,6.6314020540752601e-12,1.5479188498303281e-06,1.0652820870400402e-07,0.00043326565210684151,2.5398261829514473e-09,1.168090067396415e-07,1.4901226838834515e-07,3.0857603896818606e-08,2.3062038674969883e-11,2.5469454433587701e-14,2.8513225980877498e-08,5.1192230956869893e-08,0.0054817226863823577,0.01745421952295376,3.1882758734788123e-07,8.8080078026148738e-08,3.9698957940892075e-05,3.912017816472658e-10,2.7286626849313296e-06,4.7334953643398956e-08
1.2473733268127801e-06,0.11640260799999998,0.8585084662769803,0.0,0.0,0.31455653225595159,0.11275039631407403,0.01407353322733277,6.6783266937151285e-20,8.6876769983280402e-06,0.00018798212429039493,6.7241795700536549e-12,1.561839015045643e-06,1.070831216104487e-07,0.00043440060557335436,2.5765591712427912e-09,1.1720356555733605e-07,1.5020801535858951e-07,3.1095672463630357e-08,2.3306690474979561e-11,2.5899151628352317e-14,2.8582025039283888e-08,5.1784599425163097e-08,0.0054811287965358373,0.017487030944050404,3.1930834341055765e-07,8.8318172204587771e-08,3.9727532817159901e-05,3.9409690196520123e-10,2.7356500321790843e-06,4.7403624644109017e-08
1.2505377414284732e-06,0.11640260799999998,0.8585084662769803,0.0,0.0,0.3145243231370653,0.11274982426497879,0.014057116563339255,6.8114232092112235e-20,8.7537109640427998e-06,0.00018847848101198855,6.8179426049728194e-12,1.5758318836181275e-06,1.0763883383488475e-07,0.00043553262974173378,2.6136829831548868e-09,1.1759840717230809e-07,1.5140816512661109e-07,3.1334740729954696e-08,2.3553000542007833e-11,2.6334533093808443e-14,2.8650499450253362e-08,5.2381715316650764e-08,0.0054805357878435967,0.017519796997562873,3.1978706283457147e-07,8.8555902019465721e-08,3.9755923759832287e-05,3.9700380667255229e-10,2.7426137995085234e-06,4.7471763003685252e-08
1.2537021560441664e-06,0.11640260799999998,0.8585084662769803,0.0,0.0,0.31449215863656538,0.11274925410500233,0.014040722401908727,6.946694700610343e-20,8.8200290577889054e-06,0.00018897329144428992,6.9126978639073757e-12,1.5898974559292284e-06,1.0819533913379311e-07,0.00043666172065444803,2.6511999866327411e-09,1.1799352558330737e-07,1.5261269802976168e-07,3.1574808094167354e-08,2.3800971649058111e-11,2.6775650559127246e-14,2.8718648989640494e-08,5.2983596081570904e-08,0.0054799436591723384,0.017552517761767687,3.2026375170432816e-07,8.8793266722753433e-08,3.9784131592034968e-05,3.9992249135432475e-10,2.7495539614243924e-06,4.7539369870131994e-08
1.2568665706598595e-06,0.11640260799999998,0.8585084662769803,0.0,0.0,0.31446003867668471,0.11274868583910014,0.014024350703995032,7.0841681235736351e-20,8.8866312745031447e-06,0.00018946655330674412,7.0084520634070186e-12,1.6040357306428506e-06,1.0875263127720078e-07,0.00043778787449291924,2.6891125468377262e-09,1.183889147898196e-07,1.5382159426217999e-07,3.1815873940470807e-08,2.4050606519382559e-11,2.7222555948453929e-14,2.87864734494291e-08,5.3590259092118034e-08,0.0054793524093852764,0.017585193314767694,3.207384161243875e-07,8.9030265580991895e-08,3.9812157133991648e-05,4.0285295144948908e-10,2.7564704934697075e-06,4.7606446404445963e-08
1.2600309852755526e-06,0.11640260799999998,0.8585084662769803,0.0,0.0,0.31442796317983457,0.11274811947209692,0.014008001430640514,7.2238706415648952e-20,8.953517605252078e-06,0.00018995826438993651,7.1052119312951745e-12,1.6182467047155495e-06,1.0931070404883218e-07,0.00043891108757640359,2.7274230260197423e-09,1.1878456879258612e-07,1.5503483387682854e-07,3.2057937639021764e-08,2.4301907826461232e-11,2.7675301379233456e-14,2.8853972637590746e-08,5.4201721641875994e-08,0.0054787620373421804,0.017617823734492531,3.2121106221478732e-07,8.9266897876346757e-08,3.9840001203019839e-05,4.0579518227118766e-10,2.7633633722170545e-06,4.767299378042e-08
1.2631953998912457e-06,0.11640260799999998,0.8585084662769803,0.0,0.0,0.31439593206860428,0.11274755500868806,0.013991674542975781,7.3658296260073098e-20,9.020688037253558e-06,0.00019044842255503224,7.2029842064675601e-12,1.6325303734067734e-06,1.0986955124625801e-07,0.00044003135636087919,2.7661337833900464e-09,1.1918048159411829e-07,1.5625239678752999e-07,3.2300998546057112e-08,2.4554878193985399e-11,2.813393916052404e-14,2.8921146377943439e-08,5.4818000945259052e-08,0.005478172541899415,0.017650409098699114,3.216816961128562e-07,8.9503162902243147e-08,3.9867664613543422e-05,4.0874917894394785e-10,2.7702325752599064e-06,4.7739013184443418e-08
1.2663598145069388e-06,0.11640260799999998,0.8585084662769803,0.0,0.0,0.3143639452657605,0.11274699245344039,0.013975370002219436,7.510072656426995e-20,9.0881425538979497e-06,0.00019093702573321725,7.3017756386906258e-12,1.646886730289166e-06,1.1042916668104207e-07,0.00044114867743793321,2.8052471749947568e-09,1.1957664719920587e-07,1.5747426277100128e-07,3.2545056004019855e-08,2.4809520195844998e-11,2.8598521791298606e-14,2.8987994510010786e-08,5.5439114136960881e-08,0.0054775839219099948,0.01768294948497216,3.2215032397519371e-07,8.9739059965982918e-08,3.9895148177096031e-05,4.1171493644351483e-10,2.7770780812039664e-06,4.7804505815289323e-08
1.269524229122632e-06,0.11640260799999998,0.8585084662769803,0.0,0.0,0.31433200269424677,0.11274643181079333,0.013959087769677822,7.6566275205833939e-20,9.155881134770453e-06,0.0001914240719251402,7.4015929883999296e-12,1.6613157672589265e-06,1.1098954417888534e-07,0.00044226304753364979,2.8447655535890512e-09,1.1997305961542017e-07,1.5870041146888705e-07,3.2790109341686006e-08,2.5065836356120112e-11,2.9069101958734566e-14,2.9054516888881241e-08,5.6065078271411774e-08,0.0054769961762236186,0.017715444970724616,3.2261695197142971e-07,8.9974588391241697e-08,3.9922452702311891e-05,4.1469244963896699e-10,2.7838998696585452e-06,4.7869472883918957e-08
1.272688643738325e-06,0.11640260799999998,0.8585084662769803,0.0,0.0,0.31430010427718319,0.11274587308505994,0.013942827806744771,7.8055222145865046e-20,9.2239037556727069e-06,0.00019190955920035603,7.5024430264984496e-12,1.6758174745462191e-06,1.1155067757976799e-07,0.00044337446350750502,2.8846912685120629e-09,1.203697128536113e-07,1.599308223897905e-07,3.3036157874289468e-08,2.5323829149076577e-11,2.9545732536492105e-14,2.9120713385067843e-08,5.6695910322243843e-08,0.0054764093036867249,0.017747895633198219,3.2308158628692081e-07,9.0209747512001089e-08,3.9949578994941679e-05,4.1768171320538171e-10,2.7906979212279512e-06,4.7933915613290877e-08
1.2758530583540182e-06,0.11640260799999998,0.8585084662769803,0.0,0.0,0.31426824993786545,0.11274531628042786,0.013926590074901362,7.9567849430009776e-20,9.2922103886436643e-06,0.00019239348569677166,7.6043325341548223e-12,1.6903918407256347e-06,1.1211256073808885e-07,0.00044448292235126508,2.9250266655624933e-09,1.2076660092840019e-07,1.611654749113025e-07,3.328320090364657e-08,2.5583500999165458e-11,3.0028466582981283e-14,2.9186583884368123e-08,5.7331627181764155e-08,0.0054758233031425296,0.017780301549463921,3.2354423312601727e-07,9.0444536675042429e-08,3.9976527857859458e-05,4.2068272166042467e-10,2.7974722175029307e-06,4.7997835238153373e-08
1.2790174729697113e-06,0.11640260799999998,0.8585084662769803,0.0,0.0,0.31423643959976488,0.11274476140096054,0.013910374535715645,8.1104441189370042e-20,9.3608010019821414e-06,0.00019287584962009196,7.7072683026015945e-12,1.7050388527267054e-06,1.1267518752280295e-07,0.00044558842118788114,2.9657740868749563e-09,1.2116371785866482e-07,1.6240434828202811e-07,3.3531237718282467e-08,2.5844854281026679e-11,3.0517357339617994e-14,2.9252128287724463e-08,5.7972245660436102e-08,0.0054752381734310745,0.017812662796422376,3.2400489870319523e-07,9.0678955244708291e-08,4.0003300091046728e-05,4.2369546944032518e-10,2.8042227410521222e-06,4.8061233004848331e-08
1.2821818875854044e-06,0.11640260799999998,0.8585084662769803,0.0,0.0,0.31420467318652728,0.11274420845059802,0.013894181150842426,8.2665283641280807e-20,9.4296755602686881e-06,0.00019335664924326822,7.8112571329334048e-12,1.7197584958444636e-06,1.1323855181755624e-07,0.00044669095727039345,3.006935870797046e-09,1.2156105766802085e-07,1.6364742162361094e-07,3.3780267593554881e-08,2.6107891319496507e-11,3.1012458229069251e-14,2.93173465110847e-08,5.861778248636862e-08,0.0054746539133892725,0.01784497945080445,3.2446358924689748e-07,9.0913002594762682e-08,4.0029896491611136e-05,4.2671995078329484e-10,2.8109494754135381e-06,4.8124110171127936e-08
1.2853463022010975e-06,0.11640260799999998,0.8585084662769803,0.0,0.0,0.31417295062197298,0.11274365743315812,0.013878009882022977,8.4250665089956066e-20,9.4988340243857949e-06,0.00019383588290594776,7.916305835905219e-12,1.7345507537500488e-06,1.1380264752081857e-07,0.00044779052798083992,3.0485143517671688e-09,1.2195861438529701e-07,1.6489467393275411e-07,3.4030289791776929e-08,2.6372614389618973e-11,3.1513822853487864e-14,2.9382238485263099e-08,5.9268254304813607e-08,0.0054740705218509463,0.017877251589171694,3.2492031100524709e-07,9.1146678110088117e-08,4.0056317853799885e-05,4.2975615975245718e-10,2.8176524050860816e-06,4.8186468005954055e-08
1.2885107168167906e-06,0.11640260799999998,0.8585084662769803,0.0,0.0,0.31414127183009616,0.11274310835233745,0.013861860691084813,8.5860875927003162e-20,9.5682763515407727e-06,0.00019431354901392554,8.0224212317305323e-12,1.7494156085013605e-06,1.1436746854601403e-07,0.00044888713082915895,3.0905118601931284e-09,1.2235638204500413e-07,1.6614608408323872e-07,3.4281303562343289e-08,2.6639025716661189e-11,3.202150499273685e-14,2.9446804155801754e-08,5.9923677677671086e-08,0.0054734879976468791,0.017909479287916787,3.2537507023307914e-07,9.1379981194844536e-08,4.0082564968974273e-05,4.3280409036187794e-10,2.8243315155210945e-06,4.8248307789301642e-08
1.2916751314324837e-06,0.11640260799999998,0.8585084662769803,0.0,0.0,0.31410963673506398,0.11274256121171239,0.013845733539941443,8.7496208631806378e-20,9.6380024952880777e-06,0.00019478964603859641,8.1296101498796434e-12,1.7643530405537521e-06,1.1493300882164925e-07,0.00044998076345210264,3.1329307223314745e-09,1.2275435468780002e-07,1.6740163082793901e-07,3.4533308141852496e-08,2.6907127476132547e-11,3.2535558602603661e-14,2.9511043482832288e-08,6.0584069083002738e-08,0.0054729063396048577,0.017941662623264035,3.2582787319683898e-07,9.1612911261988954e-08,4.0108638625630517e-05,4.3586373642789724e-10,2.8309867931139309e-06,4.8309630811980859e-08
1.2945231045866074e-06,0.11640260799999998,0.8585084662769803,0.0,0.0,0.31408120244780074,0.11274207044687684,0.013831237916527567,8.8989730679894015e-20,9.7009986465318074e-06,0.00019521679058361291,8.2270036896580848e-12,1.777858765556759e-06,1.1544260502301154e-07,0.00045096249141816664,3.1714698748911405e-09,1.2311270040677611e-07,1.6853514202963181e-07,3.4760958763890168e-08,2.7149866137363291e-11,3.3003699193670042e-14,2.9568579832156921e-08,6.1182682566745481e-08,0.0054723835869643729,0.017970589757235488,3.2623372845563199e-07,9.1822228914016425e-08,4.01319572589873e-05,4.3862742932503023e-10,2.8369561553772689e-06,4.8364380777454568e-08
1.297371077740731e-06,0.11640260799999998,0.8585084662769803,0.0,0.0,0.31405280343865827,0.11274158125883996,0.013816760086922435,9.0504056199493531e-20,9.7642246096887939e-06,0.00019564266196261568,8.3252773130343109e-12,1.791423244569587e-06,1.1595277450702551e-07,0.00045194181014290662,3.2103538945133315e-09,1.2347120300557332e-07,1.6967197091081231e-07,3.4989410738255628e-08,2.7393977286639699e-11,3.3477084099074834e-14,2.9625851813857908e-08,6.1785345329147912e-08,0.0054718615341045841,0.017999481073791693,3.2663800881878545e-07,9.2031243546882104e-08,4.0155136598110269e-05,4.4140060191403409e-10,2.8429061941713702e-06,4.8418714176831045e-08
1.3002190508948547e-06,0.11640260799999998,0.8585084662769803,0.0,0.0,0.31402443965271248,0.11274109364996321,0.013802300023538666,9.2039402746422364e-20,9.8276803433942831e-06,0.00019606725919537902,8.424436017121545e-12,1.8050464600575091e-06,1.1646351287940515e-07,0.00045291871816268136,3.2495844679388931e-09,1.2382985815441356e-07,1.7081210173912466e-07,3.5218663482331425e-08,2.7639462406630015e-11,3.3955753010922621e-14,2.9682859428634918e-08,6.2392069206643712e-08,0.0054713401801648959,0.018028336628152227,3.2704071887983986e-07,9.223995475812726e-08,4.0178177211878629e-05,4.4418324938475346e-10,2.8488369015064292e-06,4.8472631972863455e-08
1.302782226733566e-06,0.11640260799999998,0.8585084662769803,0.0,0.0,0.31399894231589009,0.11274065615404621,0.013789301133856532,9.34393685308842e-20,9.884986921472013e-06,0.00019644830653327199,8.5144397294131342e-12,1.8173575583646851e-06,1.1692366019044241e-07,0.00045379587308291781,3.2851896791827755e-09,1.2415277464424607e-07,1.7184102958669868e-07,3.5425675122048026e-08,2.7861574958755863e-11,3.4391105752015827e-14,2.9733940256231464e-08,6.2941602687345446e-08,0.0054708715584830788,0.018054276095950311,3.2740181913232334e-07,9.2427535096185799e-08,4.0198795622762948e-05,4.466957290749931e-10,2.854158003589335e-06,4.8520803449502784e-08
1.3053454025722775e-06,0.11640260799999998,0.8585084662769803,0.0,0.0,0.31397347342557813,0.11274021994071416,0.013776316592480442,9.4856699205375733e-20,9.9424795448429905e-06,0.00019682832039642827,8.6051680599212486e-12,1.8297162039617367e-06,1.1738426156093068e-07,0.00045467107325780414,3.3210781881571014e-09,1.2447580804769256e-07,1.7287260763520792e-07,3.5633334470677719e-08,2.8084802636724048e-11,3.4830799869869205e-14,2.9784806968122676e-08,6.3494443762742043e-08,0.0054704035015979815,0.01808018668111052,3.2776165452953523e-07,9.2614869062906318e-08,4.0219302537464633e-05,4.4921587583593472e-10,2.8594634362189583e-06,4.8568639783774995e-08
1.3079085784109888e-06,0.11640260799999998,0.8585084662769803,0.0,0.0,0.31394803294196993,0.11273978501153109,0.013763346379414856,9.6291556214106175e-20,1.0000158178508178e-05,0.00019720730015626665,8.696624662889157e-12,1.8421223819494709e-06,1.1784531380876445e-07,0.00045554431778641453,3.3572512180907813e-09,1.2479895521954922e-07,1.7390682426358857e-07,3.584164108681989e-08,2.8309146453761271e-11,3.5274864528409162e-14,2.983545958384142e-08,6.4050600944383887e-08,0.0054699360088784205,0.018106068423661355,3.2812022843196418e-07,9.2801956382594868e-08,4.0239698366814782e-05,4.5174368598771953e-10,2.8647531948049942e-06,4.8616141691117851e-08
1.3104717542497002e-06,0.11640260799999998,0.8585084662769803,0.0,0.0,0.31392262082533195,0.11273935136801191,0.013750390474700591,9.7744101899739335e-20,1.0058022785953692e-05,0.00019758524521097372,8.7888131959967797e-12,1.8545760767683324e-06,1.1830681375865774e-07,0.00045641560581948605,3.3937099901055094e-09,1.2512221301846572e-07,1.74943667804174e-07,3.6050594523896263e-08,2.8534607401764978e-11,3.5723328962339634e-14,2.988589812882865e-08,6.4610082706487087e-08,0.0054694690796920345,0.018131921363560149,3.2847754421116957e-07,9.2988796780877226e-08,4.0259983520433317e-05,4.5427915573325277e-10,2.8700272751408938e-06,4.8663309891132023e-08
1.3130349300884116e-06,0.11640260799999998,0.8585084662769803,0.0,0.0,0.3138972370360037,0.11273891901162301,0.013737448858414721,9.9214499503216043e-20,1.0116073329159227e-05,0.00019796215498531732,8.881737320290602e-12,1.8670772722022166e-06,1.1876875824218377e-07,0.00045728493655904198,3.4304557231756309e-09,1.2544557830709357e-07,1.7598312654338794e-07,3.6260194330194563e-08,2.8761186451318915e-11,3.6176222476497706e-14,2.993612263438613e-08,6.517289748578272e-08,0.0054690027134053146,0.018157745540693156,3.2883360524241576e-07,9.3175389995420792e-08,4.0280158406705647e-05,4.5682228131420305e-10,2.8752856734010094e-06,4.8710145107514276e-08
1.315341788343252e-06,0.11640260799999998,0.8585084662769803,0.0,0.0,0.31387441581273767,0.11273853099254241,0.013725813603926581,1.0055325637841459e-19,1.0168477760487608e-05,0.00019830048816335915,8.96600099113172e-12,1.8783689471899018e-06,1.1918488574046626e-07,0.00045806566012020135,3.4637732403616085e-09,1.2573669638088302e-07,1.7692086568578661e-07,3.6449386424103588e-08,2.8966064357768689e-11,3.6587637779286255e-14,2.9981141716232019e-08,6.5682287459483796e-08,0.005468583464501962,0.018180962740856999,3.2915299014650308e-07,9.3343112331547317e-08,4.0298221862313344e-05,4.5911763689688456e-10,2.8800048208031144e-06,4.8752012702638846e-08
1.3176486465980922e-06,0.11640260799999998,0.8585084662769803,0.0,0.0,0.3138516174737167,0.11273814401818703,0.013714189892484288,1.0190672652718409e-19,1.0221032737947977e-05,0.00019863798193746723,9.0508661324530706e-12,1.8896990712734496e-06,1.1960136845011087e-07,0.00045884479715827334,3.4973250671260302e-09,1.2602789670225386e-07,1.7786070501199576e-07,3.6639101370625153e-08,2.9171849372963772e-11,3.7002685890950604e-14,3.0025987487182116e-08,6.6194390077652118e-08,0.0054681646705698394,0.018204156704408364,3.2947136389998528e-07,9.3510634048504275e-08,4.0316196627172808e-05,4.6141918768582379e-10,2.8847112606731166e-06,4.8793611703701624e-08
1.3199555048529325e-06,0.11640260799999998,0.8585084662769803,0.0,0.0,0.31382884199017946,0.11273775808952614,0.013702577709639044,1.0327503081742578e-19,1.0273738230723181e-05,0.0001989746359427839,9.1363354198732432e-12,1.9010676312825188e-06,1.2001820407573743e-07,0.00045962234719663296,3.5311120874821663e-09,1.2631917699297033e-07,1.7880263589018016e-07,3.6829338829958808e-08,2.9378542160248858e-11,3.7421388317841313e-14,3.0070659982045081e-08,6.6709211412204338e-08,0.0054677463311447721,0.01822732746027737,3.2978872897163873e-07,9.3677954965956312e-08,4.0334082996469639e-05,4.6372693082449691e-10,2.8894049910021729e-06,4.8834942646545273e-08
1.3222623631077729e-06,0.11640260799999998,0.8585084662769803,0.0,0.0,0.31380608933341181,0.1127373732074979,0.013690977040965632,1.0465829070569657e-19,1.0326594207026274e-05,0.00019931044983143061,9.222411531045133e-12,1.9124746136255813e-06,1.2043539032656039e-07,0.00046039830979139305,3.5651351839360674e-09,1.266105349777822e-07,1.7974664966010095e-07,3.7020098459039455e-08,2.9586143369030689e-11,3.7843766610700434e-14,3.0115159239358008e-08,6.7226757510103135e-08,0.0054673284457618637,0.018250475037347939,3.3010508782647811e-07,9.3845074905098043e-08,4.0351881264589793e-05,4.6604086339870345e-10,2.8940860100242754e-06,4.8876006069545523e-08
1.3245692213626132e-06,0.11640260799999998,0.8585084662769803,0.0,0.0,0.3137833594747475,0.11273698937300961,0.013679387872062378,1.0605662823699031e-19,1.037960063410521e-05,0.00019964542327239777,9.3090971456146943e-12,1.9239200042921976e-06,1.2085292491641039e-07,0.0004611726845311783,3.5993952374636174e-09,1.2690196838450669e-07,1.8069273763351967e-07,3.721137991156177e-08,2.979465363479046e-11,3.8269842364274011e-14,3.015948530135879e-08,6.7747034393275063e-08,0.0054669110139555057,0.018273599464457856,3.3042044293648702e-07,9.4011993685533102e-08,4.0369591725126775e-05,4.6836098238549598e-10,2.8987543162145924e-06,4.8916802513576951e-08
1.3268760796174535e-06,0.11640260799999998,0.8585084662769803,0.0,0.0,0.31376065238556716,0.11273660658693795,0.013667810188551085,1.0747016604449163e-19,1.0432757478246944e-05,0.0001999795559514365,9.39639494517974e-12,1.9354037888553007e-06,1.2127080556375565e-07,0.00046194547103691608,3.6338931274877816e-09,1.2719347494411088e-07,1.8164089109460242e-07,3.7403182838004177e-08,3.0004073579096848e-11,3.8699637216923046e-14,3.0203638213958829e-08,6.8270048058530179e-08,0.0054664940352593854,0.01829670077039889,3.3073479677662998e-07,9.4178711136830506e-08,4.0387214670872778e-05,4.7068728481676218e-10,2.9034099082878137e-06,4.8957332521979434e-08
1.3289522520468097e-06,0.11640260799999998,0.8585084662769803,0.0,0.0,0.31374023544959795,0.11273626297656966,0.013657400081536363,1.0875544813750864e-19,1.0480727215928382e-05,0.00020027955626481824,9.4754886008403727e-12,1.9457720094856938e-06,1.2164719214359198e-07,0.00046263962066453251,3.6651453042879124e-09,1.2745589152071369e-07,1.8249598797597312e-07,3.7576251040551969e-08,3.0193329806655842e-11,3.9089650332960846e-14,3.0243227833445584e-08,6.8743105242001528e-08,0.0054661191414561621,0.018317472200905814,3.3101686118954316e-07,9.4328584566723788e-08,4.0403000738251609e-05,4.7278624134960553e-10,2.9075890697129963e-06,4.899358217810593e-08
1.331028424476166e-06,0.11640260799999998,0.8585084662769803,0.0,0.0,0.31371983691297012,0.11273592021670052,0.013646999255613064,1.1005323249100882e-19,1.0528818737426639e-05,0.00020057887511428993,9.5550822575390891e-12,1.9561713060511564e-06,1.220238555290705e-07,0.00046333248331024187,3.6965914785718805e-09,1.2771836386632902e-07,1.8335274442860914e-07,3.7749741091995035e-08,3.0383323799602335e-11,3.9482709316340472e-14,3.0282677280647446e-08,6.9218388392096259e-08,0.0054657446139530393,0.01833822494747462,3.3129811838234708e-07,9.4478294659541134e-08,4.0418716367500433e-05,4.7489020175281564e-10,2.9117579312519442e-06,4.902961686293646e-08
1.3331045969055222e-06,0.11640260799999998,0.8585084662769803,0.0,0.0,0.31369945675491845,0.11273557830790673,0.013636607700348087,1.1136360972557343e-19,1.0577032016185793e-05,0.00020087751230515971,9.635177874052052e-12,1.9666016671778576e-06,1.2240079406667172e-07,0.00046402405876396272,3.7282322881225806e-09,1.2798089033369841e-07,1.8421115404293571e-07,3.7923652730946676e-08,3.0574055982208773e-11,3.9878830030490135e-14,3.0321986596557192e-08,6.969590182799014e-08,0.0054653704524086424,0.01835895903099927,3.3157857016248835e-07,9.4627841296394111e-08,4.0434361770417354e-05,4.7699916376986364e-10,2.9159164924587454e-06,4.9065436977543787e-08
1.3351807693348785e-06,0.11640260799999998,0.8585084662769803,0.0,0.0,0.31367909495470769,0.11273523725074483,0.013626225405323621,1.1268667084699201e-19,1.0625367025030469e-05,0.0002011754676534641,9.7157774103334715e-12,1.9770630812243306e-06,1.2277800610597016e-07,0.00046471434683627484,3.7600683696479323e-09,1.2824346927783049e-07,1.8507121039227419e-07,3.8097985693970613e-08,3.0765526769654579e-11,4.0278028366479168e-14,3.0361155824509755e-08,7.0175649852184671e-08,0.0054649966564811626,0.018379674472343736,3.3185821833711387e-07,9.4777224359807771e-08,4.0449937158280962e-05,4.7911312511071572e-10,2.920064753040537e-06,4.9101042924529683e-08
1.3372569417642347e-06,0.11640260799999998,0.8585084662769803,0.0,0.0,0.31365875149163408,0.11273489704575183,0.013615852360137116,1.1402250724606716e-19,1.0673823736168331e-05,0.00020147274098590562,9.7968828274913797e-12,1.9875555362828195e-06,1.2315548999964565e-07,0.00046540334735829309,3.7921003587678067e-09,1.2850609905604657e-07,1.859329070330781e-07,3.8272739715594902e-08,3.0957736568035067e-11,4.068032024278571e-14,3.0400185010166285e-08,7.0657636750462773e-08,0.0054646232258283526,0.01840037129234209,3.3213706471532536e-07,9.4926443734380018e-08,4.0465442741851583e-05,4.8123208346131014e-10,2.924202712856543e-06,4.9136435108004411e-08
1.339333114193591e-06,0.11640260799999998,0.8585084662769803,0.0,0.0,0.31363842634502387,0.11273455769344549,0.013605488554401246,1.1537121069841028e-19,1.072240212119271e-05,0.00020176933213978968,9.8784960877634317e-12,1.998079020180643e-06,1.23533244103495e-07,0.00046609106018154239,3.8243288900009918e-09,1.287687780280272e-07,1.8679623750516811e-07,3.8447914528326253e-08,3.1150685774370861e-11,4.1085721605063911e-14,3.0439074201498176e-08,7.114186679184476e-08,0.0054642501601075352,0.018421049511798557,3.3241511110737398e-07,9.5075499306792455e-08,4.0480878731371032e-05,4.8335603648442047e-10,2.9283303719171183e-06,4.917161393356681e-08
1.3414092866229472e-06,0.11640260799999998,0.8585084662769803,0.0,0.0,0.3136181194942344,0.11273421919432415,0.013595133977743895,1.1673287336422843e-19,1.0771102151085185e-05,0.00020206524096296185,9.9606191544926804e-12,2.0086335204815503e-06,1.2391126677644341e-07,0.000466777485177833,3.8567545967522463e-09,1.2903150455585713e-07,1.8766119533196727e-07,3.8623509862664061e-08,3.1344374776617204e-11,4.1494248425910787e-14,3.0477823448771102e-08,7.1628344228544896e-08,0.0054638774589756082,0.018441709151487542,3.3269235932432228e-07,9.5224390965770891e-08,4.0496245336563199e-05,4.8548498181917936e-10,2.9324477303827875e-06,4.9206579808284049e-08
1.3434854590523035e-06,0.11640260799999998,0.8585084662769803,0.0,0.0,0.31359783091865318,0.11273388154886708,0.01358478861980812,1.1810758778810034e-19,1.0819923796218183e-05,0.00020236046731374495,1.0043253992103439e-11,2.0192190244870821e-06,1.2428955638055574e-07,0.00046746262223913541,3.8893781112994219e-09,1.2929427700407046e-07,1.8852777402073553e-07,3.8799525447114601e-08,3.1538803953673901e-11,4.1905916704632445e-14,3.0516432804529236e-08,7.2117073295928692e-08,0.0054635051220890459,0.018462350232153705,3.3296881117825345e-07,9.5373118602093221e-08,4.0511542766634723e-05,4.8761891708151537e-10,2.9365547885632869e-06,4.9241333140671494e-08
1.3455616314816597e-06,0.11640260799999998,0.8585084662769803,0.0,0.0,0.3135775605976982,0.1127335447575345,0.013574452470252116,1.1949544689874212e-19,1.0868867026357551e-05,0.00020265501106087681,1.0126402566077114e-11,2.0298355192379318e-06,1.2466811128104754e-07,0.00046814647127745631,3.9222000647806658e-09,1.2955709373969518e-07,1.8939596706280323e-07,3.8975961008205018e-08,3.1733973675395273e-11,4.2320742467009924e-14,3.0554902323579311e-08,7.2608058212470799e-08,0.0054631331491039126,0.018482972774512031,3.3324446848224147e-07,9.5521682108569756e-08,4.0526771230275631e-05,4.8975783986416316e-10,2.9406515469166208e-06,4.927587434067279e-08
1.3497139763403722e-06,0.11640260799999998,0.8585084662769803,0.0,0.0,0.31353707463749197,0.1127328737389892,0.013553807754987797,1.2231097281438219e-19,1.0967118117701443e-05,0.0002032420502708394,1.0294248790179766e-11,2.0511614278423038e-06,1.2542601044785013e-07,0.00046951030503262147,3.9884418073233146e-09,1.3008285355402322e-07,1.9113717009390984e-07,3.9330090956602328e-08,3.212653618708457e-11,4.3159930676821562e-14,3.063142208200081e-08,7.359681238222694e-08,0.0054623902934601287,0.018524162327016903,3.3379340669694643e-07,9.5818316313326725e-08,4.0557022090446271e-05,4.9405063824616578e-10,2.9488141667094235e-06,4.9344321990314739e-08
1.3538663211990847e-06,0.11640260799999998,0.8585084662769803,0.0,0.0,0.31349666144956773,0.11273220614199377,0.013533199749518386,1.2518020221406793e-19,1.1065855171210172e-05,0.00020382635774868793,1.0464173570878139e-11,2.0726111374550751e-06,1.2618495126200081e-07,0.00047086898613541149,4.0554848502096221e-09,1.3060877098660933e-07,1.9288475204619408e-07,3.968589748102193e-08,3.2522065090008254e-11,4.4011941782163865e-14,3.0707383207142971e-08,7.4594640146230807e-08,0.0054616488892846272,0.018565277974130122,3.3433918848971621e-07,9.6114292762765077e-08,4.0586999576285649e-05,4.9836335724805168e-10,2.9569355963544642e-06,4.9411926064575868e-08
1.3580186660577972e-06,0.11640260799999998,0.8585084662769803,0.0,0.0,0.31345632087036179,0.11273154196955651,0.013512628371651873,1.281038923302579e-19,1.1165077923436774e-05,0.00020440793281292948,1.0636192667622365e-11,2.0941845351504073e-06,1.2694492075974459e-07,0.00047222251459059605,4.1233342002268573e-09,1.3113483306790641e-07,1.9463866030056854e-07,4.0043378323856335e-08,3.292056301844677e-11,4.4876904918391887e-14,3.0782786217308628e-08,7.5601574640049853e-08,0.0054609089338114487,0.01860631988050801,3.3488182839379933e-07,9.6409610671414022e-08,4.0616705338776838e-05,5.0269597678943443e-10,2.9650158447567683e-06,4.9478689892419202e-08
1.3621710109165097e-06,0.11640260799999998,0.8585084662769803,0.0,0.0,0.31341605273679185,0.11273088122439226,0.013492093539435869,1.310828065156839e-19,1.126478610147619e-05,0.00020498677494277032,1.0810321854467221e-11,2.1158815039599491e-06,1.2770590602874978e-07,0.00047357089071171557,4.1919948447237875e-09,1.316610268724043e-07,1.9639884200533612e-07,4.0402531197167241e-08,3.3322032463003864e-11,4.5754949621827522e-14,3.0857631665496789e-08,7.6617648725160138e-08,0.0054601704242684696,0.018647288210336937,3.3542134095306052e-07,9.6704269285244182e-08,4.0646141020694888e-05,5.0704847643042901e-10,2.9730549231031509e-06,4.9544616823786857e-08
1.3704757006339345e-06,0.11640260799999998,0.8585084662769803,0.0,0.0,0.3133357331566316,0.11272957002529635,0.013451133185338708,1.3720939104486129e-19,1.1465657596574105e-05,0.0002061362591078597,1.1164973663111319e-11,2.1596456670985902e-06,1.2923087249021152e-07,0.00047625218872648678,4.3317698670282505e-09,1.3271375817700532e-07,1.9993781324015889e-07,4.1125843734442317e-08,3.4133895146852323e-11,4.7550803834790663e-14,3.100565225844952e-08,7.8677345737623731e-08,0.0054586977318546665,0.018729004794753864,3.3649104225681741e-07,9.7291605767374824e-08,4.0704208672993871e-05,5.1581303247663992e-10,2.9890096256063644e-06,4.9673973498109795e-08
1.3787803903513593e-06,0.11640260799999998,0.8585084662769803,0.0,0.0,0.31325570141400122,0.11272827256069262,0.013410318036366829,1.4356618463594411e-19,1.1668467287212686e-05,0.00020727480921745872,1.1528255452281324e-11,2.2039026119387755e-06,1.3075974838805422e-07,0.00047891288871606841,4.474849412399685e-09,1.3376686242673203e-07,2.0350123856303591e-07,4.1855816199376946e-08,3.4957670207769075e-11,4.9400548441774223e-14,3.1151450085129739e-08,8.0773988548914489e-08,0.0054572307897486575,0.018810429031537481,3.375484089097956e-07,9.787629679209182e-08,4.0761215511992263e-05,5.2465685481942469e-10,3.004799837868059e-06,4.9800023283643733e-08
1.387085080068784e-06,0.11640260799999998,0.8585084662769803,0.0,0.0,0.3131759562214097,0.11272698884210257,0.013369647445437708,1.5015951335059925e-19,1.1873212657999272e-05,0.00020840242669202685,1.1900293862292688e-11,2.2486512616734614e-06,1.3229243230616899e-07,0.0004815530039101526,4.6212726405467572e-09,1.3482023793465345e-07,2.0708868753079583e-07,4.2592429241107203e-08,3.5793372439126401e-11,5.130523339071508e-14,3.1295030768322516e-08,8.2907830065728217e-08,0.0054557695755670255,0.018891562217433329,3.3859355750159957e-07,9.8458337422560463e-08,4.0817174386476897e-05,5.3357976737738813e-10,3.0204257285146001e-06,4.9922793673811434e-08
1.3953897697862088e-06,0.11640260799999998,0.8585084662769803,0.0,0.0,0.31309649629890302,0.11272571887669595,0.013329120769218484,1.5699580007092072e-19,1.2079891050034046e-05,0.00020951911533791521,1.2281215694088826e-11,2.2938904790251819e-06,1.3382882367954176e-07,0.00048417255211039874,4.7710783638030085e-09,1.3587378383921089e-07,2.1069972667399906e-07,4.3335663065078084e-08,3.6641014375852187e-11,5.3265914310789683e-14,3.1436400438999163e-08,8.5079118703131454e-08,0.0054543140668423477,0.018972405641829219,3.3962660466077262e-07,9.9037723191028513e-08,4.0872098015885262e-05,5.4258158867244062e-10,3.0358874998694722e-06,5.0042312440836265e-08
1.4036944595036336e-06,0.11640260799999998,0.8585084662769803,0.0,0.0,0.31301732037400642,0.11272446266740291,0.013288737368098269,1.6408156405243443e-19,1.2288499663489605e-05,0.00021062488128704835,1.2671147885177329e-11,2.3396190676502844e-06,1.3536882280254875e-07,0.00048677155557055391,4.9243050356523674e-09,1.3692740014116608e-07,2.1433391972339477e-07,4.4085497446570464e-08,3.750060630977028e-11,5.5283652265396706e-14,3.1575565721041807e-08,8.7288098353960846e-08,0.0054528642410279684,0.019052960586808072,3.4064766701418376e-07,9.961445008786008e-08,4.0925998990994432e-05,5.5166213194618001e-10,3.0511853870405044e-06,5.0158607617673859e-08
1.4119991492210584e-06,0.11640260799999998,0.8585084662769803,0.0,0.0,0.31293842718166837,0.11272322021302447,0.013248496606160738,1.7142342043948169e-19,1.2499035560175512e-05,0.00021171973293733067,1.3070217485723516e-11,2.3858357735418573e-06,1.3691233083671797e-07,0.00048935004087802877,5.0809907395756661e-09,1.3798098773898034e-07,2.1799082783356985e-07,4.4841911744057696e-08,3.8372156305803596e-11,5.7359513504360013e-14,3.1712533716157696e-08,8.9535008360505881e-08,0.0054514200755027137,0.019133228327200158,3.4165686114792276e-07,1.0018851455075883e-07,4.0978889774625039e-05,5.6082120527522669e-10,3.0663196570192889e-06,5.0271707480375887e-08
1.4203038389384832e-06,0.11640260799999998,0.8585084662769803,0.0,0.0,0.31285981546420344,0.11272199150834171,0.013208397851156942,1.790280797435556e-19,1.2711495666087241e-05,0.00021280368089378587,1.3478551634809939e-11,2.4325392864304397e-06,1.384592498179702e-07,0.0004919080388369483,5.2411731782207044e-09,1.3903444846264342e-07,2.2167000980369793e-07,4.5604884912389771e-08,3.9255670219010882e-11,5.9494569215523841e-14,3.1847311988986964e-08,9.182008348844427e-08,0.0054499815475755305,0.019213210130635022,3.4265430356946312e-07,1.0075991345416693e-07,4.1030782702357759e-05,5.7005861168548008e-10,3.0812906077929333e-06,5.0381640530890451e-08
1.428608528655908e-06,0.11640260799999998,0.8585084662769803,0.0,0.0,0.31278148397123723,0.11272077654422354,0.013168440474478372,1.869023472840218e-19,1.2925876773938512e-05,0.00021387673791045799,1.3896277536874036e-11,2.4797282411816704e-06,1.400094826633354e-07,0.00049444558435273193,5.4048896629070432e-09,1.400876851059221e-07,2.2537102229522983e-07,4.6374395515798634e-08,4.0151151712456397e-11,6.1689895275867637e-14,3.1979908552411584e-08,9.4143553903068973e-08,0.0054485486344900613,0.019292907257592817,3.4364011067120775e-07,1.0132864409884346e-07,4.1081689983262611e-05,5.7937414926527069e-10,3.0960985674684701e-06,5.0488435480292647e-08
1.4369132183733328e-06,0.11640260799999998,0.8585084662769803,0.0,0.0,0.31270343145965074,0.1127195753077329,0.013128623851130261,1.9505312259130561e-19,1.3142175545676151e-05,0.00021493891883308969,1.4323522438334556e-11,2.5274012191900255e-06,1.4156293317715035e-07,0.00049696271631823725,5.5721771034719388e-09,1.41140601457033e-07,2.2909342004640511e-07,4.7150421740720843e-08,4.1058602275895462e-11,6.3946572002298179e-14,3.211033185307094e-08,9.6505645147805688e-08,0.0054471213134291456,0.019372320961455233,3.4461439869528629e-07,1.0189470420162149e-07,4.1131623700640603e-05,5.8876761127738227e-10,3.110743893410113e-06,5.0592121232443175e-08
1.4452179080907576e-06,0.11640260799999998,0.8585084662769803,0.0,0.0,0.31262565669352599,0.11271838778223155,0.013088947359705153,2.0348739877353801e-19,1.3360388514977106e-05,0.00021599024054257864,1.4760413604414962e-11,2.5755567497677308e-06,1.4311950605675598e-07,0.00049945947750146854,5.7430719984564598e-09,1.4219310232778487e-07,2.3283675608352475e-07,4.7932941408437356e-08,4.1978021245236596e-11,6.6265683902308209e-14,3.2238590757085079e-08,9.8906578124966137e-08,0.0054456995615192591,0.019451452488555943,3.4557728369966514e-07,1.0245809188534152e-07,4.1180595812777922e-05,5.9823878626993375e-10,3.1252269713893398e-06,5.0692726868070316e-08
1.4535225978081824e-06,0.11640260799999998,0.8585084662769803,0.0,0.0,0.31254815844409123,0.11271721394748334,0.01304941038235667,2.1221226184773756e-19,1.3580512089727053e-05,0.00021703072189921025,1.5207078296170944e-11,2.6241933115280062e-06,1.4467910689771348e-07,0.00050193591443484968,5.9176104256299311e-09,1.432450935812369e-07,2.3660058192893601e-07,4.8721931987530877e-08,4.2909405822740109e-11,6.8648319424687316e-14,3.2364694535985853e-08,1.0134656907867663e-07,0.0054442833558348575,0.019530303078230553,3.4652888152545518e-07,1.030188056689594e-07,4.1228618153711458e-05,6.0778745818610602e-10,3.1395482147477716e-06,5.0790281629267064e-08
1.4618272875256071e-06,0.11640260799999998,0.8585084662769803,0.0,0.0,0.3124709354896677,0.11271605377975603,0.013010012304773534,2.212348900362023e-19,1.3802542554480104e-05,0.00021806038368767217,1.5663643747729986e-11,2.6733093337618589e-06,1.4624164219855264e-07,0.00050439207730606703,6.0958280328536256e-09,1.4429648215789725e-07,2.4038444780566023e-07,4.9517370606159625e-08,4.385275109792411e-11,7.109557071044703e-14,3.2488652852858465e-08,1.0382582957994778e-07,0.0054428726734026666,0.019608873962866188,3.4746930776545378e-07,1.0357684445782663e-07,4.1275702434005114e-05,6.1741340647270545e-10,3.1537080635728489e-06,5.0884814904397971e-08
1.470131977243032e-06,0.11640260799999998,0.8585084662769803,0.0,0.0,0.31239398661561624,0.11271490725192151,0.012970752516153835,2.3056255302859193e-19,1.4026476072899047e-05,0.00021907924856285832,1.6130237143751057e-11,2.7229031978076894e-06,1.4780701936506073e-07,0.00050682801985050499,6.2777600292859619e-09,1.4534717610047906e-07,2.4418790283858806e-07,5.0319234064145624e-08,4.4808050069154345e-11,7.3608533344112165e-14,3.2610475748695633e-08,1.0634456651386285e-07,0.0054414674912059043,0.019687166367950541,3.4839867773383302e-07,1.0413220753414085e-07,4.1321860241536072e-05,6.2711640618754589e-10,3.167706983886399e-06,5.097635621341187e-08
1.4784366669604567e-06,0.11640260799999998,0.8585084662769803,0.0,0.0,0.31231731061428453,0.11271377433355469,0.012931630409179497,2.4020261121032287e-19,1.4252308690175575e-05,0.00022008734099646747,1.660698559711238e-11,2.7729732384129786e-06,1.4937514671412405e-07,0.00050924379924527764,6.463441176930241e-09,1.4639708457723781e-07,2.4801049525217648e-07,5.1127498844876545e-08,4.5775293665891262e-11,7.6188306105532831e-14,3.2730173628966659e-08,1.0890298206885427e-07,0.0054400677861884111,0.019765181512120564,3.4931710643700981e-07,1.0468489454756453e-07,4.1367103042290804e-05,6.3689622810563439e-10,3.1815454668461375e-06,5.1064935193554404e-08
1.4867413566778815e-06,0.11640260799999998,0.8585084662769803,0.0,0.0,0.31224090628495466,0.11271265499103063,0.012892645379990984,2.501625148580726e-19,1.4480036335430145e-05,0.00022108468722439783,1.709401612683404e-11,2.823517745087369e-06,1.5094593347713446e-07,0.00051163947600486718,6.652905782524332e-09,1.4744611790392228e-07,2.518517725645996e-07,5.1942141127020609e-08,4.6754470771563931e-11,7.8835990722374204e-14,3.284775725040251e-08,1.1150127372802765e-07,0.0054386735352587225,0.019842920607210667,3.5022470854560378e-07,1.0523490550601157e-07,4.1411442181170457e-05,6.4675263882415473e-10,3.1952240279600885e-06,5.115058158547517e-08
1.4950460463953063e-06,0.11640260799999998,0.8585084662769803,0.0,0.0,0.31216477243379159,0.11271154918762043,0.012853796828162241,2.6044980330321163e-19,1.4709654824090955e-05,0.00022207131519493917,1.759145563624238e-11,2.8745349634464766e-06,1.5251928980297485e-07,0.0005140151138783649,6.8461876897714014e-09,1.4849418756437156e-07,2.5571128177830733e-07,5.27631367960543e-08,4.7745568247040621e-11,8.1552691623437119e-14,3.296323770799746e-08,1.1413963426249159e-07,0.0054372847152940641,0.019920384858300489,3.5112159836752094e-07,1.0578224076659799e-07,4.145488888280496e-05,6.5668540086624144e-10,3.208743206313891e-06,5.123332521972306e-08
1.503350736112731e-06,0.11640260799999998,0.8585084662769803,0.0,0.0,0.31208890787379184,0.1127104568835854,0.012815084156675862,2.7107210406391982e-19,1.4941159860251755e-05,0.00022304725451776332,1.8099430891382341e-11,2.9260230965457932e-06,1.540951267605947e-07,0.00051637077974832314,7.0433202719110004e-09,1.4954120622978586e-07,2.5958856956695008e-07,5.3590461455602826e-08,4.8748570954668611e-11,8.4339515692954405e-14,3.3076626422228433e-08,1.1681825172665624e-07,0.0054359013031442683,0.019997575463762296,3.520078898220665e-07,1.0632690102675593e-07,4.1497454252375148e-05,6.6669427278352811e-10,3.2221035638110094e-06,5.1313196003624282e-08
1.5116554258301559e-06,0.11640260799999998,0.8585084662769803,0.0,0.0,0.31201331142473271,0.11270937803626985,0.012776506771898439,2.8203713194672271e-19,1.5174547039008011e-05,0.00022401253641371542,1.8618068499684368e-11,2.9779803062040969e-06,1.5567335634118727e-07,0.00051870654353121772,7.2443364246297733e-09,1.50587087776698e-07,2.6348318245862586e-07,5.4424090438592668e-08,4.9763461782856164e-11,8.719757202600418e-14,3.3187935126492851e-08,1.1953730945546502e-07,0.0054345232756356316,0.020074493615307894,3.5288369641513337e-07,1.0686888731550823e-07,4.1539149276442583e-05,6.7677900925747165e-10,3.2353056844258039e-06,5.1390223908537069e-08
1.5199601155475807e-06,0.11640260799999998,0.8585084662769803,0.0,0.0,0.31193798191312117,0.11270831260019211,0.012738064083556171,2.9335268811822399e-19,1.540981184877113e-05,0.00022496719366540561,1.9147494888891589e-11,3.0304047143157978e-06,1.5725389145997959e-07,0.00052102247807952562,7.4492685593106199e-09,1.5163174730367457e-07,2.673946670154169e-07,5.5263998818216453e-08,5.0790221671170101e-11,9.0127971685177341e-14,3.3297175854765567e-08,1.2229698606352189e-07,0.0054331506095746862,0.020151140498035198,3.5374913121536043e-07,1.074082009849031e-07,4.1579984823786516e-05,6.8693936119943779e-10,3.248350173469452e-06,5.1464438957477782e-08
1.5282648052650054e-06,0.11640260799999998,0.8585084662769803,0.0,0.0,0.31186291817214495,0.11270726052713456,0.012699755504710678,3.0502665914784481e-19,1.5646949673560405e-05,0.00022591126056860158,1.9687836286253115e-11,3.0832944041516729e-06,1.588366459576466e-07,0.00052331865908541509,7.658148596618599e-09,1.5267510114677602e-07,2.713225700091851e-07,5.6110161418709984e-08,5.1828829635921423e-11,9.313182745863402e-14,3.3404360929475056e-08,1.2509745544607511e-07,0.0054317832817518934,0.020227517290474333,3.5460430683132664e-07,1.0794484370160387e-07,4.1619971646247608e-05,6.9717507584955031e-10,3.2612376568686831e-06,5.153587121311222e-08
1.5365694949824302e-06,0.11640260799999998,0.8585084662769803,0.0,0.0,0.31178811904162246,0.11270622176623146,0.012661580451735009,3.1706701602239588e-19,1.5885955795272384e-05,0.0002268447728844205,2.0239218697988592e-11,3.1366474216474857e-06,1.6042153460136103e-07,0.000525595164986046,7.8710079604215905e-09,1.5371706689380722e-07,2.7526643859360185e-07,5.6962552825942106e-08,5.2879262796212298e-11,9.6210253619680255e-14,3.3509502949599128e-08,1.2793888678181689e-07,0.0054304212689452874,0.020303625164633323,3.5544933538964648e-07,1.0847881743863602e-07,4.1659120379577809e-05,7.074858968742912e-10,3.2739687804572806e-06,5.1604550766105765e-08
1.544874184699855e-06,0.11640260799999998,0.8585084662769803,0.0,0.0,0.31171358336795418,0.1127051962640559,0.012623538344289894,3.294818131333029e-19,1.6126825395927409e-05,0.00022776776779231874,2.080176788902915e-11,3.1904617766800036e-06,1.6200847308548976e-07,0.00052785207687047872,8.0878775720435618e-09,1.5475756339738624e-07,2.7922582047239194e-07,5.7821147397817384e-08,5.3941496400418102e-11,9.9364365687989951e-14,3.3612614778979985e-08,1.3082144453746067e-07,0.0054290645479240255,0.020379465286043476,3.562843285140682e-07,1.0901012446728584e-07,4.1697441544296301e-05,7.1787156446285669e-10,3.2865442092802887e-06,5.167050772382712e-08
1.5531788744172798e-06,0.11640260799999998,0.8585084662769803,0.0,0.0,0.31163931000407369,0.11270418396470479,0.012585628605300147,3.4227918723730764e-19,1.6369553559892998e-05,0.00022868028384387843,2.1375609363039561e-11,3.2447354443299607e-06,1.6359737803194738e-07,0.00053008947838819025,8.3087878448481483e-09,1.5579651078686182e-07,2.8320026406377147e-07,5.8685919274492208e-08,5.501550385307893e-11,1.0259528019259473e-13,3.3713709534858382e-08,1.3374528847405654e-07,0.0054277130954518728,0.020455038813804251,3.5710939730540248e-07,1.0953876734915146e-07,4.1734945546550248e-05,7.2833181542225629e-10,3.2989646269108657e-06,5.1733772199399072e-08
1.5614835641347046e-06,0.11640260799999998,0.8585084662769803,0.0,0.0,0.31156529780939995,0.11270318480988253,0.012547850660931378,3.5546735639148128e-19,1.6614135276083948e-05,0.00022958236091738808,2.1960868342726038e-11,3.2994663661315354e-06,1.6518816699021781e-07,0.00053230745565918756,8.5337686791498104e-09,1.568338304791077e-07,2.8718931866106917e-07,5.9556842388405017e-08,5.6101256742175378e-11,1.0590411443675887e-13,3.3812800576626773e-08,1.3671057365500539e-07,0.0054263668882906235,0.020530346900627813,3.5792465232243374e-07,1.1006474892834143e-07,4.1771642678981075e-05,7.3886638327116344e-10,3.3112307347797443e-06,5.1794374301090779e-08
1.5697882538521294e-06,0.11640260799999998,0.8585084662769803,0.0,0.0,0.31149154564978915,0.11270219873898343,0.012510203940566785,3.6905461886339697e-19,1.6860565440138868e-05,0.00023047404017321479,2.2557669750433968e-11,3.3546524513079344e-06,1.6678075843705374e-07,0.00053450609718572032,8.7628494574497338e-09,1.5786944518822432e-07,2.9119253458951898e-07,6.0433890474121115e-08,5.7198724866763157e-11,1.092919862648534e-13,3.3909901494800658e-08,1.3971745045573205e-07,0.0054250259032034226,0.020605390692883193,3.5873020356357478e-07,1.1058807232382283e-07,4.1807543121594561e-05,7.4947499833250701e-10,3.3233432515172041e-06,5.1852344122045103e-08
1.5780929435695542e-06,0.11640260799999998,0.8585084662769803,0.0,0.0,0.31141805239748804,0.11270122568917205,0.012472687876784237,3.8304935201731538e-19,1.7108838856572929e-05,0.00023135536400996424,2.3166138189039462e-11,3.4102915779927214e-06,1.683750717758651e-07,0.00053668549376558003,8.9960590399933626e-09,1.5890327893417742e-07,2.952094633592206e-07,6.1317037077993081e-08,5.8307876264942504e-11,1.1276001383133886e-13,3.4005026100207612e-08,1.4276606457497718e-07,0.0054236901169580605,0.020680171330640009,3.5952616044951105e-07,1.1110874092191128e-07,4.1842656942635758e-05,7.6015738782481044e-10,3.3353029123074866e-06,5.1907711730335406e-08
1.586397633286979e-06,0.11640260799999998,0.8585084662769803,0.0,0.0,0.31134481693108657,0.11270026559546267,0.01243530190533353,3.9746001117723827e-19,1.7358950240906776e-05,0.0002322263760214263,2.3786397923138498e-11,3.4663815944365145e-06,1.699710273358055e-07,0.00053884573840698034,9.2334257606461337e-09,1.599352570504016e-07,2.9923965781426341e-07,6.2206255567637482e-08,5.942867724213757e-11,1.1630931537196283e-13,3.4098188413393086e-08,1.4585655704766849e-07,0.0054223595063301521,0.020754689947711919,3.6031263180646604e-07,1.116267583689091e-07,4.1876994099466689e-05,7.7091327595227099e-10,3.347110468255568e-06,5.1960507159345416e-08
1.5947023230044037e-06,0.11640260799999998,0.8585084662769803,0.0,0.0,0.31127183813547199,0.1126993183907969,0.012398045465113838,4.1229512846768697e-19,1.7610894221771286e-05,0.00023308712095430027,2.4418572860537005e-11,3.5229203201987476e-06,1.7156854637056753e-07,0.0005409869262450155,9.4749774230840201e-09,1.6096530619039907e-07,3.0328267227801565e-07,6.3101519141229119e-08,6.056109239966271e-11,1.1994100897727246e-13,3.418940265424206e-08,1.4898906425933063e-07,0.005421034048106281,0.020828947671699589,3.610897258505156e-07,1.1214212856387791e-07,4.1910564439448465e-05,7.8174238399359014e-10,3.3587666857662172e-06,5.201076039846669e-08
1.6030070127218285e-06,0.11640260799999998,0.8585084662769803,0.0,0.0,0.31119911490178243,0.11269838400612003,0.012360917998151354,4.2756331163306993e-19,1.7864665342988231e-05,0.00023393764466669769,2.5062786534045146e-11,3.5799055473241757e-06,1.7316755105689578e-07,0.00054310915445967905,9.7207412972950632e-09,1.6199335433336234e-07,3.0733806269458434e-07,6.4002800836613618e-08,6.1705084663552156e-11,1.2365621236854027e-13,3.4278683231815759e-08,1.5216371796199516e-07,0.0054197137190870447,0.020902945624033359,3.6185755017233726e-07,1.1265485565155923e-07,4.1943377700824706e-05,7.9264443038954339e-10,3.3702723459352265e-06,5.2058501384107001e-08
1.6113117024392533e-06,0.11640260799999998,0.8585084662769803,0.0,0.0,0.31112664612736185,0.11269746237045582,0.012323918949577144,4.4327324283650121e-19,1.8120258065626458e-05,0.0002347779940874161,2.5719162083578607e-11,3.6373350415038447e-06,1.7476796449282761e-07,0.00054521252219544237,9.9707441163880526e-09,1.6301933078884895e-07,3.1140538676644967e-07,6.4910073540239589e-08,6.2860615313630133e-11,1.2745604267619565e-13,3.4366044734401579e-08,1.5538064529156951e-07,0.0054183984960900523,0.020976684920015511,3.6261621172315885e-07,1.1316494401542147e-07,4.1975443513609821e-05,8.0361913082930762e-10,3.3816282439527355e-06,5.2103759991004461e-08
1.619616392156678e-06,0.11640260799999998,0.8585084662769803,0.0,0.0,0.31105443071571459,0.11269655341097994,0.01228704776760518,4.5943367743893712e-19,1.8377666770033846e-05,0.00023560821717597997,2.6387822238569702e-11,3.69520654322027e-06,1.7636971069567064e-07,0.00054729713048237726,1.0225012073704231e-08,1.6404316620053709e-07,3.1548420408828997e-07,6.5823309995911841e-08,6.4027644012799477e-11,1.313416162208515e-13,3.4451501919775772e-08,1.5863996878662596e-07,0.0054170883559528484,0.021050166668862235,3.6336581680082864e-07,1.1367239827085698e-07,4.2006771400476134e-05,8.1466619833552501e-10,3.3928351885185376e-06,5.2146566023840673e-08
1.6279210818741029e-06,0.11640260799999998,0.8585084662769803,0.0,0.0,0.31098246757646036,0.11269565705309179,0.012250303903510557,4.760534427594962e-19,1.8636885757844583e-05,0.00023642836288344341,2.7068889300690646e-11,3.7535177688765845e-06,1.7797271459972638e-07,0.00054936308215881554,1.0483570820227787e-08,1.6506479254909092e-07,3.1957407627700377e-07,6.6742482813366304e-08,6.5206128836526449e-11,1.3531404829701061e-13,3.453506970567677e-08,1.619418064085706e-07,0.0054157832755357561,0.021123391973745128,3.641064710374252e-07,1.1417722325849221e-07,4.2037370777647426e-05,8.2578534334814704e-10,3.4038940012692729e-06,5.2186949209147962e-08
1.6362257715915277e-06,0.11640260799999998,0.8585084662769803,0.0,0.0,0.31091075562529086,0.11269477322048514,0.012213686811607926,4.9314143681782415e-19,1.889790925396196e-05,0.00023723848111394824,2.7762485126891202e-11,3.8122664119094365e-06,1.7957690205376881e-07,0.00055141048179552839,1.0746445462290807e-08,1.6608414315416249e-07,3.236745670979514e-07,6.7667564476669115e-08,6.6396026302500627e-11,1.3937445295953329e-13,3.4616763160488079e-08,1.6528627156315313e-07,0.0054144832317246667,0.02119636193183248,3.6483827938640259e-07,1.1467942403765719e-07,4.2067250955787667e-05,8.3697627380699544e-10,3.4148055162173906e-06,5.2224939187503213e-08
1.6445304613089525e-06,0.11640260799999998,0.8585084662769803,0.0,0.0,0.31083929378392516,0.11269390183521731,0.012177195949230071,5.1070662705937045e-19,1.9160731408516546e-05,0.00023803862268703238,2.8468731112752686e-11,3.8714501438854393e-06,1.8118219981828615e-07,0.00055343943562142638,1.1013660559568032e-08,1.6710115267555902e-07,3.2778524258742968e-07,6.8598527352439791e-08,6.7597291400448847e-11,1.4352394281294248e-13,3.4696597494128863e-08,1.6867347312327772e-07,0.005413188201433757,0.021269077634330096,3.6556134611202398e-07,1.1517900587994643e-07,4.2096421140899848e-05,8.4823869523314979e-10,3.4255705792017797e-06,5.2260565506005165e-08
1.6528351510263772e-06,0.11640260799999998,0.8585084662769803,0.0,0.0,0.31076808098006597,0.11269304281777674,0.012140830776706722,5.2875804906443354e-19,1.9425346298799587e-05,0.0002388288393006824,2.918774817616007e-11,3.9310666155810037e-06,1.8278853556249583e-07,0.00055545005145074696,1.1285240123356894e-08,1.6811575711360188e-07,3.3190567117140461e-07,6.9535343697902004e-08,6.8809877622082672e-11,1.4776362880363991e-13,3.4774588049150847e-08,1.7210351545307647e-07,0.0054118981616081453,0.02134154016652182,3.6627577477713477e-07,1.1567597426296132e-07,4.2124890435212664e-05,8.5957231080900499e-10,3.4361900473499354e-06,5.2293857611025198e-08
1.661139840743802e-06,0.11640260799999998,0.8585084662769803,0.0,0.0,0.31069711614735701,0.11269219608714946,0.012104590757343483,5.4730480524183297e-19,1.9691747931171856e-05,0.00023960918349512334,2.9919656741293681e-11,3.9911134580453892e-06,1.8439583786113917e-07,0.000557442438611746,1.1561207615137951e-08,1.6912789380870567e-07,3.3603542378052281e-07,7.0477985668760427e-08,7.0033736991159606e-11,1.5209462001510181e-13,3.485075029203935e-08,1.7557649843320586e-07,0.0054106130892264681,0.021413750607809742,3.6698166823489715e-07,1.1617033486409989e-07,4.2152667838086765e-05,8.7097682145723904e-10,3.4466647885515626e-06,5.2324844841232118e-08
1.6694445304612268e-06,0.11640260799999998,0.8585084662769803,0.0,0.0,0.31062639822534038,0.11269136156088397,0.012068475357401015,5.6635606350806361e-19,1.9959930242947654e-05,0.00024037970861733968,3.0664576722941747e-11,4.0515882836468226e-06,1.8600403619106586e-07,0.00055941670787683698,1.1841585945410826e-08,1.7013750144020244e-07,3.4017407396142968e-07,7.1426425326910421e-08,7.12688200936383e-11,1.5651802346611956e-13,3.4925099804716947e-08,1.7909251748732831e-07,0.0054093329613034043,0.021485710031754021,3.6767912861627272e-07,1.1666209355458619e-07,4.2179762246893097e-05,8.8245192591837002e-10,3.4569956809434961e-06,5.2353556420875396e-08
1.6777492201786516e-06,0.11640260799999998,0.8585084662769803,0.0,0.0,0.31055592615941391,0.11269053915515492,0.012032484046074349,5.8592105595277643e-19,2.0229887104254257e-05,0.00024114046878632048,3.1422627511135138e-11,4.1124886871016009e-06,1.8761306092761467e-07,0.00056137297139423001,1.2126397472800675e-08,1.7114452002443928e-07,3.4432119798442117e-07,7.2380634647973813e-08,7.2515076107909019e-11,1.6103494391214701e-13,3.4997652276247601e-08,1.8265166360973993e-07,0.0054080577548921314,0.021557419506112393,3.6836825732527604e-07,1.1715125639344867e-07,4.2206182457933394e-05,8.9399732082736607e-10,3.4671836124057985e-06,5.2380021453336652e-08
1.6860539098960764e-06,0.11640260799999998,0.8585084662769803,0.0,0.0,0.31048569890078898,0.1126897287848254,0.011996616295472383,6.0600907749143185e-19,2.0501612319866512e-05,0.00024189151885902158,3.2193927956104678e-11,4.1738122464860236e-06,1.8922284334079959e-07,0.0005633113426209578,1.2415664003430067e-08,1.7214889091217324e-07,3.4847637494745917e-07,7.3340585528675506e-08,7.3772452835080525e-11,1.6564648364981135e-13,3.5068423494739357e-08,1.862540233941064e-07,0.0054067874470867233,0.021628880092879381,3.6904915502409284e-07,1.1763782962187993e-07,4.2231937167296562e-05,9.0561270078864431e-10,3.4772294800689058e-06,5.2404268914920067e-08
1.6943585996135012e-06,0.11640260799999998,0.8585084662769803,0.0,0.0,0.31041571540644952,0.11268893036350773,0.011960871580597563,6.2662948450596365e-19,2.0775099631016917e-05,0.00024263291439703823,3.2978596353562277e-11,4.2355565242311019e-06,1.908333155913083e-07,0.0005652319362574183,1.2709406790551058e-08,1.7315055678529157e-07,3.5263918687658346e-07,7.4306249794042745e-08,7.504089672930552e-11,1.7035374232464085e-13,3.5137429339443623e-08,1.8989967906326989e-07,0.0054055220150244689,0.02170009284832513,3.697219216349019e-07,1.1812181965731646e-07,4.2257034971811619e-05,9.1729775845048203e-10,3.487134189831724e-06,5.2426327648911912e-08
1.702663289330926e-06,0.11640260799999998,0.8585084662769803,0.0,0.0,0.31034597463911046,0.11268814380362338,0.011925249379325743,6.4779169347428057e-19,2.1050342717180867e-05,0.00024336471163397946,3.3776750430305995e-11,4.2977190680999623e-06,1.9244441072632054e-07,0.0005671348681832054,1.3007646534432261e-08,1.741494616528793e-07,3.5680921882275333e-07,7.5277599204459363e-08,7.6320352928127186e-11,1.7515781674206204e-13,3.5204685773048582e-08,1.9358870850008873e-07,0.0054042614358881507,0.021771058823033932,3.7038665631765172e-07,1.1860323308824628e-07,4.2281484369850283e-05,9.2905218457728323e-10,3.4968986558905199e-06,5.2446226359849227e-08
1.7101375100766083e-06,0.11640260799999998,0.8585084662769803,0.0,0.0,0.31028341462736031,0.11268744596795553,0.011893293718075775,6.6730875227298133e-19,2.1299557410077243e-05,0.00024401516959315992,3.4506716186780804e-11,4.3540209372832539e-06,1.9389487428851623e-07,0.00056883250282898094,1.3279923865206046e-08,1.7504607016343043e-07,3.6056808024498313e-07,7.6156651086151128e-08,7.7481232646671748e-11,1.7956516525184753e-13,3.5263734071256003e-08,1.9694598046251697e-07,0.0054031310450971069,0.021834718066498015,3.7097813158710458e-07,1.1903430775764757e-07,4.2302941385898544e-05,9.396902210849626e-10,3.5055675288817197e-06,5.246231198814327e-08
1.7176117308222905e-06,0.11640260799999998,0.8585084662769803,0.0,0.0,0.31022104964069769,0.11268675760278878,0.011861436495613355,6.8727929198978237e-19,2.1550184421452453e-05,0.00024465794087198613,3.5247785222661966e-11,4.4106577982288382e-06,1.9534574130108032e-07,0.00057051601226557741,1.3555874362293915e-08,1.7594035902074111e-07,3.643321582509499e-07,7.7040264350724975e-08,7.8650945064334299e-11,1.8405261566557762e-13,3.5321390076771858e-08,2.0033849550100474e-07,0.005402004550167574,0.021898179021908337,3.7156325192180464e-07,1.1946330588024303e-07,4.2323886055980467e-05,9.5038396616140642e-10,3.5141242285181832e-06,5.2476691850725586e-08
1.7243385294934046e-06,0.11640260799999998,0.8585084662769803,0.0,0.0,0.31016508728379932,0.11268614611680688,0.011832848850801818,7.0564627540749344e-19,2.1776952356208437e-05,0.00024522989783566185,3.5924310577206745e-11,4.4619158916095111e-06,1.9665182771795504e-07,0.00057201916533267919,1.3807381898001826e-08,1.7674320419835726e-07,3.6772404407010221e-07,7.7839399168174452e-08,7.9711202997706983e-11,1.8816046357727031e-13,3.5372099807443596e-08,2.0342193150290609e-07,0.0054009940220293221,0.021955124968924902,3.7208448519877693e-07,1.1984763298643466e-07,4.2342303158980262e-05,9.6005577825800903e-10,3.5217299134556047e-06,5.2488192338696971e-08
1.7310653281645186e-06,0.11640260799999998,0.8585084662769803,0.0,0.0,0.31010928175402358,0.11268554219978155,0.011804340365935232,7.2439135113515181e-19,2.200485696632201e-05,0.000245795693881936,3.6609959488758915e-11,4.5134425310211463e-06,1.9795816900813825e-07,0.00057351101080500952,1.4061885910444732e-08,1.7754411243538198e-07,3.7111970150615314e-07,7.8642196840031274e-08,8.0778549305152641e-11,1.923344127947459e-13,3.5421699936577159e-08,2.0653398621712156e-07,0.0053999866241221297,0.022011911460881092,3.72600679441924e-07,1.2023028606200651e-07,4.2360314444821412e-05,9.6977236104434098e-10,3.529245790342518e-06,5.2498342814114422e-08
1.7377921268356327e-06,0.11640260799999998,0.8585084662769803,0.0,0.0,0.3100536325135998,0.11268494580268688,0.011775910770299587,7.4351965849920992e-19,2.2233894756047156e-05,0.00024635536030280899,3.7304793066781694e-11,4.5652363842468209e-06,1.9926473168731838e-07,0.00057499161269244741,1.4319396076474065e-08,1.7834305712597857e-07,3.7451891788505132e-07,7.9448642247637584e-08,8.1852951871312518e-11,1.9657503819211346e-13,3.547019909949519e-08,2.0967469083726551e-07,0.0053989823444432266,0.022068539042707124,3.7311188550174536e-07,1.2061126898291227e-07,4.2377924199662679e-05,9.7953354612346616e-10,3.5366723619734678e-06,5.2507158164539054e-08
1.7445189255067467e-06,0.11640260799999998,0.8585084662769803,0.0,0.0,0.30999813902713053,0.11268435687611375,0.011747559794372036,7.6303635942934468e-19,2.2464062207036065e-05,0.00024690892860855095,3.8008872144680702e-11,4.61729611490575e-06,2.0057148264182077e-07,0.00057646103537324904,1.4579921836444723e-08,1.7914001222202808e-07,3.7792148203479221e-07,8.0258720259751184e-08,8.2934378084724399e-11,2.0088291300517371e-13,3.5517605950869814e-08,2.1284407476774029e-07,0.0053979811710142571,0.022125008256973198,3.7361815389314394e-07,1.2099058568704487e-07,4.2395136669370648e-05,9.8933916445004041e-10,3.5440101336938539e-06,5.2514653206125781e-08
1.7512457241778607e-06,0.11640260799999998,0.8585084662769803,0.0,0.0,0.30994280076157843,0.11268377537028812,0.011719287169814225,7.829466379629016e-19,2.2695355778908821e-05,0.00024745643051779184,3.872225727548546e-11,4.6696203827564205e-06,2.0187838912681553e-07,0.00057791934357464484,1.484347239468411e-08,1.7993495223054152e-07,3.8132718431176227e-07,8.1072415734661873e-08,8.402279484832138e-11,2.052586087729062e-13,3.5563929162438275e-08,2.1604216563644061e-07,0.0053969830918819571,0.022181319643902277,3.7411953479221559e-07,1.2136824017155761e-07,4.2411956059821566e-05,9.9918904635238418e-10,3.55125961325795e-06,5.2520842682168354e-08
1.7579725228489748e-06,0.11640260799999998,0.8585084662769803,0.0,0.0,0.30988761718625274,0.11268320123508829,0.011691092629465705,8.0325569974691144e-19,2.2927771909812795e-05,0.00024799789794784864,3.944500872765252e-11,4.722207843993136e-06,2.0318541876447636e-07,0.00057936660235397832,1.5110056720044255e-08,1.8072785221088547e-07,3.8473581662583803e-07,8.1889713522245223e-08,8.5118168589899487e-11,2.0970269528027042e-13,3.5609177420785803e-08,2.1926898930775443e-07,0.0053959880951187774,0.022237473741382706,3.746160780325228e-07,1.2174423649099058e-07,4.2428386537260276e-05,1.0090830215512337e-09,3.5584213106908097e-06,5.2525741261813394e-08
1.7646993215200888e-06,0.11640260799999998,0.8585084662769803,0.0,0.0,0.30983258777279599,0.11268263442006252,0.011662975907337341,8.239687715396563e-19,2.3161307016980219e-05,0.00024853336300518136,4.0177186480929744e-11,4.7750571515393096e-06,2.044925395421158e-07,0.00058080287708000731,1.5379683546491742e-08,1.8151868777192773e-07,3.8814717246488133e-07,8.2710598465997389e-08,8.622046527256125e-11,2.1421574050170284e-13,3.5653359425161432e-08,2.2252456989569863e-07,0.0053949961688235272,0.022293471084980841,3.751078331066801e-07,1.2211857875772231e-07,4.2444432228566051e-05,1.0190209191874603e-09,3.5654957381519865e-06,5.2529363538460916e-08
1.7714261201912028e-06,0.11640260799999998,0.8585084662769803,0.0,0.0,0.30977771199517018,0.1126820748744459,0.011634936738604801,8.4509110071034837e-19,2.3395957497277583e-05,0.000249062857976061,4.0918850222332359e-11,4.8281669553346588e-06,2.0579971981027864e-07,0.00058222823341464326,1.5652361373771429e-08,1.8230743506901999e-07,3.9156104691810534e-07,8.3535055405020332e-08,8.7329650405123249e-11,2.1879831054583404e-13,3.5696483885354719e-08,2.2580892977731095e-07,0.0053940073011219799,0.022349312207953522,3.7559484916448629e-07,1.224912711388731e-07,4.2460097221521933e-05,1.0290025678469326e-09,3.5724834098023557e-06,5.2531724028370066e-08
1.7781529188623169e-06,0.11640260799999998,0.8585084662769803,0.0,0.0,0.30972298932964437,0.11268152254717714,0.011606974859602078,8.6662795473838371e-19,2.3631719727744032e-05,0.00024958641531737944,4.1670059342191053e-11,4.881535902618543e-06,2.0710692828080911e-07,0.00058364273729505942,1.5928098468113893e-08,1.8309407080088569e-07,3.9497723669873568e-07,8.4363069175963417e-08,8.8445689052492353e-11,2.2345096960103163e-13,3.5738559519610709e-08,2.2912208960619404e-07,0.0053930214801674696,0.022404997641260489,3.7607717501237101e-07,1.2286231785207043e-07,4.2475385565187568e-05,1.0390277955670959e-09,3.5793848416732099e-06,5.2532837169746603e-08
1.784879717533431e-06,0.11640260799999998,0.8585084662769803,0.0,0.0,0.30966841925478117,0.11268097738691479,0.011579090007815065,8.8858462071117706e-19,2.3868590066126185e-05,0.00025010406764766423,4.2430872930307309e-11,4.9351626382074917e-06,2.0841413402488044e-07,0.0005850464549161438,1.6206902863011025e-08,1.8387857220636222e-07,3.9839554016560822e-07,8.5194624614926374e-08,8.9568545846000472e-11,2.2817427988213016e-13,3.5779595052602228e-08,2.324640683262891e-07,0.0053920386941414761,0.022460527913576774,3.7655485911169201e-07,1.2323172316889308e-07,4.2490301270179134e-05,1.0490964298659033e-09,3.5862005515385872e-06,5.2532717321348058e-08
1.791606516204545e-06,0.11640260799999998,0.8585084662769803,0.0,0.0,0.3096140012514238,0.11268043934205328,0.011551281921875146,9.1096640482176876e-19,2.4106564851414038e-05,0.0002506158477382465,4.3201349772185497e-11,4.9890458047685669e-06,2.0972130647099902e-07,0.00058643945271323735,1.6488782360036519e-08,1.8466091706105655e-07,4.0181575734402746e-07,8.6029706559329884e-08,9.0698184993701188e-11,2.3296880157804703e-13,3.5819599213442714e-08,2.3583488318580019e-07,0.0053910589312541977,0.02251590355130487,3.7702794957391851e-07,1.2359949141402515e-07,4.2504848308914405e-05,1.0592082977877491e-09,3.5929310587896902e-06,5.2531378760855687e-08
1.798333314875659e-06,0.11640260799999998,0.8585084662769803,0.0,0.0,0.30955973480268317,0.11267990836073874,0.01152355034155287,9.3377863186551946e-19,2.4345640404355662e-05,0.0002511217885046202,4.3981548345365252e-11,5.0431840430873241e-06,2.110284154029764e-07,0.00058782179734535693,1.6773744529727245e-08,1.854410836738752e-07,4.0523768994565122e-07,8.6868299849727948e-08,9.1834570290620327e-11,2.3783509280052688e-13,3.585858073375122e-08,2.3923454975131636e-07,0.0053900821797450869,0.022571125078586971,3.7749649416998683e-07,1.2396562695399352e-07,4.2519030616010944e-05,1.0693632258844868e-09,3.599576884312181e-06,5.2528835684380536e-08
1.805060113546773e-06,0.11640260799999998,0.8585084662769803,0.0,0.0,0.30950561939392485,0.11267938439088424,0.011495895007751637,9.5702664473679881e-19,2.4585813027964755e-05,0.00025162192299795302,4.4771526815832767e-11,5.0975759923315019e-06,2.1233543095787716e-07,0.00058919355567863896,1.7061796712509321e-08,1.8621905088346654e-07,4.0866114138762876e-07,8.7710389331596873e-08,9.2977665128962835e-11,2.4277370953380818e-13,3.5896548345758183e-08,2.4266308192207714e-07,0.0053891084278834041,0.022626193017317057,3.7796054032729467e-07,1.2433013420253761e-07,4.2532852088572842e-05,1.0795610402198582e-09,3.6061385503659694e-06,5.2525102205634223e-08
1.8111142323507757e-06,0.11640260799999998,0.8585084662769803,0.0,0.0,0.30945704424168941,0.11267891876958784,0.011471070184870629,9.7832688329274022e-19,2.4802903315199836e-05,0.000252067107098035,4.5490917071788151e-11,5.146744543665854e-06,2.1351164072119641e-07,0.0005904191423120002,1.7323691520403604e-08,1.8691732381649014e-07,4.1174338520706086e-07,8.8471246589129008e-08,9.4012156568465579e-11,2.4728076067299306e-13,3.5929859521184007e-08,2.457734511237344e-07,0.0053882346062354121,0.022675623273505325,3.7837437460663579e-07,1.2465680223327581e-07,4.2544986091224542e-05,1.088775596810817e-09,3.6119725261306578e-06,5.252073587752026e-08
1.8158878856390532e-06,0.11640260799999998,0.8585084662769803,0.0,0.0,0.30941882861827991,0.11267855557826691,0.011451539168905987,9.953765782107532e-19,2.4974700990177463e-05,0.00025241485198874964,4.606380022944046e-11,5.1856572642518662e-06,2.1443899421296032e-07,0.00059137953759350384,1.7531966932896399e-08,1.8746663219490216e-07,4.1417438840045303e-07,8.9073161031788162e-08,9.4831642875126652e-11,2.5087644407294658e-13,3.5955555348976755e-08,2.4824246575399273e-07,0.0053875473016253284,0.022714511695674625,3.7869816159641763e-07,1.2491345364658681e-07,4.2554351659184871e-05,1.0960655562203088e-09,3.6165250800549114e-06,5.2516627834356672e-08
1.8206615389273306e-06,0.11640260799999998,0.8585084662769803,0.0,0.0,0.30938068838737515,0.11267819584896267,0.011432046212747833,1.0126527969198491e-18,2.5147046250390712e-05,0.00025275971657186681,4.6641684231705526e-11,5.2246959621000097e-06,2.1536626225685101e-07,0.00059233468993127175,1.7741807582446806e-08,1.8801480637766064e-07,4.1660590220186604e-07,8.9676816254536111e-08,9.5654459078924426e-11,2.5450927603692353e-13,3.5980752044476446e-08,2.5072603147333988e-07,0.0053868614922899724,0.022753323451436134,3.790197446794075e-07,1.2516929096647144e-07,4.2563540545575442e-05,1.1033768835619856e-09,3.6210359405286575e-06,5.2511938655169411e-08
1.825435192215608e-06,0.11640260799999998,0.8585084662769803,0.0,0.0,0.30934262336781349,0.1126778395628126,0.011412591225186394,1.0301574698786034e-18,2.5319937754053289e-05,0.00025310171280468863,4.7224589470681975e-11,5.2638601495743915e-06,2.1629343461213621e-07,0.00059328462343458013,1.7953215810251869e-08,1.8856183944779886e-07,4.1903785851673778e-07,9.0282206852282176e-08,9.6480591626037686e-11,2.5817945249440106e-13,3.6005452724185697e-08,2.5322415122458831e-07,0.005386177174075339,0.022792058724552266,3.793391403701542e-07,1.2542431582617233e-07,4.2572554097470555e-05,1.1107095161800691e-09,3.6255052955802681e-06,5.2506673278366062e-08
1.8302088455038856e-06,0.11640260799999998,0.8585084662769803,0.0,0.0,0.30930463337899156,0.11267748670091106,0.011393174115292412,1.0478925315840904e-18,2.5493374155430544e-05,0.00025344085267009812,4.7812536255775604e-11,5.3031493389040511e-06,2.1722050112535352e-07,0.00059422936224805419,1.8166193900305163e-08,1.891077246185343e-07,4.2147018970163664e-07,9.0889327423033383e-08,9.7310026871520492e-11,2.6188716878307212e-13,3.6029660502815827e-08,2.5573682754375271e-07,0.0053854943428355336,0.022830717698228295,3.7965636509710306e-07,1.2567852986909388e-07,4.2581393652735318e-05,1.1180633913214011e-09,3.629933333461967e-06,5.2500836620345658e-08
1.834982498792163e-06,0.11640260799999998,0.8585084662769803,0.0,0.0,0.3092667182408616,0.11267713724431179,0.011373794792416068,1.0658599204813316e-18,2.5667354104926869e-05,0.00025377714817518854,4.8405544813140072e-11,5.3425630422257367e-06,2.181474517299174e-07,0.00059516893054901575,1.8380744079610971e-08,1.8965245523253592e-07,4.2390282856689884e-07,9.1498172568179277e-08,9.8142751081086694e-11,2.6563261964079289e-13,3.6053378492989812e-08,2.5826406256276123e-07,0.0053848129944328478,0.022869300555114432,3.799714351997562e-07,1.2593193474881497e-07,4.2590060540080623e-05,1.1254384461426363e-09,3.6343202426305572e-06,5.2494433575354676e-08
1.8397561520804405e-06,0.11640260799999998,0.8585084662769803,0.0,0.0,0.30922887777392966,0.11267679117403041,0.011354453166185862,1.0840615788728365e-18,2.5841876249169634e-05,0.00025411061134991681,4.9003635285130834e-11,5.3821007716259718e-06,2.1907427644572297e-07,0.00059610335254488571,1.8596868518405285e-08,1.901960247611797e-07,4.2633570837914496e-07,9.2108736892769804e-08,9.8978750432885644e-11,2.694159991976866e-13,3.607660980495162e-08,2.608058580121874e-07,0.00538413312473784,0.022907807477307945,3.8028436692906986e-07,1.2618453212883563e-07,4.2598556079133303e-05,1.1328346177127714e-09,3.6386662117284516e-06,5.2487469015261144e-08
1.844529805368718e-06,0.11640260799999998,0.8585084662769803,0.0,0.0,0.30919111179925318,0.11267644847104671,0.011335149146507561,1.1024994528282496e-18,2.6016939231092972e-05,0.00025444125424577087,4.9606827729764406e-11,5.4217620391828384e-06,2.2000096537874921e-07,0.00059703265247060191,1.8814569330379019e-08,1.9073842680380423e-07,4.2876876286375338e-07,9.2721015005791563e-08,9.9818011019272513e-11,2.7323750096831434e-13,3.6099357546278146e-08,2.6336221522398562e-07,0.0053834547296294326,0.022946238646355237,3.8059517644752878e-07,1.2643632368238604e-07,4.2606881580492443e-05,1.1402518430168158e-09,3.6429714295649436e-06,5.2479947789452406e-08
1.8493034586569955e-06,0.11640260799999998,0.8585084662769803,0.0,0.0,0.30915342013843922,0.11267610911630715,0.011315882643563105,1.1211754920940973e-18,2.6192541690022535e-05,0.00025476908893445096,5.0215142120185029e-11,5.4615463570073485e-06,2.2092750872066023e-07,0.00059795685458605651,1.9033848572904665e-08,1.9127965508696177e-07,4.3120192620726949e-07,9.333500152044187e-08,1.0066051884857333e-10,2.7709731784393438e-13,3.6121624821594599e-08,2.6593313513423592e-07,0.0053827778049949657,0.022984594243253907,3.8090387982918725e-07,1.2668731109215924e-07,4.2615038345774036e-05,1.1476900589589562e-09,3.6472360850977132e-06,5.2471874724711286e-08
1.854077111945273e-06,0.11640260799999998,0.8585084662769803,0.0,0.0,0.30911580261364141,0.11267577309072702,0.011296653567809525,1.1400916500036276e-18,2.6368682261759775e-05,0.00025509412750657093,5.0828598344143439e-11,5.5014532372841908e-06,2.2185389674840461e-07,0.00059887598317357881,1.9254708247268984e-08,1.9181970346365741e-07,4.3363513305970533e-07,9.3950691054397762e-08,1.0150625984684039e-10,2.8099564208490565e-13,3.6143414732296009e-08,2.6851861828590521e-07,0.0053821023467302952,0.023022874448454852,3.8121049305960888e-07,1.2693749605007081e-07,4.2623027667658673e-05,1.1551492023658117e-09,3.6514603674146307e-06,5.2463254625071437e-08
1.8636244185218279e-06,0.11640260799999998,0.8585084662769803,0.0,0.0,0.30904078926343242,0.11267511095056511,0.011258307341072247,1.1786521524805174e-18,2.672257226973375e-05,0.00025573586475057241,5.2071015413704029e-11,5.5816327345396798e-06,2.2370616839317539e-07,0.00060069911699168446,1.9701176617688065e-08,1.9289623653727521e-07,4.3850141822143408e-07,9.5187157674892709e-08,1.0320738465355743e-10,2.8890857850571858e-13,3.6185574847669711e-08,2.7373327453652927e-07,0.0053807558129367224,0.023099209402845822,3.8181751256688097e-07,1.2743546542280774e-07,4.2638509107623931e-05,1.1701300185114919e-09,3.6597885692971455e-06,5.2444392422794883e-08
1.8722169944407274e-06,0.11640260799999998,0.8585084662769803,0.0,0.0,0.30897352902039266,0.11267452621813275,0.01122392284530126,1.2141974765653454e-18,2.704289986781904e-05,0.00025630398718713286,5.3206973594821075e-11,5.6542085548034695e-06,2.2537258588917783e-07,0.00060232282993578988,2.0108422165111854e-08,1.9386102191831902e-07,4.42880577640684e-07,9.6305748064820878e-08,1.0474931160466303e-10,2.9616383205243922e-13,3.6221917402069396e-08,2.7847626894457875e-07,0.0053795489065111921,0.023167654821353488,3.8235684036329049e-07,1.2788091062732319e-07,4.2651882534337807e-05,1.1836836897412344e-09,3.6671477735625611e-06,5.2425593305587314e-08
1.880809570359627e-06,0.11640260799999998,0.8585084662769803,0.0,0.0,0.30890650623696003,0.11267395197419366,0.011189658233517558,1.2505513177219511e-18,2.7364949582956725e-05,0.00025686323897083891,5.435989665536027e-11,5.7271738984457409e-06,2.2703835280941744e-07,0.00060393048305685463,2.0520816898090621e-08,1.9482189450142948e-07,4.4725888310973626e-07,9.742977276351297e-08,1.0630149156849882e-10,3.0354680988745533e-13,3.6256761352128615e-08,2.8326643902672359e-07,0.0053783466876926945,0.023235858752360936,3.8288964063763881e-07,1.2832378259893666e-07,4.2664733145547923e-05,1.1973041802744234e-09,3.6743791133939028e-06,5.240509545576119e-08
1.8894021462785265e-06,0.11640260799999998,0.8585084662769803,0.0,0.0,0.30883971989543468,0.11267338810661921,0.011155512993313915,1.2877251856461424e-18,2.7688713342413178e-05,0.00025741369113424235,5.5529897428484766e-11,5.8005259283334208e-06,2.2870341547909457e-07,0.00060552221846421985,2.093837049280869e-08,1.9577882290606422e-07,4.5163597053210174e-07,9.8559200576921698e-08,1.0786383971900769e-10,3.1105860950992045e-13,3.6290124633667951e-08,2.8810377410426713e-07,0.005377149132862984,0.023303822228758091,3.8341600342448345e-07,1.2876409150971334e-07,4.2677068164118438e-05,1.210991119293351e-09,3.681483693968851e-06,5.2382926053149626e-08
1.897994722197426e-06,0.11640260799999998,0.8585084662769803,0.0,0.0,0.30877316898369067,0.11267283450312925,0.01112148661508703,1.3257306205434902e-18,2.8014183042839258e-05,0.00025795541481165722,5.6717087813217537e-11,5.87426181114775e-06,2.3036772108594609e-07,0.00060709817831587816,2.1361092057043147e-08,1.9673177701551929e-07,4.5601148082642155e-07,9.9694000377877683e-08,1.0943627050337945e-10,3.1870032123660103e-13,3.6322025128213687e-08,2.9298825959659407e-07,0.0053759562184986977,0.023371546277857203,3.8393601783421325e-07,1.2920184761133872e-07,4.268889472329248e-05,1.2247441354119907e-09,3.6884626204808156e-06,5.235911203040781e-08
1.9065872981163255e-06,0.11640260799999998,0.8585084662769803,0.0,0.0,0.30870685249513546,0.1126722910513306,0.011087578592018022,1.3645791914541045e-18,2.8341350551716461e-05,0.00025848848121781529,5.7921578766415464e-11,5.9483787180558684e-06,2.3203121767234457e-07,0.00060865850477737277,2.1788990135375324e-08,1.9768072796128898e-07,4.6038505995429382e-07,1.0083414111042971e-07,1.1101869767366933e-10,3.2647302808041409e-13,3.6352480658592258e-08,2.979198770753064e-07,0.0053747679211725305,0.023439031921430372,3.8444977205488652e-07,1.2963706123128141e-07,4.2700219867653212e-05,1.2385628567313357e-09,3.6953169978424926e-06,5.2333680071441122e-08
1.915179874035225e-06,0.11640260799999998,0.8585084662769803,0.0,0.0,0.30864076942867141,0.11267175763875435,0.011053788420053185,1.4042824945852206e-18,2.8670207708775467e-05,0.00025901296162713635,5.9143480295102572e-11,6.0228738253631863e-06,2.336938541273469e-07,0.00061020333998193879,2.222207271454752e-08,1.9862564810722549e-07,4.6475635894513547e-07,1.0197959179404307e-07,1.1261103431807443e-10,3.3437780563337581e-13,3.6381508984688986e-08,3.0289860431865629e-07,0.0053735842175543815,0.023506280175746717,3.8495735335424475e-07,1.3006974276909664e-07,4.2711050554089409e-05,1.2524469108935683e-09,3.7020479303986043e-06,5.2306656609977399e-08
1.9237724499541246e-06,0.11640260799999998,0.8585084662769803,0.0,0.0,0.30857491878865717,0.11267123415289189,0.011020115597884817,1.4448521516521165e-18,2.9000746327388992e-05,0.00025952892735358756,6.0382901449147754e-11,6.0977443151472931e-06,2.3535558017870015e-07,0.00061173282599182401,2.2660347228953261e-08,1.9956651103352353e-07,4.6912503391823544e-07,1.0313032152766317e-07,1.1421319289186794e-10,3.4241572195379872e-13,3.6409127799362948e-08,3.0792441536623677e-07,0.0053724050844124321,0.023573292051609247,3.8545884808206877e-07,1.3049990269271246e-07,4.2721393652750899e-05,1.266395925134872e-09,3.7086565216473626e-06,5.2278067828275348e-08
1.932365025873024e-06,0.11640260799999998,0.8585084662769803,0.0,0.0,0.30850929958486967,0.11267072048123003,0.010986559626932299,1.4862998082280618e-18,2.9332958195938762e-05,0.00026003644973113688,6.1639950314291361e-11,6.1729873758732313e-06,2.370163463848073e-07,0.00061324710476079165,2.3103820566258891e-08,2.0050329152054235e-07,4.7349074610199467e-07,1.0428629949364367e-07,1.1582508524797751e-10,3.5058783745780943e-13,3.6435354724518673e-08,3.1299728057390648e-07,0.0053712304986141789,0.023640068554391418,3.8595434167283888e-07,1.309275515348566e-07,4.2731255947992023e-05,1.2804095263372628e-09,3.7151438739707227e-06,5.2247939656000081e-08
1.9409576017919237e-06,0.11640260799999998,0.8585084662769803,0.0,0.0,0.30844391083246558,0.11267021651128514,0.010953120011323253,1.528637132103852e-18,2.9666835079157869e-05,0.00026053560009477416,6.2914734005510456e-11,6.248600202990701e-06,2.3867610412665834e-07,0.00061474631809776688,2.3552499073146637e-08,2.0143596553248515e-07,4.7785316185048073e-07,1.054474949615449e-07,1.1744662266720597e-10,3.5889520481507047e-13,3.646020730732815e-08,3.1811716666891238e-07,0.005370060437127424,0.023706610684073478,3.8644391864851022e-07,1.3135269988962292e-07,4.2740644139307723e-05,1.2944873410794387e-09,3.7215110883730603e-06,5.2216297769227242e-08
1.949550177710823e-06,0.11640260799999998,0.8585084662769803,0.0,0.0,0.308378751551944,0.11266972213063592,0.010919796257874918,1.5718758116575324e-18,3.0002368719448435e-05,0.00026102644976208866,6.4207358660717963e-11,6.3245799995134641e-06,2.4033480559973299e-07,0.00061623060763159635,2.4006388561173037e-08,2.0236451020095261e-07,4.8221195265736603e-07,1.0661387729180442e-07,1.1907771588808783e-10,3.6733886884867691e-13,3.6483703016599833e-08,3.2328403680517888e-07,0.0053688948770212186,0.023772919435278365,3.8692766262160458e-07,1.3177535840899412e-07,4.2749564842267035e-05,1.3086289956862398e-09,3.7277592642280765e-06,5.2183167589562779e-08
1.9581427536297227e-06,0.11640260799999998,0.8585084662769803,0.0,0.0,0.30831382076910918,0.11266923722695552,0.01088658787607566,1.6160275542348472e-18,3.0339550838174822e-05,0.00026150907001539072,6.5517929434792054e-11,6.4009239765811931e-06,2.4199240380587688e-07,0.00061770011477690738,2.4465494312736323e-08,2.0328890380838382e-07,4.8656679516731671e-07,1.0778541593928283e-07,1.2071827513637578e-10,3.7591986643917953e-13,3.6505859239291295e-08,3.284978506187348e-07,0.0053677337954667519,0.023838995797307465,3.874056562985677e-07,1.3219553779952183e-07,4.2758024589441695e-05,1.3228341162771928e-09,3.7338894990337387e-06,5.2148574283417749e-08
1.9667353295486223e-06,0.11640260799999998,0.8585084662769803,0.0,0.0,0.30824911751503364,0.11266876168804246,0.010853494378066627,1.6611040845409778e-18,3.0678373136932566e-05,0.00026198353208437577,6.6846550493932077e-11,6.4776293540039192e-06,2.4364885254515629e-07,0.00061915498070104393,2.4929821087147479e-08,2.0420912577140053e-07,4.9091737118488638e-07,1.0896208045668634e-07,1.2236821015415017e-10,3.8463922643271531e-13,3.6526693277163214e-08,3.3375856428325531e-07,0.0053665771697382018,0.023904840754176017,3.8787798148316367e-07,1.3261324881918822e-07,4.2766029831326228e-05,1.3371023288142725e-09,3.7399028881751866e-06,5.2112542761405431e-08
1.975327905467522e-06,0.11640260799999998,0.8585084662769803,0.0,0.0,0.30818464082602171,0.11266829540185072,0.010820515278623573,1.7071171430440824e-18,3.1018827298793212e-05,0.00026244990712931545,6.8193325010338296e-11,6.5546933607893565e-06,2.4530410640769562e-07,0.00062059534629206473,2.5399373126799311e-08,2.0512515662406692e-07,4.9526336768097758e-07,1.1014384049786881e-07,1.2402743022854653e-10,3.9349796955320886e-13,3.654622234357175e-08,3.3906613056569113e-07,0.005365424977213545,0.02397045528464822,3.8834471908020048e-07,1.3302850227415761e-07,4.2773586937250381e-05,1.3514332591481303e-09,3.7458005246954682e-06,5.2075097677832474e-08
1.9839204813864213e-06,0.11640260799999998,0.8585084662769803,0.0,0.0,0.30812038974357259,0.11266783825651866,0.010787650095138837,1.7540784843911473e-18,3.1360904989525448e-05,0.00026290826622476902,6.9558355157209905e-11,6.6321132356532897e-06,2.4695812076549993e-07,0.00062202135212777719,2.5874154163427592e-08,2.0603697800107878e-07,4.9960447679693474e-07,1.1133066582101532e-07,1.2569584422009626e-10,4.0249710831859973e-13,3.6564463560396026e-08,3.444204988819583e-07,0.0053642771953753207,0.024035840362272107,3.8880594909953365e-07,1.3344130901566243e-07,4.2780702196285432e-05,1.3658265330633863e-09,3.7515834990738754e-06,5.2036263430334048e-08
1.992513057305321e-06,0.11640260799999998,0.8585084662769803,0.0,0.0,0.30805636331434505,0.11266739014039712,0.010754898347603455,1.8019998758366359e-18,3.1704597858792814e-05,0.00026335868034380099,7.0941742104057382e-11,6.709886227513385e-06,2.4861085176426874e-07,0.00062343313844579027,2.6354167424458284e-08,2.0694457262089576e-07,5.0394039584634151e-07,1.1252252629171011e-07,1.2737336059067574e-10,4.1163764696104628e-13,3.6581433955097587e-08,3.4982161535266315e-07,0.0053631338018113525,0.02410099695541407,3.8926175065999746e-07,1.3385167993714889e-07,4.2787381818143585e-05,1.3802817763234756e-09,3.7572528990117343e-06,5.1996064159629148e-08
2.0011056332242204e-06,0.11640260799999998,0.8585084662769803,0.0,0.0,0.30799256059012148,0.11266695094207678,0.010722259558589442,1.8508930956843938e-18,3.2049897541328489e-05,0.00026380122034269649,7.2343586012324327e-11,6.7880095959666054e-06,2.502622563152015e-07,0.00062483084511456074,2.6839415639435352e-08,2.0784792426882908e-07,5.0827082731458266e-07,1.1371939188589145e-07,1.2905988743106084e-10,4.2092058135106237e-13,3.6597150457908759e-08,3.5526942285883868e-07,0.0053619947742154202,0.024165926027293203,3.8971220199367257e-07,1.3425962597125467e-07,4.2793631934071581e-05,1.3947986147138215e-09,3.7628098092255146e-06,5.1954523749347246e-08
2.00969820914312e-06,0.11640260799999998,0.8585084662769803,0.0,0.0,0.30792898062777263,0.11266652055041428,0.010689733253232209,1.9007699317432612e-18,3.2396795658086908e-05,0.00026423595694616563,7.3763986031314524e-11,6.8664806117505384e-06,2.5191229208680101e-07,0.00062621461160541772,2.7329901046523594e-08,2.0874701778009746e-07,5.1259547885623647e-07,1.1492123269269512e-07,1.3075533248808223e-10,4.3034689892553859e-13,3.6611629899146955e-08,3.6076386109766622e-07,0.0053608600903879127,0.024230628536015292,3.9015738045046855e-07,1.3466515808687309e-07,4.2799458597737301e-05,1.4093766740839108e-09,3.768255311247089e-06,5.191166582598546e-08
2.0182907850620195e-06,0.11640260799999998,0.8585084662769803,0.0,0.0,0.30786562248922233,0.11266609885455767,0.010657318959213126,1.9516421797968204e-18,3.2745283817372977e-05,0.00026466296073302502,7.5203040294420276e-11,6.9452965571888463e-06,2.5356091749667645e-07,0.00062758457696554168,2.7825625399081277e-08,2.0964183902286128e-07,5.169140632903548e-07,1.1612801891718962e-07,1.3245960319137765e-10,4.3991757861960395e-13,3.6624889006651994e-08,3.6630486663816289e-07,0.0053597297282364197,0.024295105434606567,3.9059736250249926e-07,1.3506828728658474e-07,4.2804867786107972e-05,1.4240155803894294e-09,3.7735904832309868e-06,5.1867513758987564e-08
2.026883360980919e-06,0.11640260799999998,0.8585084662769803,0.0,0.0,0.30780248524141307,0.11266568574397104,0.010625016206742232,2.0035216420876931e-18,3.3095353615949064e-05,0.00026508230212234958,7.6660845915647049e-11,7.0244547266211061e-06,2.5520809170334935e-07,0.00062894087979188228,2.8326589972297306e-08,2.1053237488124802e-07,5.2122629859369628e-07,1.1733972088300459e-07,1.3417260667973968e-10,4.4963359080227977e-13,3.6636944403343816e-08,3.7189237297680862e-07,0.0053586036657763039,0.024359357671047174,3.9103222374881047e-07,1.3546902460385441e-07,4.2809865400321943e-05,1.4387149597325881e-09,3.7788163997685134e-06,5.1822090660874284e-08
2.0354759368998185e-06,0.11640260799999998,0.8585084662769803,0.0,0.0,0.3077395679562715,0.11266528110845803,0.010592824528541095,2.056420125816765e-18,3.3446996640119694e-05,0.00026549405136008271,7.8137498986430411e-11,7.1039524268173344e-06,2.5685377459806699e-07,0.00063028365820599376,2.8832795569887683e-08,2.1141861323837794e-07,5.2553190789197271e-07,1.1855630903485521e-07,1.3589424982705439e-10,4.5949589721587229e-13,3.6647812604897427e-08,3.7752631059309361e-07,0.0053574818811312182,0.02442338618830444,3.9146203892050572e-07,1.3586738110022693e-07,4.281445726655495e-05,1.4534744384009235e-09,3.7839341317085851e-06,5.1775419387486137e-08
2.044068512818718e-06,0.11640260799999998,0.8585084662769803,0.0,0.0,0.30767686971067432,0.11266488483818492,0.01056074345982581,2.1103494416577267e-18,3.3800204466794639e-05,0.00026589827850609658,7.9633094572740001e-11,7.1837869773773907e-06,2.5849792679662293e-07,0.00063161304982976732,2.9344242530846307e-08,2.1230054295940174e-07,5.2983061944916897e-07,1.1977775394096459e-07,1.3762443926782976e-10,4.695054509190549e-13,3.6657510017532211e-08,3.832066070049638e-07,0.0053563643525335958,0.024487191924365759,3.9188688188547761e-07,1.3626336786304927e-07,4.2818649136877459e-05,1.4682936429069308e-09,3.7889447459851072e-06,5.1727522538354439e-08
2.0526610887376176e-06,0.11640260799999998,0.8585084662769803,0.0,0.0,0.30761438958641407,0.1126644968237025,0.010528772538290126,2.1653214022872766e-18,3.4154968664530781e-05,0.00026629505342169193,8.1147726712466654e-11,7.263955711115605e-06,2.6014050963119227e-07,0.00063292919176204273,2.9860930736245004e-08,2.131781538745593e-07,5.3412216665499982e-07,1.2100402629538673e-07,1.3936308142231152e-10,4.7966319623358568e-13,3.6666052935913129e-08,3.8893318682414415e-07,0.0053552510583251165,0.024550775812271313,3.9230682565349939e-07,1.3665699600290235e-07,4.2822446690105211e-05,1.4831722000258467e-09,3.7938493054507528e-06,5.1678422457106105e-08
2.061253664656517e-06,0.11640260799999998,0.8585084662769803,0.0,0.0,0.30755212667016613,0.11266411695596751,0.010496911304088731,2.2213478209313251e-18,3.4511280794552353e-05,0.00026668444575753098,8.2681488413087844e-11,7.3444559744308123e-06,2.617814851421794e-07,0.00063423222055608217,3.0382859616078157e-08,2.1405143676226992e-07,5.3840628801055726e-07,1.2223509692023162e-07,1.4111008252118464e-10,4.8997006869460861e-13,3.6673457541160546e-08,3.9470597181131925e-07,0.0053541419769571087,0.024614138780146535,3.9272194238187484e-07,1.3704827665086794e-07,4.282585553264442e-05,1.4981097368310283e-09,3.7986488687170525e-06,5.1628141231957828e-08
2.0698462405754167e-06,0.11640260799999998,0.8585084662769803,0.0,0.0,0.30749008005345513,0.11266374512636292,0.010465159299820661,2.2784405099275195e-18,3.4869132411750409e-05,0.00026706652494199032,8.4234471649606499e-11,7.4252851276621018e-06,2.63420816070085e-07,0.0006355222721978835,3.0910028156147095e-08,2.1492038333226136e-07,5.4268272711221136e-07,1.2347093676779512e-07,1.4286534862985864e-10,5.0042699500448402e-13,3.6679739898966504e-08,4.0052488093115217e-07,0.0053530370869909446,0.024677281751234247,3.9313230338045286e-07,1.3743722095654122e-07,4.2828881199327656e-05,1.5131058807312465e-09,3.8033444900006021e-06,5.1576700696348151e-08
2.0784388164943162e-06,0.11640260799999998,0.8585084662769803,0.0,0.0,0.30742824883262221,0.11266338122671793,0.010433516070512863,2.3366112793043918e-18,3.5228515065662154e-05,0.00026744136016992848,8.5806767362759088e-11,7.5064405454305297e-06,2.6505846584739168e-07,0.00063679948208531824,3.1442434904979739e-08,2.1578498620874889e-07,5.4695123263382123e-07,1.2471151692259597e-07,1.4462878567233619e-10,5.1103489299009192e-13,3.6684915957814371e-08,4.063898304071249e-07,0.0053519363670983863,0.024740205643926632,3.9353797911697265e-07,1.3782384008573247e-07,4.2831529154242515e-05,1.5281602595064041e-09,3.8079372189752446e-06,5.1524122429591471e-08
2.0870313924132157e-06,0.11640260799999998,0.8585084662769803,0.0,0.0,0.30736663210879195,0.11266302514932669,0.010401981163603864,2.3958719353774201e-18,3.5589420301429234e-05,0.00026780902039185654,8.7398465457488086e-11,7.5879196169670455e-06,2.6669439859047311e-07,0.00063806398500807534,3.1980077980780873e-08,2.1664523891366986e-07,5.5121155830731098e-07,1.2595680860332085e-07,1.4640029945466381e-10,5.2179467156355561e-13,3.6689001547299363e-08,4.1230073377617818e-07,0.0053508397960619122,0.024802911371796858,3.939390392232385e-07,1.3820814521772914e-07,4.2833804791556037e-05,1.5432725013392176e-09,3.8124281006301214e-06,5.1470427757591414e-08
2.0956239683321153e-06,0.11640260799999998,0.8585084662769803,0.0,0.0,0.30730522898784057,0.11266267678696669,0.010370554128927595,2.4562342793622614e-18,3.5951839660736043e-05,0.00026816957430350532,8.9009654801674206e-11,7.6697197464269214e-06,2.6832857909152768e-07,0.00063931591512839201,3.2522955078408889e-08,2.1750113584998488e-07,5.5546346290166862e-07,1.272067831646813e-07,1.4817979568796401e-10,5.3270723068632587e-13,3.6692012376547384e-08,4.1825750194313802e-07,0.005349747352775003,0.024865399843630544,3.943355525003659e-07,1.3859014754358856e-07,4.283571343632932e-05,1.5584422348502178e-09,3.8168181751334661e-06,5.1415637753703802e-08
2.104216544251015e-06,0.11640260799999998,0.8585084662769803,0.0,0.0,0.30724403858036331,0.11266233603291638,0.010339234518697357,2.5177101060054215e-18,3.6315764682729044e-05,0.0002685230903357789,9.0640423225123564e-11,7.7518383531908989e-06,2.6996097281053858e-07,0.00064055540596255416,3.3071063476374508e-08,2.183526722850499e-07,5.5970671020042452e-07,1.2846141209918305e-07,1.4996718001104842e-10,5.4377346133657137e-13,3.6693964032729372e-08,4.2426004323490835e-07,0.0053486590162423932,0.024927671963456955,3.9472758692423547e-07,1.3896985826418171e-07,4.2837260345323645e-05,1.5736690891321596e-09,3.8211084777019776e-06,5.135977323961749e-08
2.1128091201699143e-06,0.11640260799999998,0.8585084662769803,0.0,0.0,0.30718306000164247,0.11266200278097191,0.010308021887489891,2.5803112022325828e-18,3.6681186904915695e-05,0.00026886963664508591,9.229085751880544e-11,7.8342728721533548e-06,2.7159154586726439e-07,0.00064178259036315011,3.3624400043857466e-08,2.1919984433406907e-07,5.6394106897766005e-07,1.2972066703881056e-07,1.5176235801261239e-10,5.5499424547981557e-13,3.669487197966903e-08,4.3030826345441575e-07,0.0053475747655803109,0.0249897286305799,3.951152096522188e-07,1.3934728858735339e-07,4.2838450707803936e-05,1.5889526937776027e-09,3.8253000384756234e-06,5.1302854786257876e-08
2.121401696088814e-06,0.11640260799999998,0.8585084662769803,0.0,0.0,0.30712229237161653,0.11266167692546342,0.010276915792229602,2.6440493458148262e-18,3.7048097864043965e-05,0.00026920928110404143,9.3961043434335614e-11,7.9170207539977184e-06,2.7322026503325908e-07,0.00064299760050206059,3.4182961247737106e-08,2.2004264894363396e-07,5.6816631297260463e-07,1.3098451975662849e-07,1.5356523525301045e-10,5.663704560427644e-13,3.6694751556540955e-08,4.3640206593429025e-07,0.0053464945800166582,0.025051570739608467,3.9549848702864256e-07,1.3972244972645865e-07,4.283928964633248e-05,1.6042926789114061e-09,3.8293938823978147e-06,5.1244902714850731e-08
2.1299942720077134e-06,0.11640260799999998,0.8585084662769803,0.0,0.0,0.30706173481484839,0.11266135836127039,0.010245915792172888,2.7089363040529367e-18,3.7416489096964246e-05,0.00026954209129253002,9.5651065683701044e-11,8.0000794654594114e-06,2.7484709772392767e-07,0.00064420056785416369,3.4746743159632929e-08,2.2088108387535616e-07,5.7238222086286918e-07,1.3225294216830236e-07,1.5537571728561372e-10,5.7790295689026564e-13,3.669361797665715e-08,4.4254135159026637e-07,0.0053454184388912057,0.025113199180487489,3.9587748459015581e-07,1.4009535289887466e-07,4.2839782217552024e-05,1.6196886752250221e-09,3.8333910291007825e-06,5.1185937098010291e-08
2.138586847926613e-06,0.11640260799999998,0.8585084662769803,0.0,0.0,0.30700138646049407,0.11266104698383672,0.010215021448892622,2.7749838324799942e-18,3.7786352141471473e-05,0.00026986813448912219,9.7361007939220669e-11,8.0834464895765482e-06,2.7647201199061507e-07,0.00064539162318174637,3.5315741462951287e-08,2.2171514768959904e-07,5.7658857623637129e-07,1.3352590633353977e-07,1.5719370967774916e-10,5.8959260280534013e-13,3.6691486326339266e-08,4.4872601897429047e-07,0.0053443463216557175,0.025174614838527714,3.9625226707305202e-07,1.4046600932294467e-07,4.2839933412968108e-05,1.6351403139994786e-09,3.8372924927960085e-06,5.1125977760807137e-08
2.1471794238455125e-06,0.11640260799999998,0.8585084662769803,0.0,0.0,0.30694124644227216,0.11266074268918494,0.010184232326262749,2.8422036735824096e-18,3.8157678537128063e-05,0.00027018747766283633,9.9090952833738239e-11,8.1671193259286664e-06,2.7809497651273236e-07,0.00064657089651959886,3.5889951459934536e-08,2.2254483972931489e-07,5.8078516756200392e-07,1.348033844574545e-07,1.5901911803122253e-10,6.0144023947222854e-13,3.6688371563874114e-08,4.5495596432732139e-07,0.005343278207874066,0.025235818594435869,3.9662289841899802e-07,1.4083443021667066e-07,4.2839748159722794e-05,1.650647227134643e-09,3.8410992821696278e-06,5.1065044282002423e-08
2.155771999764412e-06,0.11640260799999998,0.8585084662769803,0.0,0.0,0.30688131389843393,0.11266044537392959,0.010153547990443008,2.9106075555395813e-18,3.8530459826071031e-05,0.00027050018746523779,1.0084098196104202e-10,8.2510954908637356e-06,2.7971596058992269e-07,0.00064773851716077853,3.6469368078709007e-08,2.2337016010399354e-07,5.8497178815909211e-07,1.360853488918558e-07,1.6085184800242496e-10,6.1344670346239113e-13,3.6684288518550578e-08,4.6123108163180845e-07,0.0053422140772223358,0.025296811324344352,3.9698944178005106e-07,1.4120062679689541e-07,4.2839231321353736e-05,1.666209047185211e-09,3.8448124002826745e-06,5.1003155995326483e-08
2.1643645756833115e-06,0.11640260799999998,0.8585084662769803,0.0,0.0,0.30682158797173187,0.11266015493529062,0.01012296800986376,2.9802071909823059e-18,3.8904687553799917e-05,0.00027080633022286723,1.0261117587650744e-10,8.3353725177136693e-06,2.8133493413426584e-07,0.0006488946136430267,3.7053985880328404e-08,2.2419110967372664e-07,5.8914823616569496e-07,1.3737177213646327e-07,1.6269180532202517e-10,6.256128222234042e-13,3.6679251889774949e-08,4.6755126266383708e-07,0.0053411539094888744,0.025357593899840811,3.9735195952662432e-07,1.4156461027590902e-07,4.2838387698555299e-05,1.6818254073786713e-09,3.8484328444760507e-06,5.0940331990689114e-08
2.172957151602211e-06,0.11640260799999998,0.8585084662769803,0.0,0.0,0.30676206780939086,0.11265987127110549,0.010092491955210984,3.0510142757700753e-18,3.9280353269945276e-05,0.00027110597192999195,1.0440161409795696e-10,8.4199479569986565e-06,2.8295186766252723e-07,0.0006500393137358261,3.7643799065809068e-08,2.2500769003339352e-07,5.9331431450579423e-07,1.3866262684005053e-07,1.6453889581424855e-10,6.3793941407069206e-13,3.667327624626296e-08,4.7391639704492743e-07,0.0053400976845743436,0.025418167187997401,3.9771051325363691e-07,1.4192639186011716e-07,4.2837222029933593e-05,1.6974959416396776e-09,3.8519616062800651e-06,5.0876591115553153e-08
2.1815497275211106e-06,0.11640260799999998,0.8585084662769803,0.0,0.0,0.30670275256307739,0.11265959427984135,0.010062119399411347,3.1230404877873767e-18,3.9657448529023489e-05,0.00027139917824166971,1.0621237510673382e-10,8.5048193766204612e-06,2.8456673228844745e-07,0.00065117274442807614,3.8238801483154093e-08,2.2581990349697312e-07,5.9746983085542083e-07,1.3995788580151964e-07,1.66393025415745e-10,6.5042728818203539e-13,3.6666376025306148e-08,4.8032637229347556e-07,0.0053390453824917177,0.0254785320513999,3.9806516378481657e-07,1.4228598275020016e-07,4.2835738992740813e-05,1.7132202846303691e-09,3.8553996713284969e-06,5.0811951976388007e-08
2.19014230344001e-06,0.11640260799999998,0.8585084662769803,0.0,0.0,0.30664364138887079,0.11265932386060599,0.010031849917617429,3.1962974857591071e-18,4.0035964891173273e-05,0.00027168601446712085,1.0804353634898417e-10,8.5899843620450246e-06,2.8617949971507895e-07,0.00065229503191637872,3.8838986634362863e-08,2.2662775308198613e-07,6.0161459760776583e-07,1.4125752197090618e-07,1.6825410019404691e-10,6.6307724459479694e-13,3.6658565532110347e-08,4.8678107387582508e-07,0.0053379969833662975,0.025538689348176494,3.9841597118132735e-07,1.4264339413728349e-07,4.2833943203614307e-05,1.7289980717633431e-09,3.858748019277016e-06,5.074643294000584e-08
2.1987348793589097e-06,0.11640260799999998,0.8585084662769803,0.0,0.0,0.30658473344723369,0.1126590599131589,0.010001683087193037,3.2707969080851759e-18,4.0415893922871732e-05,0.00027196654556339888,1.0989517423714336e-10,8.6754405164745375e-06,2.8779014222716809e-07,0.00065340630159391535,3.9444347682423073e-08,2.2743124249407252e-07,6.0574843183731971e-07,1.4256150845031852e-07,1.7012202636561957e-10,6.7589007420580271e-13,3.6649858939204024e-08,4.9328038525695782e-07,0.0053369524674356629,0.02559863993202649,3.9876299474867047e-07,1.4299863720123859e-07,4.2831839219314928e-05,1.7448289392178698e-09,3.862007623725858e-06,5.0680052135042672e-08
2.2073274552778092e-06,0.11640260799999998,0.8585084662769803,0.0,0.0,0.30652602790298339,0.1126588023379214,0.0099716184876986625,3.346550371694391e-18,4.0797227197638987e-05,0.00027224083612935394,1.1176736415162184e-10,8.7611854610093086e-06,2.8939863268358439e-07,0.00065450667803990191,4.0054877458282326e-08,2.2823037611170659e-07,6.0987115526308574e-07,1.4386981849481296e-07,1.7199671031350598e-10,6.8886655877382448e-13,3.6640270285914756e-08,4.9982418795079716e-07,0.005335911815049629,0.025658384652248633,3.9910629303979014e-07,1.4335172311225982e-07,4.2829431537436108e-05,1.7607125239881875e-09,3.8651794521466725e-06,5.0612827453571339e-08
2.2159200311967088e-06,0.11640260799999998,0.8585084662769803,0.0,0.0,0.306467523925262,0.1126585510359862,0.0099416557008770463,3.4235694709176781e-18,4.1179956296726607e-05,0.00027250895039988046,1.1366018044268622e-10,8.8472168347995632e-06,2.9100494450979947e-07,0.00065559628500960255,4.0670568467796387e-08,2.2902515897105519e-07,6.1398259421091145e-07,1.4518242551320494e-07,1.7387805860456907e-10,7.0200747092459574e-13,3.6629813477911448e-08,5.0641236157010736e-07,0.0053348750066701707,0.025717924353769385,3.9944592386428206e-07,1.4370266302658532e-07,4.2826724597118966e-05,1.7766484638926787e-09,3.8682644658134083e-06,5.0544776552552713e-08
2.2245126071156083e-06,0.11640260799999998,0.8585084662769803,0.0,0.0,0.30640922068750942,0.11265830590912684,0.0099117943106388617,3.5018657763806973e-18,4.1564072809782655e-05,0.00027277095224044397,1.1557369643253061e-10,8.9335322951874815e-06,2.9260905169041525e-07,0.00065667524542490252,4.1291412898651202e-08,2.2981559675098157e-07,6.1808257957498192e-07,1.4649930306881873e-07,1.7576597800633299e-10,7.1531357415831167e-13,3.6618502286810245e-08,5.1304478387598552e-07,0.0053338420228713195,0.025777259877170812,3.9978194429664746e-07,1.440514680838246e-07,4.2823722779777367e-05,1.7926363975760978e-09,3.871263619737138e-06,5.0475916855392674e-08
2.233105183034508e-06,0.11640260799999998,0.8585084662769803,0.0,0.0,0.30635111736743387,0.11265806685980619,0.0098820339030484938,3.5814508339158834e-18,4.1949568335508363e-05,0.00027302690514187822,1.175079844175346e-10,9.0201295178397041e-06,2.9421092876174305e-07,0.00065774368136540466,4.1917402627256392e-08,2.3060169575819803e-07,6.2217094677851403e-07,1.4782042488017874e-07,1.7766037550342597e-10,7.2878562285954523e-13,3.660635034984249e-08,5.1972133082693545e-07,0.005332812844339065,0.025836392058718433,4.0011441067759127e-07,1.4439814941054533e-07,4.2820430409781438e-05,1.8086759645704316e-09,3.8741778626047244e-06,5.0406265553697454e-08
2.2416977589534074e-06,0.11640260799999998,0.8585084662769803,0.0,0.0,0.3062932131469846,0.11265783379118484,0.0098523740663099702,3.6623361634939605e-18,4.2336434482301844e-05,0.00027327687221544682,1.1946311567070222e-10,9.1070061968704731e-06,2.9581055080443533e-07,0.00065880171406004827,4.2548529225607138e-08,2.3138346291257007e-07,6.2624753573369707e-07,1.4914576482164144e-07,1.7956115831362905e-10,7.424243623095271e-13,3.6593371169582611e-08,5.2644187662751401e-07,0.0053317874518712064,0.025895321730388679,4.004433786235085e-07,1.4474271811573464e-07,4.2816851755145003e-05,1.8247668053040445e-09,3.8770081367212293e-06,5.0335839608835133e-08
2.250290334872307e-06,0.11640260799999998,0.8585084662769803,0.0,0.0,0.30623550721232329,0.11265760660712881,0.0098228143907529639,3.74453325817492e-18,4.2724662868873845e-05,0.00027352091618816383,1.2143916044427889e-10,9.1941600449557279e-06,2.974078934361704e-07,0.00065984946387924784,4.3184783968112541e-08,2.3216090573257623e-07,6.3031219080091697e-07,1.5047529692397029e-07,1.8146823390353143e-10,7.5623052870072589e-13,3.6579578113733786e-08,5.332062937765417e-07,0.0053307658263772083,0.025954049719896292,4.0076890303709528e-07,1.4508518528614119e-07,4.2812991028241963e-05,1.8409085610801831e-09,3.8797553779559554e-06,5.0264655753538039e-08
2.2588829107912064e-06,0.11640260799999998,0.8585084662769803,0.0,0.0,0.30617799875379714,0.1126573852122167,0.0097933544688189478,3.828053583078498e-18,4.3114245124857621e-05,0.00027375909939836361,1.2343618797254069e-10,9.281588793438296e-06,2.9900293280439099e-07,0.00066088705032751253,4.3826157838387691e-08,2.3293403232092466e-07,6.3436476074730327e-07,1.5180899537485675e-07,1.8338151000379722e-10,7.7020484915367505e-13,3.6564984414969804e-08,5.4001445311487337e-07,0.0053297479488780197,0.026012576850721437,4.0109103810614398e-07,1.4542556199259796e-07,4.2808852386465489e-05,1.8571008741553913e-09,3.8824205156920228e-06,5.019273049377988e-08
2.267475486710106e-06,0.11640260799999998,0.8585084662769803,0.0,0.0,0.30612068696591155,0.11265716951174681,0.0097639938950474167,3.912908574374125e-18,4.3505172891412264e-05,0.0002739914837915176,1.2545426647475257e-10,9.3692901924244484e-06,3.0059564557909695e-07,0.00066191459203654619,4.4472641536007345e-08,2.3370285135032883e-07,6.3840509870464191e-07,1.5314683451938821e-07,1.8530089462404585e-10,7.843480417359837e-13,3.6549603170831725e-08,5.4686622387271635e-07,0.005328733800505892,0.026070903942136632,4.0140983731255085e-07,1.457638592858301e-07,4.2804439932881071e-05,1.8733433877573306e-09,3.8850044727794052e-06,5.0120080110449848e-08
2.2760680626290055e-06,0.11640260799999998,0.8585084662769803,0.0,0.0,0.30606357104730231,0.11265695941174336,0.009734732266062248,3.9991096382903471e-18,4.3897437821790707e-05,0.00027421813091628715,1.2749346315829081e-10,9.4572620108720349e-06,3.021860089456953e-07,0.00066293220675882987,4.5124225483218985e-08,2.3446737204944579e-07,6.4243306212668262e-07,1.5448878886046033e-07,1.8722629606734963e-10,7.9866081548347701e-13,3.653344734367626e-08,5.5376147371649585e-07,0.0053277233625041711,0.026129031809233434,4.0172535344687972e-07,1.4610008818820301e-07,4.2799757716939975e-05,1.8896357460243102e-09,3.8875081654913082e-06,5.0046720660971892e-08
2.284660638547905e-06,0.11640260799999998,0.8585084662769803,0.0,0.0,0.30600665020070927,0.11265675481896262,0.0097055691805581698,4.0866681501436921e-18,4.4291031581902946e-05,0.00027443910192081214,1.2955384422192499e-10,9.5455020366703746e-06,3.0377400059790502e-07,0.00066394001136165371,4.5780899831613211e-08,2.3522760418897804e-07,6.4644851274588935e-07,1.5583483305914267e-07,1.8915762294435192e-10,8.1314387042340932e-13,3.6516529760675325e-08,5.6070006879525374e-07,0.0053267166162270689,0.026186961262949015,4.0203763860397994e-07,1.4643425970354153e-07,4.2794809735118526e-05,1.9059775941049602e-09,3.8899325034837885e-06,4.9972667981277932e-08
2.2923939568749147e-06,0.11640260799999998,0.8585084662769803,0.0,0.0,0.30595558756969948,0.1126565753176637,0.0096794063282601706,4.1666408048332959e-18,4.4646395237947879e-05,0.00027463317295548108,1.3142635372738661e-10,9.6251455641776602e-06,3.0520114723700346e-07,0.00066483874372513113,4.6376250685600589e-08,2.3590815489753726e-07,6.500516089920626e-07,1.570497488513048e-07,1.9090080810490822e-10,8.2632478162167126e-13,3.6500663127480727e-08,5.6698175272778682e-07,0.0053258136856806412,0.026238928794764659,4.0231597526116485e-07,1.4673326407906454e-07,4.2790132582534227e-05,1.9207272787344411e-09,3.892047305860589e-06,4.9905440769038832e-08
2.3001272752019243e-06,0.11640260799999998,0.8585084662769803,0.0,0.0,0.30590468172906837,0.11265640013535289,0.0096533226831292777,4.2477304276652836e-18,4.500282244959187e-05,0.00027482273954124175,1.3331612223275312e-10,9.705002977405558e-06,3.0662633956576787e-07,0.00066572970777102939,4.6975709026276371e-08,2.365852480733692e-07,6.536443664418023e-07,1.5826793878333441e-07,1.9264865294007875e-10,8.3964467801367455e-13,3.648419891330075e-08,5.7329833706862151e-07,0.0053249137169805866,0.026290736850631512,4.0259177348634872e-07,1.47030618849945e-07,4.2785246194436695e-05,1.9355165062549976e-09,3.894099216089181e-06,4.9837675925420683e-08
2.307860593528934e-06,0.11640260799999998,0.8585084662769803,0.0,0.0,0.30585393210603362,0.11265622920559766,0.00962731795686321,4.3299452432778645e-18,4.5360307169757193e-05,0.00027500784540958339,1.3522319591545246e-10,9.7850727033259903e-06,3.0804956235113042e-07,0.00066661298683550277,4.7579267138091015e-08,2.3725889191121236e-07,6.5722669301222542e-07,1.5948938471291989e-07,1.9440109151987227e-10,8.5310405130779687e-13,3.6467146188585068e-08,5.7964972126958293e-07,0.0053240166967634802,0.026342386013195634,4.0286506984929549e-07,1.4732633198313242e-07,4.2780153376762232e-05,1.9503450200665572e-09,3.8960888834199609e-06,4.9769384541656868e-08
2.3155939118559437e-06,0.11640260799999998,0.8585084662769803,0.0,0.0,0.30580333813044003,0.11265606246245835,0.0096013918624852611,4.4132934537230615e-18,4.5718843360998542e-05,0.00027518853402128102,1.3714762030026156e-10,9.8653531814841648e-06,3.0947080067618632e-07,0.00066748866366164402,4.8186917144267879e-08,2.3792909492779329e-07,6.6079849931690747e-07,1.6071406860214731e-07,1.9615805814905477e-10,8.6670338737154706e-13,3.644951393537299e-08,5.8603580389977954e-07,0.0053231226117379914,0.026393876862442302,4.0313590047697955e-07,1.4762041143275284e-07,4.2774856902279718e-05,1.9652125643320833e-09,3.8980169526797451e-06,4.9700577568277373e-08
2.3233272301829533e-06,0.11640260799999998,0.8585084662769803,0.0,0.0,0.30575289923474364,0.11265589984049063,0.0095755441143365611,4.4977832379441602e-18,4.60784249958003e-05,0.00027536484856477476,1.3908944026163567e-10,9.9458428640256687e-06,3.1089003993615768e-07,0.00066835682039706901,4.8798651010615689e-08,2.3859586595406648e-07,6.6435969863911353e-07,1.6194197251759146e-07,1.9791948737451289e-10,8.8044316625031819e-13,3.6431311047414622e-08,5.9245648267174472e-07,0.005322231448684712,0.026445209975711103,4.0340430106914934e-07,1.4791286512828909e-07,4.2769359510978187e-05,1.9801188838662306e-09,3.8998840642558856e-06,4.9631265816048268e-08
2.330287216677262e-06,0.11640260799999998,0.8585084662769803,0.0,0.0,0.3057076363549463,0.11265575695063251,0.0095523478919876427,4.5748068301953969e-18,4.6402937347855537e-05,0.00027551982730023364,1.4085198801144479e-10,1.001846117892989e-05,3.1216563424700911e-07,0.00066913179919487922,4.935269642664415e-08,2.391930330719716e-07,6.6755563951765062e-07,1.63049824426177e-07,1.9950853530094434e-10,8.9292943792981049e-13,3.6414447835204097e-08,5.9826458805721679e-07,0.0053214318893549601,0.026491275388443002,4.0364381308047887e-07,1.4817468997519679e-07,4.27642423133895e-05,1.9935675139403688e-09,3.9015128715467568e-06,4.9568462476501388e-08
2.3372472031715704e-06,0.11640260799999998,0.8585084662769803,0.0,0.0,0.30566249822216629,0.11265561729930983,0.0095292146933575669,4.6527676318831382e-18,4.6728287255704789e-05,0.0002756713288991158,1.4262869380422526e-10,1.0091246595251267e-05,3.1343958751952026e-07,0.00066990081181736959,4.9910037066305087e-08,2.3978743454397797e-07,6.7074286112890426e-07,1.6416025718843263e-07,2.0110109775530869e-10,9.0553019422026974e-13,3.6397135900905617e-08,6.0410055707011683e-07,0.0053206346766370548,0.026537213917731291,4.0388141075004653e-07,1.4843521012890292e-07,4.275896651829663e-05,2.007047160822767e-09,3.9030932787822692e-06,4.9505266597087889e-08
2.344207189665879e-06,0.11640260799999998,0.8585084662769803,0.0,0.0,0.30561748442802955,0.11265548083985125,0.0095061443129087972,4.7316715554487835e-18,4.705447034705279e-05,0.00027581938427438224,1.4441958901219444e-10,1.0164198010859675e-05,3.1471188973949308e-07,0.00067066391690508045,5.047066676056909e-08,2.4037907743053565e-07,6.7392130569479816e-07,1.652732579481576e-07,2.0269712755306222e-10,9.1824577306092409e-13,3.6379381545296786e-08,6.0996431346514382e-07,0.0053198398010427155,0.026583025979019192,4.0411711922078679e-07,1.4869443132653099e-07,4.2753534056487627e-05,2.0205576399768362e-09,3.904625743529962e-06,4.9441685773059425e-08
2.3511671761601875e-06,0.11640260799999998,0.8585084662769803,0.0,0.0,0.30557259456583818,0.11265534752591548,0.0094831365459495491,4.8115244969375007e-18,4.7381482256814675e-05,0.00027596402415696605,1.4622470458718092e-10,1.0237314331934812e-05,3.159825310876682e-07,0.00067142117270322158,5.103457924643983e-08,2.4096796897951759e-07,6.7709091712083764e-07,1.6638881391778379e-07,2.042965776856006e-10,9.3107650862403109e-13,3.636119101167645e-08,6.1585578049840626e-07,0.0053190472531303738,0.02662871198605116,4.0435096335664221e-07,1.4895235929898119e-07,4.2747946838135981e-05,2.0340987673127701e-09,3.9061107204147782e-06,4.937772751078286e-08
2.3574311640050653e-06,0.11640260799999998,0.8585084662769803,0.0,0.0,0.30553229931688697,0.11265523019476094,0.0094624829217201129,4.8842084142519993e-18,4.7676498013536181e-05,0.00027609130505698099,1.4786149226265156e-10,1.0303259117733922e-05,3.171246802953101e-07,0.00067209774959942786,5.1544902020162777e-08,2.4149562511798385e-07,6.7993597005136554e-07,1.6739498848128278e-07,2.0573896848325342e-10,9.4272290279732521e-13,3.6344451713096014e-08,6.2118172960494953e-07,0.0053183359424114609,0.026669721956588784,4.0455984940155344e-07,1.4918339349249001e-07,4.2742787587076989e-05,2.0463118343813038e-09,3.9074069708607953e-06,4.9319848497990521e-08
2.363695151849943e-06,0.11640260799999998,0.8585084662769803,0.0,0.0,0.30549210383059627,0.11265511534089537,0.0094418797012605499,4.9576700729320074e-18,4.7972178411751085e-05,0.00027621586629718661,1.4950984514214648e-10,1.0369335812020235e-05,3.182654695109572e-07,0.00067276967733112731,5.2057874014015035e-08,2.4202106423107365e-07,6.8277378549766101e-07,1.6840321323695824e-07,2.0718405780685649e-10,9.5446307988927044e-13,3.6327368591639487e-08,6.2653000515505505e-07,0.0053176265026876638,0.026710630456187351,4.0476726300025513e-07,1.4941338895722565e-07,4.2737505877831135e-05,2.0585494443070472e-09,3.9086654492634203e-06,4.9261675117338614e-08
2.369959139694821e-06,0.11640260799999998,0.8585084662769803,0.0,0.0,0.305452007813931,0.11265500293122513,0.0094213267370903634,5.0319137360384524e-18,4.8268520284906662e-05,0.00027633772989980708,1.5116978492255165e-10,1.0435543634678307e-05,3.1940489197233836e-07,0.00067343699753472834,5.2573490475602622e-08,2.4254429197487992e-07,6.8560432599944707e-07,1.6941347900518652e-07,2.0863181176742521e-10,9.6629727574123266e-13,3.6309946079821515e-08,6.3190055022436931e-07,0.0053169189271726229,0.026751437782971326,4.0497322171983903e-07,1.4964234984108477e-07,4.2732103060914705e-05,2.0708114638599747e-09,3.9098864809122051e-06,4.9203212658999e-08
2.376223127539699e-06,0.11640260799999998,0.8585084662769803,0.0,0.0,0.30541201097493348,0.11265489293287506,0.0094008238822731096,5.106943655198777e-18,4.8565520471557691e-05,0.00027645691776617687,1.52841333028998e-10,1.0501881811051846e-05,3.2054294103943967e-07,0.00067409975158551957,5.3091746596216653e-08,2.4306531411788794e-07,6.8842755516011702e-07,1.7042577665130995e-07,2.1008219660052195e-10,9.7822572375877764e-13,3.629218857281317e-08,6.3729330759744028e-07,0.0053162132091103083,0.026792144233971985,4.0517774294665577e-07,1.4987028028508041e-07,4.2726580473828554e-05,2.0830977602320398e-09,3.9110703891555218e-06,4.9144466356584423e-08
2.3824871153845767e-06,0.11640260799999998,0.8585084662769803,0.0,0.0,0.30537211302271944,0.11265478531318888,0.0093803709904138662,5.1827640704562733e-18,4.8863175815450404e-05,0.00027657345167647629,1.5452451061588141e-10,1.0568349571942397e-05,3.2167961019319987e-07,0.00067475798059742033,5.3612637512066852e-08,2.4358413653855428e-07,6.9124343763693274e-07,1.7144009708560206e-07,2.1153517866824437e-10,9.9024865492087522e-13,3.6274100428546357e-08,6.4270821977599056e-07,0.0053155093417749343,0.026832750105132329,4.053808439014647e-07,1.5009718441282152e-07,4.2720939441203178e-05,2.0954082009401782e-09,3.9122174953992067e-06,4.9085441387499829e-08
2.3887511032294545e-06,0.11640260799999998,0.8585084662769803,0.0,0.0,0.30533231366747215,0.11265468003972964,0.0093599679156567174,5.2593792101207698e-18,4.916148316560558e-05,0.00027668735328948514,1.5621933856789084e-10,1.0634946153607504e-05,3.2281489303421063e-07,0.00067541172542276255,5.4136158305510146e-08,2.4410076522290275e-07,6.9405193913121408e-07,1.7245643126323245e-07,2.1299072446118905e-10,1.0023662977892009e-12,3.6255685967820361e-08,6.4814522898715384e-07,0.0053148073184708829,0.026873255691312062,4.0558254163278159e-07,1.5032306634257217e-07,4.2715181274896827e-05,2.1077426537223355e-09,3.9133281191053272e-06,4.9026142873266117e-08
2.3943886922898445e-06,0.11640260799999998,0.8585084662769803,0.0,0.0,0.30529657830947982,0.11265458727300796,0.0093416476218800282,5.3290158103123215e-18,4.9430514646130358e-05,0.00027678763192997169,1.57754661831552e-10,1.0694992592030361e-05,3.2383545710000463e-07,0.00067599629533954665,5.4609571458090323e-08,2.44563860426505e-07,6.9657325222174008e-07,1.7337284633425209e-07,2.1430288006947284e-10,1.0133533418451687e-12,3.6238837493896847e-08,6.530573822760216e-07,0.005314177068634335,0.026909625218047913,4.0576288378194093e-07,1.5052548949921756e-07,4.2709899849962536e-05,2.118864082607774e-09,3.9142967503394758e-06,4.8972544517674772e-08
2.4000262813502344e-06,0.11640260799999998,0.8585084662769803,0.0,0.0,0.30526092237135855,0.11265449635729662,0.0093233674566725131,5.3993026181858379e-18,4.9700069414306241e-05,0.00027688581147248468,1.5929945343706166e-10,1.075514221198023e-05,3.2485488866555031e-07,0.0006765772953559742,5.5085107127285267e-08,2.4502518814800723e-07,6.9908853621913307e-07,1.7429087871688524e-07,2.156170610148692e-10,1.0244174488031764e-12,3.6221731271274976e-08,6.5798734466308294e-07,0.005313548302225299,0.026945913965349177,4.0594211517610486e-07,1.5072709099092117e-07,4.2704525537679167e-05,2.1300047586038279e-09,3.9152363180549708e-06,4.8918732349931277e-08
2.4056638704106243e-06,0.11640260799999998,0.8585084662769803,0.0,0.0,0.30522534564403159,0.11265440726940548,0.0093051273148151235,5.470242691218243e-18,4.9970145184347994e-05,0.0002769819074531495,1.6085372805315729e-10,1.0815394468014296e-05,3.2587318330913807e-07,0.00067715475470918514,5.5562761621095431e-08,2.4548475296525347e-07,7.015977682497422e-07,1.7521052191056683e-07,2.1693324314361782e-10,1.0355587803001866e-12,3.6204370373109725e-08,6.6293507349387855e-07,0.0053129210144250158,0.026982122145937457,4.0612024789037952e-07,1.5092787379989326e-07,4.2699059268317554e-05,2.1411645860408518e-09,3.9161470510979977e-06,4.8864709989287754e-08
2.4107377005649752e-06,0.11640260799999998,0.8585084662769803,0.0,0.0,0.30519339414241903,0.11265432863403943,0.0092887453204242871,5.5346498191719277e-18,5.0213656947725964e-05,0.00027706662516638553,1.622606951649261e-10,1.0869708804366331e-05,3.2678867282625028e-07,0.0006776714648859504,5.5994459183077121e-08,2.4589685785339785e-07,7.0385088427294744e-07,1.7603957267925517e-07,2.1811949817984437e-10,1.045652137962612e-12,3.6188530337731805e-08,6.6740318436804753e-07,0.0053123577156483194,0.027014640799178789,4.0627963785350758e-07,1.5110788081271699e-07,4.2694061764941836e-05,2.1512247263243449e-09,3.9169422453043978e-06,4.8815913112396482e-08
2.415811530719326e-06,0.11640260799999998,0.8585084662769803,0.0,0.0,0.30516150648130591,0.11265425144383853,0.0092723955837848825,5.5995907794338188e-18,5.0457587212935159e-05,0.00027714967892672698,1.6367536570411845e-10,1.0924105444431568e-05,3.2770323479818099e-07,0.00067818535173992732,5.642786723975189e-08,2.4630754197711864e-07,7.0609906446215727e-07,1.7686991826560308e-07,2.1930733719998841e-10,1.0558082927995096e-12,3.6172488691380225e-08,6.718856200643796e-07,0.0053117956071720568,0.027047094519213138,4.0643815622766622e-07,1.5128722926508103e-07,4.2688991190118191e-05,2.1613002325319762e-09,3.9177144327880918e-06,4.8766951470442162e-08
2.420885360873677e-06,0.11640260799999998,0.8585084662769803,0.0,0.0,0.30512968250970018,0.11265417568219727,0.0092560780289113274,5.6650677840124058e-18,5.0701934321320894e-05,0.00027723107989331859,1.6509775000331532e-10,1.0978583997995732e-05,3.2861686615656155e-07,0.00067869643622769601,5.6862983033832192e-08,2.467168088055631e-07,7.0834229350360636e-07,1.7770155399159564e-07,2.2049674278273752e-10,1.0660273594107397e-12,3.6156247624506644e-08,6.7638234916414559e-07,0.0053112346855239316,0.027079483459668662,4.0659581159000837e-07,1.5146592131672197e-07,4.2683848205332907e-05,2.171391035385759e-09,3.9184637777260343e-06,4.8717827628327698e-08
2.425959191028028e-06,0.11640260799999998,0.8585084662769803,0.0,0.0,0.30509792207705599,0.11265410133260498,0.009239792580043359,5.7310830394836755e-18,5.0946696616708094e-05,0.00027731083917257297,1.665278582819295e-10,1.1033144077181259e-05,3.2952956388107813e-07,0.00067920473919301505,5.729980378810252e-08,2.4712466184788239e-07,7.1058055650614666e-07,1.7853447519840368e-07,2.2168769756700519e-10,1.0763094513825906e-12,3.6139809311905933e-08,6.808933401521178e-07,0.0053106749472444119,0.027111807773720412,4.0675261244710715e-07,1.5164395912172069e-07,4.2678633466888855e-05,2.1814970657542527e-09,3.9191904434580964e-06,4.8668544128034632e-08
2.431033021182379e-06,0.11640260799999998,0.8585084662769803,0.0,0.0,0.30506622503327235,0.11265402837864573,0.0092235391616451723,5.7976387469456644e-18,5.1191872445426069e-05,0.0002773889678181384,1.6796570064659932e-10,1.1087785296444784e-05,3.3044132499904124e-07,0.00067971028136684924,5.7738326705823742e-08,2.4753110465245643e-07,7.1281383899779845e-07,1.7936867724635957e-07,2.228801842525001e-10,1.0866546812914658e-12,3.612317591276337e-08,6.8541856141924947e-07,0.0053101163888866704,0.027144067614092011,4.069085672365974e-07,1.5182134482918472e-07,4.2673347625945061e-05,2.1916182546528134e-09,3.9198945924873838e-06,4.8619103488765006e-08
2.4361068513367297e-06,0.11640260799999998,0.8585084662769803,0.0,0.0,0.30503459122869142,0.1126539568039986,0.009207317698404589,5.8647371019737764e-18,5.1437460156332901e-05,0.0002774654768308726,1.6941128709158731e-10,1.1142507272574408e-05,3.3135214658495832e-07,0.00068021308336740655,5.8178548971134381e-08,2.4793614080612899e-07,7.1504212692229665e-07,1.8020415551493255e-07,2.2407418560028095e-10,1.0970631607076254e-12,3.6106349570702909e-08,6.8995798126533455e-07,0.0053095590070165793,0.027176263133057293,4.0706368432610844e-07,1.5199808058529644e-07,4.2667991328550813e-05,2.2017545332500231e-09,3.9205763864806784e-06,4.8569508207070478e-08
2.4411806814910806e-06,0.11640260799999998,0.8585084662769803,0.0,0.0,0.30500302051409678,0.1126538865924374,0.0091911281152322229,5.9323802945767834e-18,5.1683458100839509e-05,0.00027754037715882137,1.7086462749918112e-10,1.1197309624686805e-05,3.3226202576010892e-07,0.00068071316570018719,5.862046774944933e-08,2.4833977393344765e-07,7.1726540663563986e-07,1.8104090540270208e-07,2.2526968443330108e-10,1.1075350001989671e-12,3.6089332413836263e-08,6.9451156790164414e-07,0.0053090027982126567,0.027208394482441955,4.0721797201376452e-07,1.5217416853034135e-07,4.2662565215686604e-05,2.21190583286331e-09,3.9212359862689191e-06,4.8519760757004115e-08
2.4462545116454315e-06,0.11640260799999998,0.8585084662769803,0.0,0.0,0.30497151274071194,0.11265381772783074,0.0091749703372606458,6.0005705091535082e-18,5.1929864632932895e-05,0.00027761367969720207,1.7232573164009835e-10,1.1252191974224173e-05,3.3317095969212158e-07,0.00068121054875804065,5.9064080187855765e-08,2.487420076959109e-07,7.194836649026381e-07,1.8187892232733071e-07,2.2646666363694015e-10,1.1180703093348482e-12,3.6072126554813066e-08,6.9907928945354511e-07,0.0053084477590660522,0.027240461813625202,4.0737143853044184e-07,1.523496107989094e-07,4.2657069923304155e-05,2.2220720849571264e-09,3.9218735518477504e-06,4.8469863590267776e-08
2.4513283417997824e-06,0.11640260799999998,0.8585084662769803,0.0,0.0,0.30494006776019827,0.11265375019414212,0.0091588442898435651,6.0693099244502444e-18,5.2176678109199485e-05,0.00027768539528839382,1.7379460917389463e-10,1.1307153944950914e-05,3.34078945594555e-07,0.00068170525282123336,5.9509383415506308e-08,2.4914284579122318e-07,7.216968888934629e-07,1.8271820172553562e-07,2.2766510615952424e-10,1.1286691966899477e-12,3.6054734090871742e-08,7.036611139630952e-07,0.0053078938861804955,0.027272465277541395,4.0752409203839151e-07,1.5252440952320804e-07,4.2651506082358843e-05,2.232253221152358e-09,3.9224892423781391e-06,4.8419819136337865e-08
2.4564021719541333e-06,0.11640260799999998,0.8585084662769803,0.0,0.0,0.30490868542465416,0.11265368397542963,0.009142749898554986,6.1386007135189193e-18,5.2423896888847935e-05,0.00027775553472193017,1.7527126964937497e-10,1.1362195162950242e-05,3.3498598072648019e-07,0.00068219729805752858,5.9956374544008979e-08,2.4954229195255641e-07,7.2390506618019654e-07,1.8355873905305967e-07,2.2886499501283243e-10,1.1393317698481755e-12,3.603715710389149e-08,7.0825700939161549e-07,0.0053073411761722792,0.027304405024681632,4.0767594063134125e-07,1.5269856682943827e-07,4.2645874318850916e-05,2.2424491732213263e-09,3.92308321618709e-06,4.83696298026136e-08
2.4614760021084842e-06,0.11640260799999998,0.8585084662769803,0.0,0.0,0.30487736558661249,0.11265361905584616,0.0091266870891884098,6.2084450436759993e-18,5.2671519333730918e-05,0.00027782410873450092,1.7675572250500921e-10,1.1417315256620499e-05,3.3589206239206623e-07,0.00068268670452227489,6.0405050667814262e-08,2.4994034994782031e-07,7.2610818473338417e-07,1.8440052978463962e-07,2.3006631327259155e-10,1.1500581354066217e-12,3.6019397660445152e-08,7.1286694362224145e-07,0.0053067896256702093,0.027336281205095399,4.0782699233750596e-07,1.5287208483715147e-07,4.2640175253866932e-05,2.2526598730826283e-09,3.9236556307683948e-06,4.8319297974570132e-08
2.466549832262835e-06,0.11640260799999998,0.8585084662769803,0.0,0.0,0.3048461080990395,0.11265355541963926,0.0091106557877559981,6.2788450764621055e-18,5.2919543808367328e-05,0.00027789112800995669,1.7824797706934999e-10,1.1472513856671357e-05,3.3679718794016873e-07,0.0006831734921585043,6.0855408864599387e-08,2.5033702357893834e-07,7.283062329185864e-07,1.8524356941397543e-07,2.3126904407895794e-10,1.1608483989795458e-12,3.6001457811852919e-08,7.174908844624499e-07,0.0053062392313155881,0.027368093968392185,4.0797725511783888e-07,1.5304496566425815e-07,4.2634409503607868e-05,2.2628852528147016e-09,3.9242066427834968e-06,4.826882601588311e-08
2.471623662417186e-06,0.11640260799999998,0.8585084662769803,0.0,0.0,0.30481491281533341,0.11265349305115098,0.0090946559204877798,6.3498029676023431e-18,5.3167968679964083e-05,0.00027795660317931909,1.7974804256145398e-10,1.1527790596119822e-05,3.3770135476392096e-07,0.00068365768079704076,6.1307446195649454e-08,2.507323166811317e-07,7.30499199492936e-07,1.8608785345369741e-07,2.3247317063698804e-10,1.171702665202406e-12,3.5983339594236928e-08,7.2212879964656789e-07,0.0053056899897621669,0.027399843463743082,4.0812673686558557e-07,1.5321721142279312e-07,4.2628577679429085e-05,2.2731252446508737e-09,3.9247364080623812e-06,4.8218216268571177e-08
2.476697492571537e-06,0.11640260799999998,0.8585084662769803,0.0,0.0,0.30478377958932229,0.11265343193481789,0.0090786874138308205,6.4213208669673139e-18,5.3416792318436458e-05,0.00027802054482079576,1.8125592809130637e-10,1.1583145110286089e-05,3.3860456030032681e-07,0.00068413929015661884,6.1761159706235796e-08,2.5112623312221059e-07,7.3268707360169663e-07,1.8693337743533186e-07,2.3367867621709733e-10,1.1826210377359196e-12,3.5965045028576571e-08,7.2678065683825641e-07,0.0053051418976761185,0.027431529839882361,4.08275445410363e-07,1.5338882421675149e-07,4.2622680387885463e-05,2.283379780968494e-09,3.9252450816045584e-06,4.8167471053154446e-08
2.481771322725888e-06,0.11640260799999998,0.8585084662769803,0.0,0.0,0.30475270827526285,0.11265337205517105,0.0090627501944484379,6.4934009185348558e-18,5.3666013096429056e-05,0.00027808296345980003,1.8277164266024826e-10,1.163857703678921e-05,3.3950680202985769e-07,0.00068461833984400852,6.2216546425991174e-08,2.5151877680187177e-07,7.3486984477482586e-07,1.8778013690926707e-07,2.3488554415550651e-10,1.1936036192701687e-12,3.5946576120764672e-08,7.3144642363297358e-07,0.0053045949517359975,0.027463153245109097,4.0842338851591857e-07,1.5355980614936462e-07,4.2616718230755462e-05,2.2936487943080621e-09,3.9257328175800866e-06,4.8116592668780027e-08
2.4868451528802387e-06,0.11640260799999998,0.8585084662769803,0.0,0.0,0.3047216987278385,0.11265331339683579,0.009046844189219385,6.5660452603524799e-18,5.3915629389336894e-05,0.00027814386956897608,1.8429519516140656e-10,1.1694086015542616e-05,3.4040807747605097e-07,0.00068509484935415127,6.2673603369282435e-08,2.5190995165100445e-07,7.3704750292354145e-07,1.8862812744471781e-07,2.3609375785467664e-10,1.2046505115287345e-12,3.592793486166445e-08,7.3612606756041536e-07,0.0053040491486327068,0.027494713827288717,4.085705738788298e-07,1.5373015931854173e-07,4.2610691805078481e-05,2.303932217370037e-09,3.9261997693306809e-06,4.8065583393356765e-08
2.4919189830345896e-06,0.11640260799999998,0.8585084662769803,0.0,0.0,0.30469075080215813,0.11265325594453166,0.0090309693252370541,6.6392560245004941e-18,5.4165639575324065e-05,0.00027820327356822767,1.858265943801277e-10,1.1749671688749462e-05,3.4130838420511177e-07,0.00068556883807030619,6.313232753557939e-08,2.5229976163100189e-07,7.3922003833689158e-07,1.8947734462968795e-07,2.3730330078373281e-10,1.2157618152728691e-12,3.5909123227167166e-08,7.4081955608693625e-07,0.0053035044850694634,0.027526211733854625,4.0871700913414956e-07,1.5389988581219612e-07,4.2604601703205226e-05,2.3142299829946611e-09,3.9266460893708772e-06,4.8014445483717827e-08
2.4969928131889405e-06,0.11640260799999998,0.8585084662769803,0.0,0.0,0.30465986435375447,0.11265319968307234,0.0090151255298086905,6.7130353370558281e-18,5.4416042035343504e-05,0.00027826118582475247,1.8736584899441278e-10,1.1805333700897838e-05,3.4220771982551712e-07,0.00068604032526420279,6.3592715909821572e-08,2.5268821073308191e-07,7.4138744167833064e-07,1.9032778407093315e-07,2.3851415647887572e-10,1.2269376303057011e-12,3.5890143178250508e-08,7.4552685661794485e-07,0.0053029609577617655,0.027557647111809698,4.0886270185254891e-07,1.5406898771841007e-07,4.2598448512817307e-05,2.3245420241880545e-09,3.9270719293892466e-06,4.7963181175749978e-08
2.5020666433432914e-06,0.11640260799999998,0.8585084662769803,0.0,0.0,0.30462903923858231,0.11265314459736558,0.0089993127304545933,6.7873853180565361e-18,5.466683515315763e-05,0.00027831761665308025,1.8891296757535678e-10,1.1861071698755803e-05,3.4310608198762261e-07,0.00068650933009620034,6.4054765462781462e-08,2.5307530297761217e-07,7.4354970398230034e-07,1.9117944139392353e-07,2.3972630854378225e-10,1.238178055476472e-12,3.5870996661037776e-08,7.5024793650028049e-07,0.0053024185634373486,0.027589020107727926,4.0900765953761601e-07,1.5423746712118419e-07,4.2592232816959682e-05,2.3348682741241651e-09,3.9274774402496829e-06,4.7911792684519319e-08
2.5071404734976423e-06,0.11640260799999998,0.8585084662769803,0.0,0.0,0.30459827531301709,0.11265309067241296,0.0089835308549073307,6.8623080814669823e-18,5.4918017315355433e-05,0.00027837257631511551,1.9046795858758911e-10,1.1916885331366294e-05,3.4400346838327234e-07,0.0006869758716154616,6.451847315142468e-08,2.5346104241344447e-07,7.4570681665081466e-07,1.9203231224280263e-07,2.4093974064999514e-10,1.2494831886848054e-12,3.5851685606857587e-08,7.5498276302456683e-07,0.0053018772988361589,0.027620330867755939,4.091518896338184e-07,1.5440532609184275e-07,4.2585955194099401e-05,2.3452086661100004e-09,3.9278627719927411e-06,4.7860282204435482e-08
2.512214303651993e-06,0.11640260799999998,0.8585084662769803,0.0,0.0,0.30456757243385352,0.11265303789330977,0.0089677798311109513,6.9378057351437093e-18,5.5169586911370537e-05,0.00027842607502018469,1.9203083038971755e-10,1.197277425004187e-05,3.4489987674541038e-07,0.00068743996876013003,6.4983835919267578e-08,2.5384543311725505e-07,7.4785877145005319e-07,1.928863922803481e-07,2.4215443653730063e-10,1.2608531268850061e-12,3.5832211932304268e-08,7.5973130342754459e-07,0.0053013371607103024,0.027651579537614528,4.0929539952297464e-07,1.5457256670268453e-07,4.2579616218140872e-05,2.355563133619537e-09,3.9282280738370325e-06,4.7808651909387568e-08
2.516780750790909e-06,0.11640260799999998,0.8585084662769803,0.0,0.0,0.30453999191925696,0.11265299135957497,0.0089536302285567852,7.0062468918254461e-18,5.5396329474873189e-05,0.0002784729831322201,1.934441599102995e-10,1.202313836007008e-05,3.4570580621177637e-07,0.00068785558181311106,6.5404074966300293e-08,2.5419023497608522e-07,7.4979111427665616e-07,1.9365609460071888e-07,2.4324872998492829e-10,1.2711415589076086e-12,3.5814548157027277e-08,7.6401668803607628e-07,0.0053008519968588469,0.02767965037348873,4.09423948692421e-07,1.5472255626593513e-07,4.2573859153555144e-05,2.3648941341131912e-09,3.9285398426014239e-06,4.7762083982323688e-08
2.521347197929825e-06,0.11640260799999998,0.8585084662769803,0.0,0.0,0.30451246063277781,0.11265294573124755,0.0089395055054937254,7.0751569399670674e-18,5.5623383387473657e-05,0.00027851872346475984,1.9486388550064086e-10,1.2073562920201183e-05,3.4651094007208803e-07,0.00068826924382268636,6.5825649894728771e-08,2.545339506958531e-07,7.517192673555415e-07,1.9442676973015098e-07,2.4434402222323171e-10,1.2814826301013101e-12,3.5796755576370892e-08,7.6831313035074173e-07,0.0053003677404808124,0.02770767113964967,4.0955192571200013e-07,1.5487204813346709e-07,4.2568053266174332e-05,2.374236433759719e-09,3.9288356149757906e-06,4.7715422305588599e-08
2.5259136450687406e-06,0.11640260799999998,0.8585084662769803,0.0,0.0,0.30448497847088413,0.11265290099765628,0.0089254056098292834,7.1445374033744216e-18,5.58507474810525e-05,0.00027856330335137723,1.962900130356731e-10,1.212404768093573e-05,3.4731527675752595e-07,0.000688680968364859,6.6248558449836975e-08,2.5487658330368329e-07,7.5364322542733423e-07,1.9519841454535922e-07,2.4544030154173818e-10,1.2918764091990636e-12,3.5778835557164478e-08,7.72620606384321e-07,0.0052998843892336283,0.027735641941449243,4.0967933583752333e-07,1.550210438015902e-07,4.2562198965045682e-05,2.3835899843735967e-09,3.9291154980386962e-06,4.7668668421861386e-08
2.5304800922076564e-06,0.11640260799999998,0.8585084662769803,0.0,0.0,0.30445754533031483,0.11265285714819104,0.0089113304896077817,7.2143898017648884e-18,5.6078420589401869e-05,0.00027860673009129171,1.9772254832188706e-10,1.2174592394249437e-05,3.4811881472528552e-07,0.000689090768943284,6.6672798368957572e-08,2.5521813584335332e-07,7.5556298346313093e-07,1.9597102593517987e-07,2.4653755627562746e-10,1.3023229643244873e-12,3.5760789456724633e-08,7.7693909211992701e-07,0.0052994019407826129,0.02776356288396379,4.0980618427534131e-07,1.5516954477336405e-07,4.2556296656293488e-05,2.3929547379230977e-09,3.9293795983332371e-06,4.7621823860680932e-08
2.5341340583788402e-06,0.11640260799999998,0.8585084662769803,0.0,0.0,0.30443562919839023,0.11265282269053603,0.0089000857107022751,7.2706250082272852e-18,5.6260821163134926e-05,0.00027864065352563522,1.988734490876501e-10,1.2215080127376635e-05,3.4876121107946022e-07,0.00068941730529363673,6.7013222775682694e-08,2.5549066250369872e-07,7.5709610154517059e-07,1.9658994590532835e-07,2.4741624903572666e-10,1.3107201142166582e-12,3.5746259480331739e-08,7.8040255862441462e-07,0.0052990165452639713,0.027785868741499922,4.0990728441510087e-07,1.5528801654690949e-07,4.2551539458973843e-05,2.4004562351823041e-09,3.9295796293831259e-06,4.7584275629479777e-08
2.537788024550024e-06,0.11640260799999998,0.8585084662769803,0.0,0.0,0.30441374433541046,0.11265278878684,0.0088888567354311176,7.3271641318843774e-18,5.6443418252733352e-05,0.00027867384697794818,2.0002845921358941e-10,1.225560596360593e-05,3.4940309429081171e-07,0.00068974262521164214,6.7354497012273665e-08,2.5576250114858353e-07,7.5862652498140901e-07,1.9720948119033532e-07,2.4829555296604431e-10,1.3191511332724856e-12,3.5731650325610668e-08,7.8387304673014799e-07,0.0052986317251121759,0.027808142795644291,4.1000803086254869e-07,1.5540617328705608e-07,4.254675198671319e-05,2.4079648502398815e-09,3.9297696769421248e-06,4.7546671081254276e-08
2.541441990721208e-06,0.11640260799999998,0.8585084662769803,0.0,0.0,0.30439189068884398,0.11265275543175128,0.0088776435373634794,7.384007945646047e-18,5.6626211263370143e-05,0.00027870631414048759,2.0118758158060109e-10,1.2296169777896486e-05,3.5004446360432928e-07,0.00069006673551599959,6.7696619908986745e-08,2.5603365335956211e-07,7.6015425150913859e-07,1.9782963021292915e-07,2.4917546215386634e-10,1.3276160555580932e-12,3.5716962674903639e-08,7.8735054409459297e-07,0.0052982474791419421,0.027830385099852764,4.1010842623031045e-07,1.555240157606676e-07,4.2541934443616335e-05,2.4154805586363101e-09,3.9299497948582437e-06,4.7509010981708415e-08
2.5450959568923917e-06,0.11640260799999998,0.8585084662769803,0.0,0.0,0.30437006820626844,0.11265272261994308,0.0088664460901239587,7.4411572207197063e-18,5.6809199601016302e-05,0.00027873805869148798,2.0235081904192169e-10,1.2336771445806955e-05,3.5068531827534265e-07,0.00069038964299593993,6.8039590293114204e-08,2.5630412072447639e-07,7.6167927895720499e-07,1.9845039140076816e-07,2.5005597070546884e-10,1.3361149148936883e-12,3.5702197206708707e-08,7.9083503836497512e-07,0.0052978638061711852,0.027852595707469566,4.1020847311469322e-07,1.5564154472611799e-07,4.2537087032630935e-05,2.4230033359433251e-09,3.9301200367614556e-06,4.7471296091275844e-08
2.548384526446457e-06,0.11640260799999998,0.8585084662769803,0.0,0.0,0.30435045457392412,0.11265269354943809,0.0088563818328117085,7.4928533737342641e-18,5.697405561917131e-05,0.00027876601398329408,2.0340125349872545e-10,1.2373345209402788e-05,3.5126164685271953e-07,0.00069067923690059574,6.8348987268988261e-08,2.5654695712683893e-07,7.6304949422615685e-07,1.9900959857553298e-07,2.5084893600212919e-10,1.3437929322283819e-12,3.5688842309071766e-08,7.939770553454063e-07,0.005297518989437637,0.027872558197738068,4.102982194966185e-07,1.5574705336947557e-07,4.2532698992509529e-05,2.429779859253331e-09,3.9302648546330386e-06,4.7437306467975534e-08
2.5516730960005225e-06,0.11640260799999998,0.8585084662769803,0.0,0.0,0.30433086610397797,0.11265266491084769,0.0088463302932010428,7.5447981335062675e-18,5.7139068939771931e-05,0.00027879338958948616,2.0445502551193681e-10,1.2409949444242191e-05,3.5183755744635877e-07,0.00069096786690084984,6.8659068898480208e-08,2.5678924126119151e-07,7.6441752010044642e-07,1.9956929919522501e-07,2.516423777553089e-10,1.3514984900797362e-12,3.5675425414984734e-08,7.9712472078720484e-07,0.0052971746350215232,0.027892495095617167,4.1038768757326378e-07,1.5585230923811469e-07,4.2528287069177847e-05,2.4365620708661471e-09,3.9304017549879071e-06,4.7403273622796713e-08
2.554961665554588e-06,0.11640260799999998,0.8585084662769803,0.0,0.0,0.30431130275844126,0.11265263670034029,0.0088362914521788686,7.5969920586865888e-18,5.7304239131440167e-05,0.000278820188162424,2.0551213710445431e-10,1.2446584060848099e-05,3.5241304953459686e-07,0.00069125553788501484,6.8969834320784739e-08,2.5703097429766914e-07,7.6578335518493653e-07,2.0012949212381376e-07,2.5243629170816278e-10,1.359231612595232e-12,3.5661947011135868e-08,8.002780256655825e-07,0.0052968307420677291,0.02791240643976399,4.1047687920592855e-07,1.5595731288192747e-07,4.2523851408198886e-05,2.4433499530524361e-09,3.9305307764707069e-06,4.7369198099280953e-08
2.557921378153247e-06,0.11640260799999998,0.8585084662769803,0.0,0.0,0.30429371719748821,0.11265261167374094,0.0088272673367841177,7.6441800885868428e-18,5.7453026072598162e-05,0.00027884381569942909,2.0646639453550795e-10,1.2479581118565473e-05,3.5293063416606425e-07,0.00069151362583671106,6.9250107130818977e-08,2.572480638120252e-07,7.6701073252972984e-07,2.0063408574730955e-07,2.5315121448832043e-10,1.3662150104766485e-12,3.564976425706621e-08,8.0312081431082435e-07,0.0052965216322545241,0.027930304832946701,4.1055691684671343e-07,1.5605160096374612e-07,4.2519839137334452e-05,2.4494638807341156e-09,3.9306401911948446e-06,4.7338494084652031e-08
2.5608810907519058e-06,0.11640260799999998,0.8585084662769803,0.0,0.0,0.3042761519290007,0.11265258698802808,0.0088182534779108132,7.6915707997208505e-18,5.7601939416608935e-05,0.0002788669799011618,2.074233600993067e-10,1.251260264867387e-05,3.5344787901995177e-07,0.00069177094446587093,6.9530932484315593e-08,2.5746470874640862e-07,7.6823633331712097e-07,2.0113907639978375e-07,2.5386651322689768e-10,1.3732207725461987e-12,3.5637532423581564e-08,8.0596815699808687e-07,0.0052962128949143976,0.027948182586938732,4.1063673341043155e-07,1.5614568558966315e-07,4.2515807861340414e-05,2.4555823743677406e-09,3.9307432831914412e-06,4.7307756329589385e-08
2.5638408033505647e-06,0.11640260799999998,0.8585084662769803,0.0,0.0,0.30425860692543272,0.11265256264044227,0.0088092498617001556,7.73916459699003e-18,5.775097885010396e-05,0.00027888968268217879,2.0838303523340585e-10,1.254564858675385e-05,3.5396478372961805e-07,0.0006920274972962065,6.981230975010964e-08,2.5768090996169037e-07,7.6946015665078144e-07,2.0164446325973274e-07,2.5458218484688368e-10,1.3802489160777142e-12,3.5625251860317448e-08,8.0882004713694476e-07,0.0052959045294282874,0.02796603972977077,4.1071633023251143e-07,1.5623956715866123e-07,4.2511757684787958e-05,2.4617054210880068e-09,3.9308400803375014e-06,4.7276985223334774e-08
2.5668005159492237e-06,0.11640260799999998,0.8585084662769803,0.0,0.0,0.30424108215928503,0.11265253862823459,0.0088002564743167918,7.7869618845482978e-18,5.7900144060065924e-05,0.00027891192595104529,2.0934542136369875e-10,1.2578718868640612e-05,3.5448134793268206e-07,0.00069228328783887472,7.0094238295933031e-08,2.5789666832113585e-07,7.7068220167203859e-07,2.0215024550775023e-07,2.5529822627958786e-10,1.3872994582415616e-12,3.5612922915289156e-08,8.1167647813368224e-07,0.0052955965351784958,0.027983876289426196,4.10795708642499e-07,1.5633324607019176e-07,4.2507688711764706e-05,2.4678330080536189e-09,3.9309306104171677e-06,4.7246181152940097e-08
2.5697602285478826e-06,0.11640260799999998,0.8585084662769803,0.0,0.0,0.30422357760310498,0.11265251494866689,0.0087912733019487928,7.8349630658003178e-18,5.804943473382988e-05,0.00027893371161034111,2.1031051990444881e-10,1.2611813430423535e-05,3.5499757127099863e-07,0.00069253831959249898,7.0376717488436111e-08,2.5811198469036581e-07,7.7190246755965238e-07,2.0265642232652351e-07,2.5601463446465574e-10,1.3943724161049563e-12,3.5600545934896402e-08,8.1453744339143338e-07,0.0052952889115486772,0.028001692293841203,4.1087486996255199e-07,1.5642672272339663e-07,4.2503601045876619e-05,2.4739651224441025e-09,3.9310149011218566e-06,4.7215344503276114e-08
2.5727199411465415e-06,0.11640260799999998,0.8585084662769803,0.0,0.0,0.30420609322948577,0.11265249159901142,0.0087823003308075912,7.8831685433997394e-18,5.8198850559084008e-05,0.00027895504155666767,2.1127833225832123e-10,1.2644932208445719e-05,3.5551345339063541e-07,0.0006927925960431852,7.0659746693209108e-08,2.5832685993731761e-07,7.7312095352959289e-07,2.0316299290083047e-07,2.5673140635008589e-10,1.4014678066322722e-12,3.5588121263927747e-08,8.1740293631031916e-07,0.0052949816579238454,0.028019487770904915,4.1095381550790545e-07,1.56519997515065e-07,4.2499494790252736e-05,2.480101751448901e-09,3.9310929800503975e-06,4.7184475657037783e-08
2.5756796537452005e-06,0.11640260799999998,0.8585084662769803,0.0,0.0,0.30418862901106725,0.11265246857655116,0.0087733375471279358,7.9315787192475081e-18,5.834839122387068e-05,0.00027897591768065373,2.1224885981641479e-10,1.2678075139303484e-05,3.5602899394184817e-07,0.00069304612066453956,7.094332527480363e-08,2.5854129493220742e-07,7.7433765883481689e-07,2.0366995641753591e-07,2.5744853889224648e-10,1.4085856466853533e-12,3.5575649245565199e-08,8.202729502875872e-07,0.0052946747736903532,0.028037262748459479,4.1103254658822136e-07,1.5661307084257985e-07,4.2495370047544906e-05,2.4862428822819708e-09,3.9311648747091606e-06,4.7153574994756661e-08
2.5786393663438594e-06,0.11640260799999998,0.8585084662769803,0.0,0.0,0.30417118492053496,0.11265244587857956,0.0087643849371678382,7.9801939944901363e-18,5.8498056416587359e-05,0.0002789963418669629,2.1322210395829367e-10,1.271124215984595e-05,3.5654419257905772e-07,0.00069329889691768863,7.1227452596753708e-08,2.587552905474918e-07,7.7555258276504818e-07,2.0417731206558847e-07,2.5816602905589011e-10,1.4157259530238282e-12,3.556313022138877e-08,8.2314747871774805e-07,0.0052943682582359151,0.028055017254300148,4.1111106450594419e-07,1.5670594310358986e-07,4.2491226919929086e-05,2.4923885021812557e-09,3.9312306125122112e-06,4.712264289481159e-08
2.5815990789425184e-06,0.11640260799999998,0.8585084662769803,0.0,0.0,0.30415376093062091,0.11265242350240066,0.0087554424872085205,8.0290147695180669e-18,5.864784582598754e-05,0.00027901631599429978,2.1419806605201945e-10,1.2744433207174526e-05,3.5705904896082593e-07,0.00069355092825129779,7.1512128021597077e-08,2.589688476578296e-07,7.7676572464655315e-07,2.0468505903601675e-07,2.5888387381416978e-10,1.4228887423054227e-12,3.5550564531381029e-08,8.2602651499271113e-07,0.0052940621109495815,0.028072751316175388,4.111893705563799e-07,1.5679861469273812e-07,4.248706550911147e-05,2.4985385983914446e-09,3.9312902207814417e-06,4.7091679733433305e-08
2.5845587915411773e-06,0.11640260799999998,0.8585084662769803,0.0,0.0,0.30413635701410258,0.11265240144532904,0.0087465101835543825,8.0780414439639838e-18,5.879775914118153e-05,0.00027903584193541712,2.1517674745418302e-10,1.2777648218642454e-05,3.5757356274983221e-07,0.00069380221810158994,7.1797350910896138e-08,2.5918196714004468e-07,7.7797708384192247e-07,2.0519319652192635e-07,2.59602070148654e-10,1.4300740310862727e-12,3.5537952513931677e-08,8.2891005250192108e-07,0.0052937563312217498,0.028090464961786975,4.1126746602950022e-07,1.5689108600527868e-07,4.2482885916327674e-05,2.5046931581815795e-09,3.9313437267467158e-06,4.7060685884715368e-08
2.5875185041398362e-06,0.11640260799999998,0.8585084662769803,0.0,0.0,0.30411897314380359,0.11265237970468979,0.0087375880125329236,8.1272744167012288e-18,5.8947796051637508e-05,0.00027905492155712341,2.1615814950993675e-10,1.2810887131854287e-05,3.5808773361285061e-07,0.00069405276989236429,7.2083120625258899e-08,2.593946498730885e-07,7.7918665974984924e-07,2.0570172371849596e-07,2.60320615049341e-10,1.4372818358212418e-12,3.5525294505842269e-08,8.3179808463249206e-07,0.0052934509184441548,0.028108158218790112,4.1134535220827732e-07,1.5698335743753595e-07,4.2478688242342703e-05,2.5108521688491128e-09,3.9313911575460213e-06,4.7029661720626322e-08
2.590478216738495e-06,0.11640260799999998,0.8585084662769803,0.0,0.0,0.30410160929259317,0.11265235827781847,0.0087286759604947254,8.1767140858421704e-18,5.9097956247182336e-05,0.00027907355672028903,2.1714227355302651e-10,1.2844149884665454e-05,3.586015612207255e-07,0.00069430258703501743,7.2369436524359595e-08,2.5960689673800313e-07,7.8039445180490848e-07,2.0621063982297441e-07,2.6103950551467299e-10,1.4445121728642331e-12,3.5512590842330627e-08,8.3469060476934143e-07,0.0052931458720098731,0.028125831114793498,4.114230303683535e-07,1.5707542938198755e-07,4.247447258745875e-05,2.5170156176941662e-09,3.9314325402256005e-06,4.6998607611014694e-08
2.593437929337154e-06,0.11640260799999998,0.8585084662769803,0.0,0.0,0.30408426543338618,0.11265233716206118,0.0087197740138133788,8.2263608487366442e-18,5.9248239418002289e-05,0.00027909174927985461,2.1812912090582384e-10,1.2877436415181732e-05,3.5911504524834929e-07,0.00069455167292856168,7.2656297966959489e-08,2.5981870861788388e-07,7.8160045947733793e-07,2.0671994403467652e-07,2.617587385515504e-10,1.4517650584685083e-12,3.5499841857035664e-08,8.3758760629532267e-07,0.0052928411913133145,0.028143483677359433,4.1150050178024738e-07,1.571673022315272e-07,4.2470239051514449e-05,2.5231834920397889e-09,3.9314679017401178e-06,4.6967523923617918e-08
2.596397641935813e-06,0.11640260799999998,0.8585084662769803,0.0,0.0,0.30406694153914277,0.11265231635477445,0.0087108821588854461,8.2762151019703958e-18,5.939864525464418e-05,0.0002791095010848374,2.1911869287935817e-10,1.2910746661758758e-05,3.59628185374639e-07,0.00069480003095964509,7.2943704310927338e-08,2.6003008639784383e-07,7.8280468227281977e-07,2.0722963555497994e-07,2.6247831117534541e-10,1.459040508787001e-12,3.5487047882021917e-08,8.4048908259135778e-07,0.0052925368757502185,0.028161115934003934,4.1157776770768728e-07,1.5725897638133739e-07,4.2465987733882533e-05,2.5293557792440647e-09,3.9314972689527861e-06,4.6936411024075468e-08
2.599357354534472e-06,0.11640260799999998,0.8585084662769803,0.0,0.0,0.3040496375828689,0.1126522958533253,0.0087020003821304138,8.3262772413635362e-18,5.9549173448016056e-05,0.0002791268139783399,2.2011099077334919e-10,1.2944080563001547e-05,3.6014098128251313e-07,0.00069504766450257229,7.3231654913259852e-08,2.6024103096497608e-07,7.8400711973225969e-07,2.0773971358732174e-07,2.6319822040991454e-10,1.4663385398726383e-12,3.5474209247784256e-08,8.433950270365696e-07,0.0052922329247176566,0.028178727912196781,4.1165482940690849e-07,1.5735045222178667e-07,4.246171873347989e-05,2.5355324666631649e-09,3.9315206686355402e-06,4.6905269275935116e-08
2.602317067133131e-06,0.11640260799999998,0.8585084662769803,0.0,0.0,0.30403235353761582,0.11265227565509112,0.008693128669990632,8.3765476619690528e-18,5.9699823689387881e-05,0.00027914368979755657,2.2110601587623892e-10,1.2977438057763975e-05,3.6065343265886849e-07,0.00069529457691932508,7.3520149130101928e-08,2.6045154320831893e-07,7.8520777143157106e-07,2.0825017733719435e-07,2.639184632876123e-10,1.473659167678654e-12,3.5461326283252496e-08,8.4630543300841036e-07,0.0052919293376140287,0.0281963196393617,4.1173168812924911e-07,1.5744173014309488e-07,4.2457432148767397e-05,2.5417135416725798e-09,3.9315381274691727e-06,4.6874099040659694e-08
2.60527677973179e-06,0.11640260799999998,0.8585084662769803,0.0,0.0,0.3040150893764797,0.1126522557574598,0.00868426700893128,8.4270267580713062e-18,5.9850595670392655e-05,0.00027916013037378206,2.2210376946522425e-10,1.3010819085148273e-05,3.6116553919455814e-07,0.00069554077155958112,7.3809186316766786e-08,2.6066162401881929e-07,7.86406636981455e-07,2.0876102601214231e-07,2.646390368493028e-10,1.4810024080589093e-12,3.5448399315796123e-08,8.4922029388279307e-07,0.0052916261138390543,0.028213891142876365,4.1180834511939666e-07,1.5753281053951865e-07,4.2453128077743962e-05,2.5478989916922801e-09,3.9315496720434961e-06,4.6842900677640452e-08
2.608236492330449e-06,0.11640260799999998,0.8585084662769803,0.0,0.0,0.30399784507260225,0.11265223615782961,0.0086754153854403104,8.4777149231845857e-18,6.000148908302718e-05,0.00027917613753241873,2.2310425280628937e-10,1.3044223584504527e-05,3.6167730058436792e-07,0.0006957862517607366,7.4098765827756253e-08,2.6087127428929727e-07,7.876037160271848e-07,2.0927225882175876e-07,2.653599381443727e-10,1.4883682767682095e-12,3.5435428671228986e-08,8.5213960303422028e-07,0.0052913232527937804,0.028231442450072551,4.1188480161439699e-07,1.5762369379947076e-07,4.2448806617959394e-05,2.5540888041356849e-09,3.9315553288574925e-06,4.6811674544205154e-08
2.6111962049291078e-06,0.11640260799999998,0.8585084662769803,0.0,0.0,0.30398062059916986,0.11265221685360918,0.008666573786028399,8.5286125500516454e-18,6.0152503619652433e-05,0.00027919171309298535,2.2410746715423822e-10,1.3077651495430165e-05,3.6218871652699403e-07,0.00069603102084792663,7.4388887016780403e-08,2.6108049491441092e-07,7.8879900824838836e-07,2.0978387497768118e-07,2.6608116423074255e-10,1.4957567894626264e-12,3.5422414673813939e-08,8.5506335383591132e-07,0.0052910207538805678,0.028248973588236248,4.1196105884673746e-07,1.5771438031004999e-07,4.2444467866515863e-05,2.56028296642839e-09,3.9315551243194712e-06,4.6780420995623074e-08
2.6141559175277667e-06,0.11640260799999998,0.8585084662769803,0.0,0.0,0.30396341592941406,0.1126521978422175,0.0086577421972289081,8.5797200306423098e-18,6.0303638972994899e-05,0.00027920685886912409,2.2511341375272677e-10,1.3111102757769426e-05,3.6269978672502087e-07,0.00069627508213404598,7.4679549236777628e-08,2.6128928679062122e-07,7.899925133588309e-07,2.102958736935886e-07,2.6680271217487799e-10,1.5031679616998146e-12,3.5409357646267617e-08,8.5799153965993099e-07,0.0052907186165030966,0.028266484584607666,4.1203711804226271e-07,1.5780487046481082e-07,4.2440111920056854e-05,2.5664814660534697e-09,3.9315490847472255e-06,4.6749140385117799e-08
2.6171156301264257e-06,0.11640260799999998,0.8585084662769803,0.0,0.0,0.30394623103661139,0.11265217912108397,0.0086489206055978176,8.6310377561520683e-18,6.0454894836147327e-05,0.00027922157666860953,2.2612209383429589e-10,1.3144577311612876e-05,3.6321051088489789e-07,0.00069651843891977002,7.4970751839934163e-08,2.6149765081615701e-07,7.9118423110620122e-07,2.1080825418519741e-07,2.6752457905180147e-10,1.5106018089393333e-12,3.5396257909765134e-08,8.6092415387731505e-07,0.0052904168400663585,0.028283975466381426,4.1211298041896993e-07,1.5789516465052179e-07,4.2435738874782771e-05,2.5726842904837457e-09,3.9315372363681946e-06,4.6717833063877168e-08
2.6197793714652186e-06,0.11640260799999998,0.8585084662769803,0.0,0.0,0.30393078152033265,0.11265216251811819,0.0086409897096155503,8.6774037912146611e-18,6.0591127895508565e-05,0.00027923445825751121,2.2703224404550558e-10,1.3174724274990966e-05,3.6366986652664715e-07,0.00069673686039726308,7.5233295674367618e-08,2.6168481337059585e-07,7.9225524870203816e-07,2.1126972239929841e-07,2.6817452951797568e-10,1.5173116712804227e-12,3.5384431894968133e-08,8.6356728746971873e-07,0.0052901455493869045,0.028299700084436469,4.1218108928157435e-07,1.579762621812843e-07,4.2431788593704878e-05,2.5782705198261352e-09,3.9315216279015549e-06,4.6689633925701167e-08
2.6224431128040115e-06,0.11640260799999998,0.8585084662769803,0.0,0.0,0.30391534798235748,0.11265214614632821,0.0086330668906994239,8.7239407249896133e-18,6.0727458096299436e-05,0.00027924699595449311,2.2794461025032256e-10,1.3204890012831792e-05,3.6412894143423381e-07,0.0006969547162821284,7.549627622056215e-08,2.618716307521861e-07,7.9332481822012737e-07,2.1173149864921461e-07,2.6882473383718238e-10,1.5240399239489321e-12,3.5372571776798445e-08,8.662139978568487e-07,0.0052898745501566372,0.028315408451418951,4.1224904058483905e-07,1.5805720157349463e-07,4.2427824609655372e-05,2.5838602330304024e-09,3.9315013544654277e-06,4.6661413687807362e-08
2.6251068541428044e-06,0.11640260799999998,0.8585084662769803,0.0,0.0,0.30389993040329727,0.11265213000386147,0.008625152139095588,8.7706488410442126e-18,6.0863885215548104e-05,0.00027925919106526492,2.2885919332430517e-10,1.3235074481971022e-05,3.6458773540160188e-07,0.00069717200895525909,7.5759693004776706e-08,2.6205810361927246e-07,7.9439293954615676e-07,2.1219358236742171e-07,2.69475189894932e-10,1.5307865780123493e-12,3.5360677786208869e-08,8.6886428020455187e-07,0.0052896038419445119,0.028331100587059344,4.1231683520285225e-07,1.5813798311087193e-07,4.2423846991839705e-05,2.5894534210226991e-09,3.9314764349925289e-06,4.6633172602013718e-08
2.6277705954815973e-06,0.11640260799999998,0.8585084662769803,0.0,0.0,0.30388452876379218,0.11265211408887216,0.0086172454450649111,8.8175284224343719e-18,6.1000409030524605e-05,0.00027927104489170677,2.2977599413580073e-10,1.3265277639404601e-05,3.650462482251764e-07,0.00069738874078958512,7.6023545552825208e-08,2.6224423263127428e-07,7.9545961258753506e-07,2.1265597298772253e-07,2.7012589558237448e-10,1.5375516444746017e-12,3.5348750153152577e-08,8.7151812967831092e-07,0.0052893334243203447,0.028346776511058394,4.1238447400865098e-07,1.5821860706787315e-07,4.2419855809186425e-05,2.5950500746874784e-09,3.9314468883566907e-06,4.660491091882125e-08
2.6304343368203902e-06,0.11640260799999998,0.8585084662769803,0.0,0.0,0.30386914304451212,0.11265209839952121,0.0086093467988829653,8.8645797517038379e-18,6.1137029318741412e-05,0.00027928255873187582,2.3069501354596428e-10,1.3295499442288456e-05,3.6550447970385011e-07,0.00069760491415008668,7.6287833390087939e-08,2.6243001844866542e-07,7.9652483727326777e-07,2.1311866994524521e-07,2.7077684879630502e-10,1.5443351342762472e-12,3.5336789106586023e-08,8.7417554144331664e-07,0.0052890632968548004,0.028362436243087208,4.1245195787179354e-07,1.5829907373049726e-07,4.241585113032407e-05,2.6006501849840726e-09,3.9314127333729686e-06,4.6576628887419109e-08
2.632831704025304e-06,0.11640260799999998,0.8585084662769803,0.0,0.0,0.30385530949299927,0.1126520844705116,0.0086022448902044572,8.907073025592272e-18,6.1260069879067017e-05,0.00027929263156953115,2.3152402862293707e-10,1.3322714971461945e-05,3.6591664732052944e-07,0.00069779899462767928,7.6526064223288685e-08,2.6259693279964132e-07,7.9748230110497539e-07,2.1353535865954023e-07,2.7136291659024407e-10,1.5504560360443646e-12,3.5325995784556363e-08,8.765702537946899e-07,0.0052888204298672768,0.02837651617401294,4.1251256158486064e-07,1.583713594724423e-07,4.2412235436581682e-05,2.6056932321979674e-09,3.931378069253529e-06,4.6551157866344489e-08
2.6349893345097265e-06,0.11640260799999998,0.8585084662769803,0.0,0.0,0.30384287029720891,0.11265207208829944,0.0085958587333646672,8.9454362810535648e-18,6.137087290821418e-05,0.00027930146333996495,2.3227167978476613e-10,1.3347221805432739e-05,3.6628740307419986e-07,0.00069797328333465831,7.6740772817276659e-08,2.6274691889334816e-07,7.9834301544236954e-07,2.1391058992713832e-07,2.7189054631588024e-10,1.5559776207718003e-12,3.5316258948887064e-08,8.7872795571395129e-07,0.0052886020499734133,0.028389176923518056,4.1256699873629711e-07,1.5843630806599425e-07,4.2408972053773219e-05,2.6102343568533574e-09,3.9313437042933844e-06,4.6528220175544907e-08
2.637146964994149e-06,0.11640260799999998,0.8585084662769803,0.0,0.0,0.3038304415124034,0.11265205985088073,0.0085894778394761586,8.9839127209866403e-18,6.148173883866217e-05,0.00027931007434087651,2.3302078807685485e-10,1.337174079702837e-05,3.6665797388793297e-07,0.00069814720980596783,7.6955766159264431e-08,2.6289668099477167e-07,7.9920277945757274e-07,2.1428602118256298e-07,2.7241833472262194e-10,1.5615113122980173e-12,3.5306500594450938e-08,8.8088798625546974e-07,0.0052883838596920448,0.028401827084350417,4.126213357596989e-07,1.5850115395699974e-07,4.2405699937196701e-05,2.6147777333319008e-09,3.931306349057666e-06,4.6505269573086771e-08
2.639304595478571e-06,0.11640260799999998,0.8585084662769803,0.0,0.0,0.3038180231283657,0.11265204775729094,0.0085831022033990966,9.0225024945596384e-18,6.1592667552639728e-05,0.00027931846525478324,2.3377135394312487e-10,1.3396271923785672e-05,3.6702835965953654e-07,0.00069832077528324276,7.7171043996235717e-08,2.6304621945685427e-07,8.0006159315379025e-07,2.1466165212815429e-07,2.7294628070360789e-10,1.5670571163163742e-12,3.5296720841022367e-08,8.8305034284958541e-07,0.0052881658587966424,0.028414466666907359,4.1267557310765614e-07,1.5856589729409954e-07,4.2402419122779124e-05,2.6193233568456279e-09,3.9312660134329713e-06,4.648230618890737e-08
2.6414622259629936e-06,0.11640260799999998,0.8585084662769803,0.0,0.0,0.30380561513489074,0.11265203580656856,0.0085767318199999054,9.0612057507188178e-18,6.1703658932480752e-05,0.00027932663676256655,2.3452337782443935e-10,1.3420815163309714e-05,3.673985602878554e-07,0.00069849398100472245,7.7386606075009218e-08,2.6319553463295413e-07,8.0091945654328014e-07,2.1503748246681849e-07,2.7347438315441745e-10,1.5726150384933199e-12,3.5286919807952079e-08,8.8521502292665159e-07,0.0052879480470610354,0.028427095681573551,4.1272971123118115e-07,1.5863053822090104e-07,4.2399129646331497e-05,2.6238712225848546e-09,3.9312227072807796e-06,4.6459330152391324e-08
2.643619856447416e-06,0.11640260799999998,0.8585084662769803,0.0,0.0,0.3037932175217864,0.11265202399775483,0.0085703666841512888,9.1000226381882961e-18,6.1814712860624467e-05,0.00027933458954347427,2.3527686015861019e-10,1.3445370493273711e-05,3.6776857567276755e-07,0.00069866682820525158,7.7602452142242502e-08,2.6334462687683858e-07,8.0177636964730949e-07,2.1541351190202709e-07,2.7400264097307098e-10,1.5781850844684644e-12,3.5277097614168324e-08,8.8738202391705936e-07,0.0052877304242594202,0.02843971413872105,4.1278375058362261e-07,1.5869507689171697e-07,4.2395831543533036e-05,2.6284213257880764e-09,3.9311764404375e-06,4.6436341592368507e-08
2.6457774869318383e-06,0.11640260799999998,0.8585084662769803,0.0,0.0,0.3037808302788727,0.11265201232989394,0.0085640067907321992,9.1389533054698244e-18,6.1925829219615716e-05,0.00027934232427512175,2.3603180138040466e-10,1.3469937891418882e-05,3.6813840571517935e-07,0.00069883931811629072,7.7818581944435654e-08,2.6349349654267767e-07,8.0263233249611135e-07,2.1578974013781627e-07,2.7453105306003283e-10,1.5837672598546417e-12,3.5267254378177654e-08,8.8955134325126176e-07,0.0052875129901663546,0.028452322048709271,4.1283769161156369e-07,1.5875951345331751e-07,4.2392524849947456e-05,2.632973661682504e-09,3.9311272227145013e-06,4.6413340637120173e-08
2.6477193543678183e-06,0.11640260799999998,0.8585084662769803,0.0,0.0,0.30376969061835951,0.11265200194854609,0.0085582873647047503,9.1740883103198157e-18,6.2025887224090775e-05,0.00027934909966022248,2.3671249618582493e-10,1.3492058849702276e-05,3.684710942044365e-07,0.0006989942545687904,7.8013341150158684e-08,2.6362728923074474e-07,8.0340188662399188e-07,2.1612851528036322e-07,2.7500675493090538e-10,1.5888015929661203e-12,3.5258377572305932e-08,8.9150571071232731e-07,0.0052873174606423712,0.028463660158429417,4.1288615483735677e-07,1.5881741917222747e-07,4.2389541509899736e-05,2.6370726689712954e-09,3.9310804118505817e-06,4.6392629285062633e-08
2.6496612218037983e-06,0.11640260799999998,0.8585084662769803,0.0,0.0,0.30375855934206114,0.11265199167990533,0.0085525721771777773,9.209315704867698e-18,6.2125995617022913e-05,0.00027935569946465705,2.3739437335259112e-10,1.3514189549106743e-05,3.6880363241603242e-07,0.00069914890350452133,7.8208329790724629e-08,2.6376090217653661e-07,8.0417067111143479e-07,2.1646745099714208e-07,2.7548258007234669e-10,1.5938457594794756e-12,3.5249483903695751e-08,8.9346195207754126e-07,0.0052871220836261633,0.028474989740865778,4.1293453910741853e-07,1.588752424095453e-07,4.2386551265783141e-05,2.6411734773936607e-09,3.9310312258183221e-06,4.6371908089082439e-08
2.6516030892397783e-06,0.11640260799999998,0.8585084662769803,0.0,0.0,0.30374743644258223,0.11265198152328081,0.0085468612244309853,9.244635596908294e-18,6.2226154313006895e-05,0.0002793621241790239,2.3807743319134991e-10,1.3536329973546493e-05,3.6913602027984735e-07,0.00069930326581420222,7.8403547681020131e-08,2.6389433563905318e-07,8.0493868599893629e-07,2.1680654707356485e-07,2.7595852768787691e-10,1.5988997634311037e-12,3.5240573457866416e-08,8.9542006547392984e-07,0.0052869268589541369,0.028486310803544242,4.1298284474503089e-07,1.5893298327346806e-07,4.2383554143274172e-05,2.6452760834857173e-09,3.930979671718321e-06,4.6351177141560225e-08
2.6535449566757583e-06,0.11640260799999998,0.8585084662769803,0.0,0.0,0.30373632191253536,0.11265197147798355,0.0085411545027481734,9.2800480940899142e-18,6.2326363226707012e-05,0.00027936837429285599,2.3876167601076841e-10,1.3558480106980056e-05,3.6946825772642458e-07,0.00069945734238634194,7.8598994635838457e-08,2.6402758987754144e-07,8.057059313327608e-07,2.1714580329541198e-07,2.764345969826234e-10,1.6039636088400081e-12,3.5231646320063278e-08,8.9738004902862264e-07,0.0052867317864629358,0.028497623353982478,4.130310720716294e-07,1.5899064186779478e-07,4.2380550167975106e-05,2.6493804837673584e-09,3.9309257566348467e-06,4.6330436534520762e-08
2.6554868241117383e-06,0.11640260799999998,0.8585084662769803,0.0,0.0,0.30372521574454092,0.11265196154332639,0.0085354520084172086,9.3155533039143258e-18,6.2426622272857105e-05,0.00027937445029462059,2.3944710211753438e-10,1.3580639933410281e-05,3.6980034468697021e-07,0.00069961113410724066,7.8794670469880112e-08,2.6416066515149394e-07,8.0647240716493541e-07,2.1748521944883177e-07,2.7691078716332024e-10,1.6090372997078126e-12,3.5222702575257828e-08,8.9934190086885714e-07,0.0052865368659894369,0.028508927399689923,4.130792214095674e-07,1.5904821830118885e-07,4.2377539365405919e-05,2.6534866747724367e-09,3.9308694876358302e-06,4.6309686359633886e-08
2.6574286915477184e-06,0.11640260799999998,0.8585084662769803,0.0,0.0,0.30371411793122799,0.11265195171862412,0.0085297537377300239,9.3511513337364845e-18,6.2526931366260784e-05,0.00027938035267172177,2.4013371181636523e-10,1.3602809436884184e-05,3.7013228109334754e-07,0.00069976464186099487,7.8990574997757178e-08,2.6429356172064149e-07,8.0723811355320077e-07,2.1782479532033992e-07,2.7738709743831022e-10,1.614120840018839e-12,3.521374230814887e-08,9.0130561912200642e-07,0.0052863420973707585,0.028520222948167813,4.131272930792976e-07,1.5910571268313372e-07,4.2374521761007322e-05,2.6575946530522253e-09,3.9308108717729233e-06,4.6288926708213903e-08
2.6593705589836984e-06,0.11640260799999998,0.8585084662769803,0.0,0.0,0.30370302846523306,0.11265194200319335,0.0085240596869826206,9.3868422907645411e-18,6.2627290421791307e-05,0.00027938608191050069,2.4082150541000736e-10,1.3624988601492946e-05,3.7046406687807795e-07,0.00069991786652950103,7.9186708033993145e-08,2.6442627984495332e-07,8.080030505610096e-07,2.1816453069681929e-07,2.7786352701754459e-10,1.6192142337401028e-12,3.5204765603162498e-08,9.0327120191557827e-07,0.0052861474804442492,0.028531510006909198,4.1317528739828956e-07,1.5916312511747776e-07,4.2371497380148032e-05,2.6617044151513223e-09,3.9307499160814843e-06,4.6268157671221189e-08
2.6613124264196784e-06,0.11640260799999998,0.8585084662769803,0.0,0.0,0.3036919473392013,0.11265193239635254,0.0085183698524750554,9.4226262820596347e-18,6.272769935439171e-05,0.00027939163849623709,2.4151048319924292e-10,1.3647177411371828e-05,3.7079570197433616e-07,0.00070007080899245594,7.9383069393026625e-08,2.6455881978463085e-07,8.0876721825748719e-07,2.1850442536551922e-07,2.7834007511258462e-10,1.6243174848213838e-12,3.5195772544453065e-08,9.0523864737723866e-07,0.0052859530150474975,0.028542788583398919,4.1322320468553089e-07,1.5922045570950812e-07,4.2368466248119538e-05,2.6658159575953177e-09,3.9306866275806218e-06,4.624737933926588e-08
2.6632542938556584e-06,0.11640260799999998,0.8585084662769803,0.0,0.0,0.30368087454578524,0.11265192289742203,0.0085126842305114411,9.4585034145356893e-18,6.2828158079074979e-05,0.00027939702291315111,2.4220064548289582e-10,1.3669375850700036e-05,3.7112718631594628e-07,0.0007002234701273622,7.9579658889214452e-08,2.6469118180010199e-07,8.09530616717393e-07,2.1884447911405454e-07,2.7881674093660201e-10,1.6294305971952797e-12,3.5186763215904056e-08,9.0720795363483163e-07,0.0052857587010183256,0.02855405868511366,4.1327104525850924e-07,1.5927770457014456e-07,4.2365428390129697e-05,2.6699292769552389e-09,3.9306210132732164e-06,4.6226591802605599e-08
2.6651961612916384e-06,0.11640260799999998,0.8585084662769803,0.0,0.0,0.30366981007764599,0.11265191350572405,0.0085070028173999199,9.4944737949593954e-18,6.2928666510924216e-05,0.00027940223564440405,2.428919925578327e-10,1.369158390370073e-05,3.7145851983738169e-07,0.00070037585080953018,7.9776476336832371e-08,2.6482336615202001e-07,8.1029324602111363e-07,2.1918469173040602e-07,2.7929352370437978e-10,1.6345535747772214e-12,3.5177737701128317e-08,9.0917911881638356e-07,0.0052855645381947878,0.028565320319521956,4.1331880943263475e-07,1.5933487180368445e-07,4.2362383831315248e-05,2.674044369775661e-09,3.9305530801459389e-06,4.6205795151147373e-08
2.6671380287276184e-06,0.11640260799999998,0.8585084662769803,0.0,0.0,0.30365875392745217,0.11265190422058263,0.0085013256094526937,9.5305375299500854e-18,6.3029224565092429e-05,0.00027940727717209898,2.4358452471896709e-10,1.371380155464093e-05,3.7178970247376226e-07,0.00070052795191208046,7.9973521550077127e-08,2.6495537310126047e-07,8.1105510625463922e-07,2.195250630029194e-07,2.7977042263231237e-10,1.6396864214655075e-12,3.5168696083468504e-08,9.111521410501167e-07,0.0052853705264151807,0.02857657349408416,4.1336649752282563e-07,1.5939195751864691e-07,4.2359332596732469e-05,2.6781612326250119e-09,3.930482835169263e-06,4.6184989474449477e-08
2.6690798961635984e-06,0.11640260799999998,0.8585084662769803,0.0,0.0,0.30364770608788105,0.1126518950413237,0.0084956526029859869,9.5666947259795945e-18,6.3129832156802855e-05,0.00027941214797728222,2.4427824225926349e-10,1.3736028787831463e-05,3.7212073416085149e-07,0.00070067977430594646,8.0170794343068703e-08,2.6508720290891618e-07,8.1181619750953457e-07,2.1986559272030493e-07,2.8024743693840671e-10,1.6448291411413525e-12,3.5159638445997816e-08,9.1312701846446327e-07,0.0052851766655180269,0.028587818216252517,4.1341410984266932e-07,1.5944896181792594e-07,4.2356274711366853e-05,2.6822798620464173e-09,3.9304102852974979e-06,4.6164174861722012e-08
2.6710217635995784e-06,0.11640260799999998,0.8585084662769803,0.0,0.0,0.3036366665516172,0.11265188596727502,0.0084899837943200624,9.6029454893721162e-18,6.3230489201348812e-05,0.0002794168485399449,2.4497314546974236e-10,1.3758265587626867e-05,3.7245161483505363e-07,0.00070083131885987845,8.0368294529852861e-08,2.6521885583629412e-07,8.1257651988291222e-07,2.20206280671637e-07,2.8072456584228266e-10,1.6499817376689278e-12,3.5150564871520718e-08,9.1510374918808248e-07,0.0052849829553420864,0.02859905449347111,4.1346164670510203e-07,1.5950588481154735e-07,4.2353210200120858e-05,2.6864002546231673e-09,3.9303354374688031e-06,4.6143351401827938e-08
2.6729636310355584e-06,0.11640260799999998,0.8585084662769803,0.0,0.0,0.30362563531135356,0.11265187699776613,0.0084843191797792077,9.6392899263041084e-18,6.3331195614093887e-05,0.00027942137933902403,2.4566923463948372e-10,1.3780511938425329e-05,3.7278234443341179e-07,0.00070098258644044639,8.0566021924403205e-08,2.6535033214491089e-07,8.1333607347740693e-07,2.2054712664635353e-07,2.8120180856517367e-10,1.6551442148954019e-12,3.5141475442573351e-08,9.1708233134987166e-07,0.0052847893957263534,0.028610282333175936,4.1350910842153833e-07,1.5956272660151904e-07,4.2350139087828582e-05,2.690522406903105e-09,3.9302582986052148e-06,4.6122519183283998e-08
2.6749054984715384e-06,0.11640260799999998,0.8585084662769803,0.0,0.0,0.30361461235979198,0.11265186813212881,0.0084786587556922068,9.6757281427859734e-18,6.343195131048069e-05,0.00027942574085227447,2.4636651005539397e-10,1.3802767824673968e-05,3.731129228936827e-07,0.00070113357791177567,8.076397634061454e-08,2.6548163209651412e-07,8.1409485840182539e-07,2.2088813043430011e-07,2.8167916433012516e-10,1.6603165766488977e-12,3.5132370241391491e-08,9.1906276307901276e-07,0.0052845959865100815,0.028621501742793872,4.1355649530264778e-07,1.5961948729776195e-07,4.2347061399231842e-05,2.6946463154779882e-09,3.930178875610752e-06,4.610167829424224e-08
2.6766531791639206e-06,0.11640260799999998,0.8585084662769803,0.0,0.0,0.30360469878419993,0.11265186024131418,0.0084735679538202689,9.708602806657641e-18,6.3522673504900823e-05,0.00027942952186900736,2.4699507240607901e-10,1.3822806262281025e-05,3.7341031423382327e-07,0.00070126923487538154,8.09423292648658e-08,2.6559965148417362e-07,8.1477710771431462e-07,2.2119516860030291e-07,2.8210888052842375e-10,1.6649801566507641e-12,3.5124162142864438e-08,9.2084673146926657e-07,0.0052844220466742716,0.028631592009858865,4.1359907976723873e-07,1.5967050267485198e-07,4.2344285877160492e-05,2.6983593319872624e-09,3.930105447679709e-06,4.6082914153441695e-08
2.6784008598563028e-06,0.11640260799999998,0.8585084662769803,0.0,0.0,0.30359479191123973,0.11265185243361046,0.0084684805405735916,9.741553594833494e-18,6.3613435489070616e-05,0.00027943316649748669,2.4762459605404194e-10,1.3842852399749435e-05,3.737075830575229e-07,0.00070140466951626468,8.1120865790119218e-08,2.6571752842586435e-07,8.154587345818735e-07,2.2150233427228275e-07,2.8253868709812633e-10,1.6696517489788799e-12,3.5115941394881452e-08,9.226321951304027e-07,0.0052842482284150812,0.028641675459968069,4.1364160409080313e-07,1.5972145252744914e-07,4.2341505066224032e-05,2.7020737658194585e-09,3.930030180197292e-06,4.6064143124485472e-08
2.680148540548685e-06,0.11640260799999998,0.8585084662769803,0.0,0.0,0.30358489173560677,0.11265184470853408,0.0084633965132838457,9.7745805843001999e-18,6.3704237201488159e-05,0.00027943667508390342,2.4825508120459581e-10,1.3862906225827693e-05,3.7400472932066326e-07,0.00070153988246004671,8.1299585780572582e-08,2.6583526311279813e-07,8.1613973909467844e-07,2.2180962729775831e-07,2.8296858347605048e-10,1.6743313563903119e-12,3.5107708056861532e-08,9.2441915269914831e-07,0.0052840745316157919,0.028651752098519594,4.1368406849759789e-07,1.5977233693231883e-07,4.23387189843119e-05,2.7057896144815737e-09,3.92995307816447e-06,4.6045365270948251e-08
2.681896221241067e-06,0.11640260799999998,0.8585084662769803,0.0,0.0,0.30357499825200185,0.11265183706560278,0.0084583158692853912,9.8076838519447371e-18,6.37950785806988e-05,0.00027944004797374352,2.4888652806176265e-10,1.3882967729293394e-05,3.7430175297954782e-07,0.0007016748743308935,8.1478489100381792e-08,2.6595285573631669e-07,8.1682012134654012e-07,2.2211704752449113e-07,2.8339856910009983e-10,1.6790189816308234e-12,3.5099462188045262e-08,9.2620760281243394e-07,0.0052839009561598399,0.028661821930906089,4.1372647321112424e-07,1.5982315596684408e-07,4.233592764926271e-05,2.7095068754862907e-09,3.9298741465714748e-06,4.6026580656163361e-08
2.6836439019334493e-06,0.11640260799999998,0.8585084662769803,0.0,0.0,0.30356511145513082,0.1126518295043354,0.0084532386059151653,9.8408634745582789e-18,6.388595956529364e-05,0.00027944328551181708,2.4951893682832666e-10,1.3903036898952066e-05,3.7459865399088282e-07,0.00070180964575157392,8.1657575613663772e-08,2.6607030648788341e-07,8.1749988143474284e-07,2.2242459480047572e-07,2.8382864340922152e-10,1.6837146274353479e-12,3.5091203847502232e-08,9.2799754410739365e-07,0.0052837275019308105,0.028671884962515038,4.1376881845421573e-07,1.5987390970750521e-07,4.2333131078867788e-05,2.7132255463446822e-09,3.9297933903982258e-06,4.6007789343247125e-08
2.6853915826258315e-06,0.11640260799999998,0.8585084662769803,0.0,0.0,0.30355523133970436,0.11265182202425197,0.0084481647205125136,9.8741195288422795e-18,6.3976880093906429e-05,0.00027944638804230243,2.5015230770591586e-10,1.392311372363532e-05,3.7489543231175064e-07,0.0007019441973435519,8.1836845184500254e-08,2.6618761555907458e-07,8.1817901945980831e-07,2.2273226897392415e-07,2.8425880584333949e-10,1.6884182965287043e-12,3.5082933094142384e-08,9.2978897522135904e-07,0.0052835541688124321,0.02868194119872905,4.1381110444906432e-07,1.5992459823135212e-07,4.233032929087296e-05,2.7169456245729788e-09,3.9297108146149793e-06,4.5988991395106839e-08
2.6871392633182136e-06,0.11640260799999998,0.8585084662769803,0.0,0.0,0.30354535790043868,0.11265181462487375,0.0084430942104195706,9.9074520913940728e-18,6.4067840105220533e-05,0.00027944935590864525,2.5078664089481885e-10,1.3943198192205001e-05,3.7519208789966828e-07,0.00070207852972677879,8.2016297676933051e-08,2.663047831415953e-07,8.1885753552600282e-07,2.2304006989330093e-07,2.8468905584351164e-10,1.6931299916239977e-12,3.5074649986690627e-08,9.3158189479189774e-07,0.0052833809566885876,0.028691990644925097,4.1385333141709393e-07,1.5997522161492478e-07,4.2327522302972143e-05,2.7206671076879252e-09,3.9296264241807676e-06,4.5970186874401184e-08
2.688886944010596e-06,0.11640260799999998,0.8585084662769803,0.0,0.0,0.30353549113205519,0.11265180730572322,0.0084380270729811739,9.9408612387102234e-18,6.4158839537967294e-05,0.00027945218945358376,2.5142193659403224e-10,1.3963290293552155e-05,3.7548862071257182e-07,0.00070221264351974446,8.2195932954966632e-08,2.6642180942727293e-07,8.1953542974119717e-07,2.2334799740731415e-07,2.8511939285189186e-10,1.697849715423033e-12,3.5066354583693393e-08,9.3337630145681327e-07,0.0052832078654433245,0.028702033306474712,4.1389549957909932e-07,1.600257799348304e-07,4.2324710132809053e-05,2.7243899932093786e-09,3.9295402240438378e-06,4.595137584357867e-08
2.690634624702978e-06,0.11640260799999998,0.8585084662769803,0.0,0.0,0.30352563102928071,0.1126518000663241,0.0084329633055447387,9.9743470471907528e-18,6.4249878330924039e-05,0.00027945488901917961,2.5205819500131794e-10,1.3983390016595708e-05,3.7578503070879619e-07,0.00070234653933954315,8.2375750882571315e-08,2.6653869460804909e-07,8.202127022166954e-07,2.2365605136490489e-07,2.8554981631168409e-10,1.7025774706168234e-12,3.5058046943526693e-08,9.3517219385414494e-07,0.0052830348949608353,0.028712069188744239,4.1393760915518667e-07,1.6007627326762876e-07,4.2321892797979667e-05,2.728114278659668e-09,3.9294522191421523e-06,4.5932558364873514e-08
2.6941299860877423e-06,0.11640260799999998,0.8585084662769803,0.0,0.0,0.30350593079949034,0.11265178582488074,0.0084228458700801624,1.0041548952765181e-17,6.443207375280567e-05,0.00027945988757723775,2.5333360072504299e-10,1.4023612283585887e-05,3.7637748208652035e-07,0.00070261367952109645,8.2735934142214085e-08,2.6677204242321477e-07,8.2156538241075316e-07,2.2427253800773712e-07,2.8641092036353245e-10,1.7120570858993227e-12,3.5041395184345603e-08,9.3876843039944237e-07,0.0052826893158216945,0.028732120636882602,4.140216534266458e-07,1.6017706527755347e-07,4.2316242704469843e-05,2.7355670394465413e-09,3.9292708147451578e-06,4.5894904311631883e-08
2.6976253474725067e-06,0.11640260799999998,0.8585084662769803,0.0,0.0,0.30348625716898275,0.11265177189675687,0.0084127418828566086,1.0109058417382399e-17,6.4614425882006122e-05,0.00027946435430579851,2.5461285962346318e-10,1.4063864905083863e-05,3.7696944170746521e-07,0.00070287995518030378,8.309684636698125e-08,2.6700482812483983e-07,8.2291557706681699e-07,2.2488952861797804e-07,2.872723635657102e-10,1.7215688587844116e-12,3.5024695172756336e-08,9.4237059353709588e-07,0.0052823442183477032,0.028752145032166974,4.1410546597880947e-07,1.6027759825532334e-07,4.2310572162258232e-05,2.7430253702720035e-09,3.9290822502871509e-06,4.5857225208124486e-08
2.701120708857271e-06,0.11640260799999998,0.8585084662769803,0.0,0.0,0.30346661009575532,0.11265175827818472,0.0084026513227462973,1.0176876048744374e-17,6.4796934230411382e-05,0.00027946829191696022,2.5589597323425169e-10,1.410414779344597e-05,3.7756090925261896e-07,0.00070314537120358541,8.3458486467511333e-08,2.6723705325239751e-07,8.2426328719811869e-07,2.2550702199555282e-07,2.8813414150184024e-10,1.7311128104121104e-12,3.5007947369635839e-08,9.4597867238067223e-07,0.0052819996016177945,0.028772142417340527,4.1418904854826936e-07,1.6037787281029183e-07,4.2304881310394624e-05,2.7504892513968701e-09,3.9288865648993785e-06,4.581952154430263e-08
2.7046160702420354e-06,0.11640260799999998,0.8585084662769803,0.0,0.0,0.30344698953788768,0.11265174496541554,0.0083925741686628717,1.0245002452983987e-17,6.497959831065562e-05,0.00027947170311193683,2.571829430753125e-10,1.4144460861476335e-05,3.7815188440930383e-07,0.00070340993245491818,8.3820853353999132e-08,2.6746871934702412e-07,8.2560851387215293e-07,2.2612501694413133e-07,2.8899624977256439e-10,1.7406889617498645e-12,3.4991152233133359e-08,9.4959265604825686e-07,0.0052816554647133187,0.028792112835062833,4.1427240286091036e-07,1.6047788955052855e-07,4.2299170287165217e-05,2.7579586631193722e-09,3.9286837975470949e-06,4.5781793806644123e-08
2.7116067930115637e-06,0.11640260799999998,0.8585084662769803,0.0,0.0,0.30340782780095849,0.11265171924238594,0.0083724599944375502,1.0382183996772293e-17,6.5345391720946037e-05,0.00027947695700400704,2.5976845742171747e-10,1.4225177189984626e-05,3.7933235633783355e-07,0.00070393650998599447,8.454776312371943e-08,2.6793038060981353e-07,8.2829152138575821e-07,2.2736250678761277e-07,2.9072143980544077e-10,1.7599379465692075e-12,3.4957421779042524e-08,9.5683829435234251e-07,0.0052809686267179714,0.028831972938375656,4.1443843356609343e-07,1.6067715201270962e-07,4.228768827597221e-05,2.7729139997373202e-09,3.9282571719843487e-06,4.5706268038464281e-08
2.7178984435041394e-06,0.11640260799999998,0.8585084662769803,0.0,0.0,0.30337267250137995,0.11265169710028579,0.0083544028755525735,1.0506709437979787e-17,6.5675133519192824e-05,0.00027947991204032896,2.6210862346701431e-10,1.429792423446918e-05,3.8039309409608046e-07,0.00070440755478236858,8.5204456583826207e-08,2.6834397934603473e-07,8.3069774652643958e-07,2.2847795109425774e-07,2.9227519679332839e-10,1.777372362757625e-12,3.4926907030959629e-08,9.6337945425803839e-07,0.005280352104358085,0.028867755228931025,4.1458709765929975e-07,1.6085561257623005e-07,4.2277286851648502e-05,2.7863925204550527e-09,3.9278493761795205e-06,4.5638217324407036e-08
2.724190093996715e-06,0.11640260799999998,0.8585084662769803,0.0,0.0,0.30333760246335056,0.11265167589155076,0.0083363888661414087,1.0632244658046939e-17,6.6005372343371836e-05,0.00027948120300310715,2.6446130641028748e-10,1.4370767725310375e-05,3.8145223193735674e-07,0.00070487590474373728,8.5863487865511447e-08,2.6875579085242877e-07,8.330959442962481e-07,2.2959500205561795e-07,2.938299564240678e-10,1.794911424292255e-12,3.4896245924502163e-08,9.6993957678971339e-07,0.0052797371224546936,0.028903450804588338,4.1473504855794251e-07,1.610332472181945e-07,4.2266822188308177e-05,2.7998886556166204e-09,3.9274192332654403e-06,4.5570096019903079e-08
2.730481744489291e-06,0.11640260799999998,0.8585084662769803,0.0,0.0,0.30330261744533205,0.11265165559499911,0.0083184178447120831,1.0758793135039027e-17,6.6336105378333389e-05,0.0002794808452559287,2.6682651439990407e-10,1.4443707169976564e-05,3.825097682610697e-07,0.00070534158743400569,8.6524850601836087e-08,2.6916582416868631e-07,8.3548612282131018e-07,2.3071365282871508e-07,2.9538569365574714e-10,1.8125552473200754e-12,3.4865441034543783e-08,9.7651859867799038e-07,0.005279123675736166,0.028939059911143726,4.1488229594765578e-07,1.6121005943853252e-07,4.2256295065404059e-05,2.8134022916734334e-09,3.9269669645501325e-06,4.5501906838886948e-08
2.7367733949818667e-06,0.11640260799999998,0.8585084662769803,0.0,0.0,0.30326771720663165,0.11265163618964455,0.0083004896901990831,1.0886358330437894e-17,6.6667329816856108e-05,0.00027947885405026811,2.6920425538307447e-10,1.4516742080520793e-05,3.8356570152949783e-07,0.00070580463018658605,8.7188538424124424e-08,2.6957408834694068e-07,8.378682907605689e-07,2.3183389660907151e-07,2.9694238362506151e-10,1.8303039462386775e-12,3.4834494908257532e-08,9.8311645671939645e-07,0.0052785117589555708,0.028974582793532554,4.150288494060365e-07,1.6138605272374488e-07,4.2245706254709113e-05,2.8269333154696077e-09,3.9264927896365313e-06,4.543365246028349e-08
2.7430650454744424e-06,0.11640260799999998,0.8585084662769803,0.0,0.0,0.30323290150739862,0.11265161765469532,0.0082826042819614878,1.1014943689115541e-17,6.6999042859664494e-05,0.00027947524452596393,2.7159453710726249e-10,1.4589871973555058e-05,3.8462003026699581e-07,0.00070626506010552925,8.7854544962611812e-08,2.6998059245066501e-07,8.4024245729760098e-07,2.3295572663053344e-07,2.9850000164729188e-10,1.8481576337100874e-12,3.4803410065322833e-08,9.8973308778047065e-07,0.0052779013668905481,0.029010019695833014,4.1517471840366122e-07,1.6156123054689457e-07,4.2235056520388526e-05,2.840481614241941e-09,3.92599692643083e-06,4.5365335528356204e-08
2.749356695967018e-06,0.11640260799999998,0.8585084662769803,0.0,0.0,0.30319817010862049,0.11265159996955317,0.0082647614997811165,1.1144552639309459e-17,6.7331241715445507e-05,0.00027947003171171396,2.7399736712163548e-10,1.466309637022363e-05,3.8567275305918676e-07,0.00070672290406669988,8.852286384709626e-08,2.7038534555356502e-07,8.4260863213229941e-07,2.3407913616508667e-07,3.0005852321625453e-10,1.866116420674955e-12,3.4772188998137778e-08,9.9636842880189089e-07,0.0052772924943432099,0.029045370861269879,4.1531991230519856e-07,1.6173559636756585e-07,4.2224346619073105e-05,2.8540470756197398e-09,3.9254795911511591e-06,4.5296958653084788e-08
2.7619399969521692e-06,0.11640260799999998,0.8585084662769803,0.0,0.0,0.30312895926054978,0.11265156706725901,0.0082292033348223582,1.1406854943898549e-17,6.7997085740572553e-05,0.00027945485577532988,2.7884070123435547e-10,1.4809826781549548e-05,3.8777337545196688e-07,0.00070763094048501105,8.9866413174676228e-08,2.7118963509672368e-07,8.4731704802908566e-07,2.3633066705105754e-07,3.0317817986181347e-10,1.9023497283213048e-12,3.4709348025411242e-08,1.009694988882042e-06,0.0052760792871316053,0.02911581695020599,4.156083117548491e-07,1.6208190577246293e-07,4.2202749304735074e-05,2.8812290386710461e-09,3.9243813608516698e-06,4.5160035342984727e-08
2.773264967838805e-06,0.11640260799999998,0.8585084662769803,0.0,0.0,0.30306695542410511,0.1126515401588201,0.0081973455700368007,1.1646461751751385e-17,6.8597979004659019e-05,0.00027943586269084327,2.8324268881178021e-10,1.4942202642154461e-05,3.8965843031035825e-07,0.00070843959427390444,9.1083451900039849e-08,2.7190759846218075e-07,8.5152739830935897e-07,2.3836238006222823e-07,3.0598871877887744e-10,1.9353202236749528e-12,3.4652349715569358e-08,1.0217522500648886e-06,0.0052749925457429717,0.029178927632861746,4.1586565424253956e-07,1.6239084161957085e-07,4.2183113389530166e-05,2.9057503822599367e-09,3.92332165392878e-06,4.5036624850730644e-08
2.7834574416367776e-06,0.11640260799999998,0.8585084662769803,0.0,0.0,0.30301138239365966,0.11265151803218179,0.0081687901018365882,1.1864987811233524e-17,6.9140092394322545e-05,0.00027941452062502401,2.8723933059545253e-10,1.5061596593421024e-05,3.9135051458906862e-07,0.00070916056336624658,9.2185108806251152e-08,2.7254903431046646e-07,8.5529472129210683e-07,2.4019521043382887e-07,3.085203918240408e-10,1.9652862084330787e-12,3.460070557348579e-08,1.0326547906183531e-06,0.0052740186205311014,0.029235492900495673,4.1609551134126406e-07,1.6266667938685891e-07,4.2165284045404704e-05,2.9278656747893477e-09,3.9223112112501659e-06,4.4925422345524687e-08
2.79364991543475e-06,0.11640260799999998,0.8585084662769803,0.0,0.0,0.30295602662634202,0.1126514978007107,0.0081403445021928627,1.2086256896065428e-17,6.9683434224881763e-05,0.0002793892172014452,2.9126901909588761e-10,1.5181230772101338e-05,3.9303836410655386e-07,0.00070987518455972243,9.3292726987746242e-08,2.7318602816648106e-07,8.590412652913008e-07,2.4203207508642141e-07,3.1105403444598489e-10,1.9955297797954131e-12,3.4548744240586102e-08,1.0436053764913298e-06,0.0052730485970803624,0.029291837205319377,4.1632374801437547e-07,1.6294044357896933e-07,4.2147309086441007e-05,2.950024140227492e-09,3.9212479556661442e-06,4.4814104404033591e-08
2.8038423892327224e-06,0.11640260799999998,0.8585084662769803,0.0,0.0,0.3029008871330115,0.11265147938304647,0.0081120082736225417,1.2310283032025058e-17,7.0227992892715071e-05,0.00027936001273578707,2.9533178009924484e-10,1.5301103287402328e-05,3.9472197475106538e-07,0.00071058356479069662,9.440627943589337e-08,2.7381861879323689e-07,8.6276708735028493e-07,2.4387294664244264e-07,3.1358954830561358e-10,2.0260513548842715e-12,3.4496475447182127e-08,1.0546037425831708e-06,0.0052720824540784745,0.02934796155389064,4.1655040073604884e-07,1.6321214846246694e-07,4.2129191492173548e-05,2.9722253137102179e-09,3.9201327522114188e-06,4.4702681044419527e-08
2.814034863030695e-06,0.11640260799999998,0.8585084662769803,0.0,0.0,0.30284596293007865,0.11265146269909791,0.0080837809214408772,1.2537080129282606e-17,7.0773756849848291e-05,0.00027932696681033566,2.994276381153686e-10,1.5421212278064271e-05,3.9640134278535638e-07,0.00071128580949889194,9.5525739176324239e-08,2.7444684496126123e-07,8.6647224757278867e-07,2.4571779797545141e-07,3.1612683628348765e-10,2.0568513398383491e-12,3.4443908748774139e-08,1.0656496245391325e-06,0.0052711201703742354,0.029403866947115016,4.1677550530911435e-07,1.6348180821260927e-07,4.211093419462872e-05,2.9944687330700881e-09,3.9189664548405131e-06,4.4591162069114875e-08
2.824227336828667e-06,0.11640260799999998,0.8585084662769803,0.0,0.0,0.30279125303946358,0.11265144767003073,0.0080556619537410484,1.276666198228225e-17,7.1320714604071475e-05,0.00027929013828009052,3.0355661639420941e-10,1.5541555912046833e-05,3.9807646483830852e-07,0.00071198202264148526,9.6651079275334589e-08,2.7507074543787939e-07,8.7015680903466215e-07,2.4756660220797596e-07,3.1866580247698542e-10,2.0879301299722542e-12,3.4391053528444004e-08,1.0767427587906463e-06,0.0052701617249761709,0.029459554380286447,4.1699909688167436e-07,1.6374943691039497e-07,4.2092540079081435e-05,3.0167539388236054e-09,3.9177499065298049e-06,4.4479557069473596e-08
2.8344198106266396e-06,0.11640260799999998,0.8585084662769803,0.0,0.0,0.30273675648855924,0.11265143421825595,0.0080276508813748402,1.2999042269667658e-17,7.186885471903315e-05,0.00027924958527871332,3.0771873694154541e-10,1.5662132386225815e-05,3.9974733789709656e-07,0.00071267230670679583,9.7782272845775595e-08,2.7569035897741634e-07,8.738208377008683e-07,2.4941933270943613e-07,3.2120635219704769e-10,2.1192881099289519e-12,3.4337918999139054e-08,1.087882882592293e-06,0.005269207097051247,0.029515024843125955,4.1722120994644679e-07,1.6401504854840504e-07,4.2074011984758601e-05,3.0390804741861775e-09,3.9164839393772388e-06,4.4367875427594891e-08
2.844612284424612e-06,0.11640260799999998,0.8585084662769803,0.0,0.0,0.30268247231019302,0.11265142226741821,0.0079997472179336518,1.323423455423431e-17,7.2418165814320753e-05,0.00027920536522447879,3.1191402053451789e-10,1.5782939926091341e-05,4.0141395929957814e-07,0.00071335676272793805,9.8919293052709925e-08,2.7630572431176108e-07,8.7746440234441355e-07,2.5127596309407654e-07,3.2374839196457749e-10,2.1509256538301083e-12,3.428451420593109e-08,1.0990697340572873e-06,0.0052682562659235859,0.029570279319819415,4.1744187836321497e-07,1.6427865702422182e-07,4.2055352705576967e-05,3.0614478850463387e-09,3.9151693747017688e-06,4.4256126321698372e-08
2.853785510842787e-06,0.11640260799999998,0.8585084662769803,0.0,0.0,0.30263379733316492,0.11265141273284222,0.0079747253556432581,1.3448322984206546e-17,7.2913537627483248e-05,0.00027916247873002991,3.1571814636694965e-10,1.5891862829314348e-05,4.029102814719412e-07,0.00071396787251148876,9.9947570880613573e-08,2.7685595288361216e-07,8.8072617282322673e-07,2.5295024322816382e-07,3.2603742545739066e-10,2.1796387713676761e-12,3.4236226158696343e-08,1.1091776367984051e-06,0.0052674037472073346,0.02961982448968823,4.1763927224303099e-07,1.645142033613877e-07,4.2038449464486557e-05,3.0816131302074459e-09,3.9139453858260262e-06,4.415550186831304e-08
2.862958737260962e-06,0.11640260799999998,0.8585084662769803,0.0,0.0,0.30258529290136371,0.11265140429921666,0.0079497897520225281,1.3664709747930599e-17,7.3409840544574767e-05,0.00027911670871986967,3.195491635618581e-10,1.6000970227371913e-05,4.044031564617452e-07,0.00071457441388084783,1.0098052711710102e-07,2.7740279994093626e-07,8.8397147928079715e-07,2.5462764219706949e-07,3.2832752469742615e-10,2.2085788885691649e-12,3.4187732752203124e-08,1.1193229879093331e-06,0.0052665542724215919,0.029669196213270202,4.1783554667704982e-07,1.6474814832424373e-07,4.2021444165012959e-05,3.1018107915914964e-09,3.9126832733430344e-06,4.4054836449716163e-08
2.872131963679137e-06,0.11640260799999998,0.8585084662769803,0.0,0.0,0.30253695832086053,0.11265139691339321,0.0079249400580947895,1.3883404491925808e-17,7.3907066385770588e-05,0.00027906809559021819,3.2340708477643377e-10,1.6110260884858841e-05,4.0589258302643298e-07,0.00071517645752198664,1.0201814233025688e-07,2.7794629363560222e-07,8.8720037736127103e-07,2.5630814126576408e-07,3.3061862403589568e-10,2.2377462569211128e-12,3.4139040240708412e-08,1.1295055983980434e-06,0.005265707826814914,0.0297183951966901,4.1803072506257379e-07,1.6498050185428212e-07,4.200433875260475e-05,3.1220405437100829e-09,3.9113836140066395e-06,4.3954136345327843e-08
2.881305190097312e-06,0.11640260799999998,0.8585084662769803,0.0,0.0,0.30248879290119901,0.11265139052300259,0.0079001759266332378,1.4104416786705548e-17,7.44052070080994e-05,0.0002790166792833572,3.2729192190116151e-10,1.6219733584371056e-05,4.0737856013477983e-07,0.00071577407320127379,1.0306039713601547e-07,2.7848646208220675e-07,8.9041292435037206e-07,2.5799172185456079e-07,3.3291065860708005e-10,2.2671411213869322e-12,3.4090154774029691e-08,1.1397252799208859e-06,0.0052648643957357126,0.029767422142536155,4.1822483039697908e-07,1.6521127383544672e-07,4.1987135144716493e-05,3.142302062828716e-09,3.9100469777532735e-06,4.3853407708152628e-08
2.890478416515487e-06,0.11640260799999998,0.8585084662769803,0.0,0.0,0.30244079595537288,0.11265138507644773,0.007875497012150047,1.4327756126807623e-17,7.4904254305466022e-05,0.00027896249929127608,3.3120368606893571e-10,1.6329387126324919e-05,4.0886108696269539e-07,0.0007163673297737377,1.0410727220111919e-07,2.7902333335317604e-07,8.9360917913012592e-07,2.5967836553787667e-07,3.3520356432541622e-10,2.2967637204944305e-12,3.4041082398860536e-08,1.1499818448010346e-06,0.0052640239646314967,0.029816277749881801,4.184178852987767e-07,1.6544047408803441e-07,4.1969835231226844e-05,3.1625950269493345e-09,3.9086739277618319e-06,4.3752656568466731e-08
2.8987343202918446e-06,0.11640260799999998,0.8585084662769803,0.0,0.0,0.3023977421842115,0.11265138093949933,0.0078533585654786253,1.4530758942691954e-17,7.5354165410297246e-05,0.00027891140662774652,3.3474730503988727e-10,1.6428228957130377e-05,4.1019241060051608e-07,0.00071689758983356554,1.0505339414579305e-07,2.7950372157590229e-07,8.9647192850921729e-07,2.6119894869312243e-07,3.372678719622839e-10,2.3236189648370606e-12,3.3996762369992468e-08,1.1592441339006702e-06,0.0052632701296679357,0.029860101877044267,4.1859075496795995e-07,1.6564541855966961e-07,4.1954184507856278e-05,3.1808853154163432e-09,3.9074075090933795e-06,4.3661966188057686e-08
2.9069902240682022e-06,0.11640260799999998,0.8585084662769803,0.0,0.0,0.30235482382714818,0.11265137748934216,0.0078312886166807174,1.4735661108931765e-17,7.58047985284985e-05,0.00027885813516896531,3.3831275039483268e-10,1.6527215463166449e-05,4.1152093869042056e-07,0.00071742442298688492,1.0600322886778617e-07,2.7998148218239851e-07,8.9932157522965872e-07,2.6272198493627322e-07,3.3933278832274963e-10,2.3506590273087417e-12,3.3952300026116661e-08,1.1685360112169334e-06,0.0052625187025055146,0.029903788288160055,4.1876280773871929e-07,1.6584910491773407e-07,4.1938458625377046e-05,3.1992005826560285e-09,3.9061124472106127e-06,4.3571266590740331e-08
2.91524612784456e-06,0.11640260799999998,0.8585084662769803,0.0,0.0,0.30231204039043819,0.11265137468993718,0.0078092869174650947,1.4942469389382569e-17,7.6256147827402564e-05,0.00027880271278389813,3.4190002871235669e-10,1.6626345806230303e-05,4.1284667104537401e-07,0.00071794787756909544,1.0695676239022742e-07,2.8045663553088132e-07,9.0215816535333862e-07,2.6424746115025719e-07,3.4139826829674436e-10,2.3778840687768528e-12,3.3907699566294519e-08,1.1778573413904921e-06,0.0052617696727383315,0.029947337485638346,4.1893405930752115e-07,1.660515402012647e-07,4.1922658905733567e-05,3.2175405975525238e-09,3.9047891388734634e-06,4.348056192240624e-08
2.9235020316209174e-06,0.11640260799999998,0.8585084662769803,0.0,0.0,0.30226939138254771,0.11265137250573382,0.0077873532206544542,1.515119049819311e-17,7.6708207498565569e-05,0.00027874516705535132,3.4550914609678462e-10,1.6725619159355876e-05,4.1416960760402567e-07,0.000718468001338578,1.0791398077658039e-07,2.8092920194038379e-07,9.0498174587889195e-07,2.6577536431599618e-07,3.4346426727792202e-10,2.4052942461043232e-12,3.3862965125198943e-08,1.1872079895430221e-06,0.0052610230300236182,0.029990749969636261,4.191045251368497e-07,1.6625273140720408e-07,4.1906786653740833e-05,3.2359051301210594e-09,3.9034379765593876e-06,4.3389856252887669e-08
2.931757935397275e-06,0.11640260799999998,0.8585084662769803,0.0,0.0,0.30222687631414119,0.11265137090166587,0.0077654872801791912,1.5361831099851415e-17,7.7160971757766458e-05,0.00027868552528217657,3.4914010818351357e-10,1.6825034706706651e-05,4.1548974842837861e-07,0.00071898484148164563,1.0887487013219914e-07,2.8139920168819974e-07,9.0779236471636293e-07,2.6730568151167416e-07,3.4553074116157803e-10,2.4328897122004108e-12,3.3818100773876694e-08,1.1965878212868495e-06,0.0052602787640812949,0.030034026238071318,4.1927422044083494e-07,1.664526854986369e-07,4.189084315728649e-05,3.254293951518326e-09,3.9020593484990589e-06,4.3299153576080741e-08
2.939188248795997e-06,0.11640260799999998,0.8585084662769803,0.0,0.0,0.30218872686816017,0.1126513699254251,0.0077458656629293314,1.5553054275950597e-17,7.7569057252680761e-05,0.00027863007790359442,3.524266555660297e-10,1.6914629609979672e-05,4.1667548496629564e-07,0.00071944722865223344,1.0974279778201226e-07,2.818200236890703e-07,9.1031087973902922e-07,2.6868502038129532e-07,3.4739093764848581e-10,2.4578841768176228e-12,3.3777615098492289e-08,1.2050545111582609e-06,0.0052596109484272886,0.030072858825090681,4.1942629980913676e-07,1.6663159216783183e-07,4.1876434147448233e-05,3.2708644694929758e-09,3.9007954175104998e-06,4.3217526967138154e-08
2.945875530854847e-06,0.11640260799999998,0.8585084662769803,0.0,0.0,0.30215448449686622,0.11265136940405042,0.0077282528154042065,1.5726493018783868e-17,7.7936814714225697e-05,0.00027857875848295578,3.5539968320543314e-10,1.6995362463230084e-05,4.1774071196685451e-07,0.00071986116309718617,1.1052645708284523e-07,2.8219701212604527e-07,9.1256863030992637e-07,2.6992808064326573e-07,3.4906538718117791e-10,2.4805077075705668e-12,3.3741093178132356e-08,1.2126945700236511e-06,0.0052590115471735054,0.030107714458059445,4.1956265689323503e-07,1.6679176034959181e-07,4.1863418335480381e-05,3.2857944626111206e-09,3.8996393532613806e-06,4.3144070128067949e-08
2.9525628129136967e-06,0.11640260799999998,0.8585084662769803,0.0,0.0,0.30212032914036036,0.11265136920252002,0.0077106839888920701,1.5901202827960447e-17,7.8305024250885713e-05,0.00027852611146575695,3.5838705166328018e-10,1.7076187195479333e-05,4.1880410518922396e-07,0.00072027302520284383,1.1131250034653419e-07,2.8257235248053098e-07,9.1481796476442845e-07,2.711727020900969e-07,3.5074007151177191e-10,2.5032530654542744e-12,3.3704493057334678e-08,1.2203535389542191e-06,0.0052584136872451453,0.030142481598029462,4.196985347311562e-07,1.6695112911075916e-07,4.1850358015550387e-05,3.3007399884423441e-09,3.8984659452782965e-06,4.3070622112510898e-08
2.9592500949725465e-06,0.11640260799999998,0.8585084662769803,0.0,0.0,0.30208626054275906,0.11265136930310983,0.0076931590547221146,1.6077187150107724e-17,7.8673682835208553e-05,0.00027847215082397574,3.613887630569467e-10,1.7157103394067649e-05,4.1986566489332754e-07,0.0007206828389687488,1.1210092027588851e-07,2.8294605543786226e-07,9.1705891020579957e-07,2.724188780382266e-07,3.5241496815517851e-10,2.5261203243572495e-12,3.3667816780713366e-08,1.2280313475137145e-06,0.0052578173632974639,0.030177160505366708,4.1983394097071074e-07,1.6710970207491892e-07,4.1837253840541569e-05,3.3157009275346368e-09,3.8972753918819452e-06,4.2997184903136052e-08
2.9659373770313963e-06,0.11640260799999998,0.8585084662769803,0.0,0.0,0.30205227844910132,0.11265136968829585,0.007675677884688383,1.6254449410594913e-17,7.9042787450158566e-05,0.00027841689041166359,3.6440481931220896e-10,1.72381106509184e-05,4.2092539138783543e-07,0.00072109062815780959,1.1289170959455418e-07,2.8331813166082019e-07,9.1929149408214577e-07,2.7366660184453832e-07,3.5409005483784205e-10,2.5491095565632787e-12,3.3631066366951891e-08,1.2357279254943948e-06,0.0052572225700118535,0.030211751439497097,4.1996888315742048e-07,1.6726748285276658e-07,4.1824106456463299e-05,3.3306771609234947e-09,3.8960678896343503e-06,4.2923760452098929e-08
2.972624659090246e-06,0.11640260799999998,0.8585084662769803,0.0,0.0,0.30201838260534508,0.11265137034075282,0.0076582403510476521,1.6432993013558877e-17,7.9412335089114284e-05,0.00027836034396571996,3.6743522216505962e-10,1.731920856250113e-05,4.2198328502941319e-07,0.00072149641629802401,1.1368486104748066e-07,2.8368859178887057e-07,9.2151574417820613e-07,2.7491586690610721e-07,3.5576530949689893e-10,2.5722208327685626e-12,3.3594243809060041e-08,1.2434432029198954e-06,0.0052566293020956936,0.030246254658910631,4.2010336874049097e-07,1.6742447503891622e-07,4.1810916502529178e-05,3.3456685701297889e-09,3.894843633351255e-06,4.2850350681409209e-08
2.979311941149096e-06,0.11640260799999998,0.8585084662769803,0.0,0.0,0.30198457275836199,0.11265137124335267,0.0076408463265173329,1.661282134193145e-17,7.9782322755861333e-05,0.00027830252510666439,3.7047997316351396e-10,1.7400396729794618e-05,4.2303934622198221e-07,0.0007219002266841809,1.1448036740137524e-07,2.840574464374235e-07,9.2373168860725339e-07,2.7616666665994756e-07,3.574407102793173e-10,2.5954542220987192e-12,3.3557351074628787e-08,1.2511771100480159e-06,0.0052560375542822007,0.030280670421165688,4.202374050826455e-07,1.6758068220645076e-07,4.1797684611233175e-05,3.3606750371470196e-09,3.8936028161145014e-06,4.2776957483676343e-08
2.985999223207946e-06,0.11640260799999998,0.8585084662769803,0.0,0.0,0.30195084865593469,0.11265137237916303,0.0076234956842734071,1.6793937757467813e-17,8.0152747464586998e-05,0.00027824344733940918,3.7353907366940869e-10,1.7481674758250167e-05,4.2409357541598898e-07,0.00072230208237958218,1.1527822144514826e-07,2.8442470619710846e-07,9.2593935580308267e-07,2.7741899458276206e-07,3.5911623554102728e-10,2.6188097921256934e-12,3.3520390106083813e-08,1.2589295773734464e-06,0.0052554473213302817,0.030314998982893093,4.2037099944683785e-07,1.677361079167637e-07,4.1784411408404656e-05,3.3756964444539053e-09,3.892345629284378e-06,4.2703582722127387e-08
2.9920177770609105e-06,0.11640260799999998,0.8585084662769803,0.0,0.0,0.3019205700676178,0.11265137358694932,0.0076079170936565708,1.6958046607424485e-17,8.0486500913937677e-05,0.00027818921205162645,3.763045339305183e-10,1.7554901492634321e-05,4.2504081574103757e-07,0.00072266210012148066,1.1599829141766105e-07,2.8475388508346685e-07,9.2791920299747884e-07,2.785473909380455e-07,3.6062429698522897e-10,2.6399343242552443e-12,3.3487068479561165e-08,1.2659226096818984e-06,0.0052549174025690159,0.030345820343357855,4.20490862408031e-07,1.6787532584306568e-07,4.1772430716433445e-05,3.3892283882424637e-09,3.8912003219166547e-06,4.2637562716033486e-08
2.998036330913875e-06,0.11640260799999998,0.8585084662769803,0.0,0.0,0.30189036054623591,0.11265137495800717,0.0075923734485210366,1.7123203934825227e-17,8.0820603795193519e-05,0.00027813397757796759,3.7908161898056481e-10,1.762820041716754e-05,4.2598657294164814e-07,0.00072302056954958208,1.1672025197161045e-07,2.8508178835181803e-07,9.2989239008108806e-07,2.7967701515817848e-07,3.6213242640852156e-10,2.6611579233433547e-12,3.3453694517685915e-08,1.2729305693146748e-06,0.0052543887028361465,0.030376571464304055,4.2061037834101197e-07,1.6801391623290282e-07,4.1760417510704415e-05,3.4027722538698583e-09,3.8900420458973848e-06,4.2571560446482426e-08
3.0040548847668397e-06,0.11640260799999998,0.8585084662769803,0.0,0.0,0.30186021990979789,0.11265137648039368,0.0075768646573566006,1.728941214651244e-17,8.1155053953288145e-05,0.00027807775352639065,3.8187032943262567e-10,1.7701571253370256e-05,4.2693084743999976e-07,0.00072337750700288714,1.1744409789795074e-07,2.8540842366846099e-07,9.3185893841673295e-07,2.8080786256913357e-07,3.6364060846297478e-10,2.6824806354887096e-12,3.3420269585202239e-08,1.27995340610502e-06,0.0052538612183636981,0.030407252530904989,4.2072955235331645e-07,1.6815188164669854e-07,4.1748372233898213e-05,3.4163279566502014e-09,3.8888709372004165e-06,4.2505577212414387e-08
3.0100734386198043e-06,0.11640260799999998,0.8585084662769803,0.0,0.0,0.30183014797689894,0.11265137814229052,0.0075613906289488013,1.7456673635512412e-17,8.1489849239964557e-05,0.00027802054943092521,3.8467066578206411e-10,1.7775013725606221e-05,4.2787363968702392e-07,0.0007237329286727749,1.1816982400325312e-07,2.8573379868172723e-07,9.3381886955808715e-07,2.8193992852229788e-07,3.6514882793550715e-10,2.7039025058122036e-12,3.3386795030966701e-08,1.2869910700480074e-06,0.0052533349454001689,0.030437863727735673,4.2084838948648336e-07,1.6828922463979712e-07,4.1736295324489766e-05,3.4298954122299172e-09,3.8876871307007205e-06,4.243961429401193e-08
3.016091992472769e-06,0.11640260799999998,0.8585084662769803,0.0,0.0,0.30180014456671989,0.11265137993200341,0.0075459512723777119,1.7624990781055196e-17,8.1824987513770959e-05,0.00027796237475212726,3.8748262840757214e-10,1.7848527561061039e-05,4.2881495016199473e-07,0.00072408685060399922,1.1889742510994244e-07,2.8605792102159551e-07,9.357722052451762e-07,2.8307320839432544e-07,3.666570697473374e-10,2.7254235784666739e-12,3.335327218809409e-08,1.2940435113019785e-06,0.0052528098802104711,0.030468405238775264,4.2096689473050641e-07,1.6842594775093981e-07,4.1724187216806357e-05,3.4434745365600096e-09,3.8864907601816254e-06,4.2373672953301166e-08
3.021508690940437e-06,0.11640260799999998,0.8585084662769803,0.0,0.0,0.30177319993550589,0.11265138164246138,0.0075320854209752122,1.7777380753720322e-17,8.2126903449763426e-05,0.0002779091954527587,3.9002333545635625e-10,1.7914750805298492e-05,4.2966086309300496e-07,0.00072440411120917143,1.1955386496583879e-07,2.8634856638281633e-07,9.3752458636496644e-07,2.8409419437882793e-07,3.6801449412325454e-10,2.7448773975685216e-12,3.3323061431972307e-08,1.3004033019699744e-06,0.0052523383511124547,0.030495833168939973,4.2107326976181386e-07,1.6854847064337514e-07,4.1713263601017836e-05,3.45570565601269e-09,3.8854033941757529e-06,4.2314345224484813e-08
3.0269253894081054e-06,0.11640260799999998,0.8585084662769803,0.0,0.0,0.30174631053070428,0.11265138343872495,0.0075182475144847816,1.7930629439270184e-17,8.2429093924723311e-05,0.00027785524437896458,3.9257346011565983e-10,1.7981031440081705e-05,4.3050557658799116e-07,0.00072472018139645817,1.2021181564039453e-07,2.8663820877934632e-07,9.3927165902554403e-07,2.8511615657792098e-07,3.6937191368412815e-10,2.7644116363893901e-12,3.3292813579204738e-08,1.3067749859197356e-06,0.0052518677945990631,0.030523204935442527,4.2117938350966221e-07,1.6867049532143705e-07,4.1702315373937172e-05,3.4679460984831524e-09,3.8843060548052102e-06,4.2255036876590144e-08
3.0323420878757737e-06,0.11640260799999998,0.8585084662769803,0.0,0.0,0.30171947622170331,0.11265138531252282,0.0075044374872330188,1.8084738543583842e-17,8.2731557391652356e-05,0.00027780052827664127,3.9513300242325671e-10,1.8047369272306898e-05,4.3134909105363804e-07,0.00072503507256183801,1.2087127339299365e-07,2.8692685373384903e-07,9.4101343944505992e-07,2.861390916730982e-07,3.7072931771431638e-10,2.7840263251436856e-12,3.326252956949982e-08,1.3131585271613471e-06,0.0052513982079811384,0.030550520671175186,4.212852394942168e-07,1.6879202361178543e-07,4.1691342843712104e-05,3.4801958033561463e-09,3.8831988373585942e-06,4.2195748792399251e-08
3.037758786343442e-06,0.11640260799999998,0.8585084662769803,0.0,0.0,0.30169269687826888,0.11265138725566277,0.007490655273736815,1.823970976354211e-17,8.3034292308004453e-05,0.0002777450538446073,3.9770196234294005e-10,1.8113764110668731e-05,4.3219140691423466e-07,0.0007253487960075818,1.2153223449397676e-07,2.872145067560447e-07,9.4274994395303848e-07,2.8716299636206619e-07,3.7208669558488247e-10,2.8037214934345562e-12,3.3232210332595729e-08,1.3195538898153729e-06,0.0052509295885800698,0.03057778050864516,4.2139084119583499e-07,1.6891305733975838e-07,4.1680346315854026e-05,3.4924547101939267e-09,3.8820818364261637e-06,4.2136481843889038e-08
3.0426338149643436e-06,0.11640260799999998,0.8585084662769803,0.0,0.0,0.30166864235740243,0.11265138905706865,0.0074782750083822536,1.8379922365612301e-17,8.3306984550649034e-05,0.00027769448398272232,4.0002207823992183e-10,1.8173568048766639e-05,4.3294846674613488e-07,0.00072563015797473714,1.2212838177409301e-07,2.8747255091709311e-07,9.4430830068998048e-07,2.880853368684811e-07,3.7330830458669654e-10,2.8215159788789362e-12,3.3204893660586875e-08,1.3253197939468714e-06,0.0052505086558841058,0.030602266678561554,4.2148566816006435e-07,1.690215663487762e-07,4.1670429173203444e-05,3.5034955442522701e-09,3.8810682483260433e-06,4.2083160372736351e-08
3.047508843585245e-06,0.11640260799999998,0.8585084662769803,0.0,0.0,0.30164463215904941,0.11265139090220785,0.0074659171718114408,1.8520835872928737e-17,8.3579894303217534e-05,0.00027764331007956559,4.0234982218454614e-10,1.8233417871370688e-05,4.3370455639933462e-07,0.00072591059127694176,1.2272574105111497e-07,2.8772980006314298e-07,9.458624093096793e-07,2.8900845769936523e-07,3.7452987623266937e-10,2.8393756969668877e-12,3.3177549863531077e-08,1.3310952184512086e-06,0.0052500885025346623,0.030626707773963417,4.2158029442957689e-07,1.6912967755382188e-07,4.1660493056877103e-05,3.5145437393789146e-09,3.880046879639468e-06,4.202985733781062e-08
3.0523838722061468e-06,0.11640260799999998,0.8585084662769803,0.0,0.0,0.30162066618904876,0.11265139278527056,0.0074535817166798196,1.8662451503876967e-17,8.385302045043102e-05,0.00027759153692182579,4.0468519399910021e-10,1.8293313442706099e-05,4.3445967621881453e-07,0.00072619010396118139,1.2332430962937119e-07,2.8798625818309692e-07,9.4741228193783435e-07,2.8993235648069175e-07,3.7575140295307346e-10,2.8573006680312331e-12,3.3150179598824087e-08,1.3368801374047372e-06,0.0052496691266007405,0.030651103890654032,4.2167472246981648e-07,1.6923739226875044e-07,4.1650538184219137e-05,3.525599251919002e-09,3.8790177978885974e-06,4.1976573351433883e-08
3.0572589008270484e-06,0.11640260799999998,0.8585084662769803,0.0,0.0,0.30159674435348444,0.11265139470049762,0.0074412685957659774,1.8804770470973379e-17,8.4126361879923014e-05,0.00027753916926596739,4.0702819345882336e-10,1.8353254628147064e-05,4.3521382656054348e-07,0.00072646870401441705,1.2392408482067948e-07,2.882419292568764e-07,9.4895793076704212e-07,2.9085703084885875e-07,3.7697287723420494e-10,2.8752909120175486e-12,3.3122783517526972e-08,1.3426745249581046e-06,0.0052492505261581383,0.03067545512418747,4.2176895471631487e-07,1.6934471180976773e-07,4.1640564770890381e-05,3.536662038360751e-09,3.8779810701478836e-06,4.1923309018962262e-08
3.06213392944795e-06,0.11640260799999998,0.8585084662769803,0.0,0.0,0.30157286655868382,0.11265139664218024,0.0074289777619712446,1.8947793980873673e-17,8.4399917482237092e-05,0.00027748621183838789,4.0937882029225894e-10,1.8413241294209421e-05,4.35967007791348e-07,0.00072674639936393364,1.2452506394441569e-07,2.8849681725531031e-07,9.5049936805535655e-07,2.9178247845063849e-07,3.7819429161817538e-10,2.893346448487398e-12,3.3095362264414559e-08,1.3484783553366609e-06,0.0052488326992894104,0.030699761569869411,4.2186299358011984e-07,1.6945163748124921e-07,4.1630573030905366e-05,3.5477320554365337e-09,3.8769367630465366e-06,4.187006493731059e-08
3.0665214552067614e-06,0.11640260799999998,0.8585084662769803,0.0,0.0,0.3015514141209914,0.11265139840763608,0.0074179350282143645,1.9077118516466408e-17,8.4646299727460613e-05,0.00027743804978100562,4.1150090558516072e-10,1.8467268070186469e-05,4.3664404262106274e-07,0.00072699555816088993,1.2506697230861047e-07,2.8872555019895896e-07,9.5188307093029665e-07,2.9261604047035635e-07,3.7929350723254294e-10,2.9096522722443939e-12,3.3070662142589867e-08,1.3537098550506567e-06,0.0052484573149338869,0.030721599155940783,4.2194746519965208e-07,1.6954753490136657e-07,4.1621564971190376e-05,3.5577012171853809e-09,3.8759904610141809e-06,4.1822163066980002e-08
3.0709089809655727e-06,0.11640260799999998,0.8585084662769803,0.0,0.0,0.30152999721269419,0.11265140018584588,0.0074069102748102935,1.9207015575795544e-17,8.4892853751667791e-05,0.00027738941721618994,4.1362916853038571e-10,1.8521331482547053e-05,4.3732029305919983e-07,0.00072724399621647664,1.2560985174954669e-07,2.8895365494220565e-07,9.5326338146347481e-07,2.9345022521055745e-07,3.8039266297575457e-10,2.9260110121754376e-12,3.3045942610092982e-08,1.3589489639527262e-06,0.0052480825542371868,0.030743400609979075,4.2203178384914808e-07,1.6964311528927935e-07,4.1612542392607818e-05,3.5676761692516968e-09,3.8750381212612604e-06,4.1774278504689974e-08
3.075296506724384e-06,0.11640260799999998,0.8585084662769803,0.0,0.0,0.30150861576600807,0.11265140197275134,0.0073959034676775292,1.9337486026372e-17,8.5139578752102652e-05,0.00027734031752763537,4.1576360883440529e-10,1.8575431436324398e-05,4.3799575939522668e-07,0.00072749171918703927,1.2615370032901065e-07,2.8918113436047217e-07,9.5464030872143134e-07,2.9428503097709485e-07,3.8149175352613336e-10,2.9424226817557858e-12,3.3021204124094688e-08,1.3641956634098988e-06,0.0052477084158154387,0.030765166000949268,4.2211595124146072e-07,1.6973837958737418e-07,4.1603505447775995e-05,3.5776568803008009e-09,3.8740797914452081e-06,4.1726411671348382e-08
3.0792452799073143e-06,0.11640260799999998,0.8585084662769803,0.0,0.0,0.30148940272777175,0.11265140358507282,0.0073860126572157436,1.9455400395324228e-17,8.5361776775224612e-05,0.0002772957311981773,4.1768988648319542e-10,1.8624152559734461e-05,4.3860300893507782e-07,0.00072771406310694715,1.2664399106616084e-07,2.8938533355557286e-07,9.5587665807858545e-07,2.9503688574966879e-07,3.8248087491232385e-10,2.9572384501688967e-12,3.2998923656076088e-08,1.3689241674860803e-06,0.0052473722221406975,0.030784724075769026,4.22191573974634e-07,1.6982384797629637e-07,4.1595360039572961e-05,3.5866444183440839e-09,3.8732122122651411e-06,4.1683347024017584e-08
3.0831940530902445e-06,0.11640260799999998,0.8585084662769803,0.0,0.0,0.30147021830947107,0.1126514051982636,0.007376136330958607,1.9573780537807429e-17,8.558411205787158e-05,0.0002772507716631477,4.1962116727494129e-10,1.8672903137157433e-05,4.3920962381276478e-07,0.00072793583642823915,1.271350638339902e-07,2.8958903064885801e-07,9.5711028102324771e-07,2.9578924096109046e-07,3.8346993538225788e-10,2.9720971117961898e-12,3.2976628530438447e-08,1.3736587913467617e-06,0.0052470365303885561,0.030804253045283825,4.2226707679422078e-07,1.6990906177837852e-07,4.1587203227251122e-05,3.5956365731274074e-09,3.8723398538450617e-06,4.1640297375351136e-08
3.0871428262731747e-06,0.11640260799999998,0.8585084662769803,0.0,0.0,0.30145106246201886,0.11265140680943189,0.0073662744642255199,1.96926270783047e-17,8.5806584018786346e-05,0.00027720544134925471,4.2155745093418837e-10,1.8721683100873324e-05,4.3981560425331184e-07,0.00072815704319518549,1.2762691723024637e-07,2.8979222772345977e-07,9.5834118424538174e-07,2.9654209539015445e-07,3.8445893113118001e-10,2.9869986759577113e-12,3.2954319072190578e-08,1.3783995215127354e-06,0.0052467013395592118,0.030823752959435551,4.2234246091851388e-07,1.6999402167479534e-07,4.1579035119890512e-05,3.6046333219835726e-09,3.8714627503357434e-06,4.1597263022913247e-08
3.091091599456105e-06,0.11640260799999998,0.8585084662769803,0.0,0.0,0.30143193513643063,0.11265140841570678,0.0073564270323876382,1.981194063880099e-17,8.6029192077957827e-05,0.00027715974267068669,4.2349873716631916e-10,1.8770492383633952e-05,4.4042095048607486e-07,0.0007283776874272887,1.2811954985610143e-07,2.8999492685831785e-07,9.5956937445936986e-07,2.972954478199866e-07,3.8544785837778103e-10,3.0019431518168176e-12,3.2931995603764299e-08,1.3831463445379658e-06,0.0052463666486556922,0.030843223868061327,4.2241772755726415e-07,1.7007872834585982e-07,4.1570855825889909e-05,3.6136346423025156e-09,3.870580935702955e-06,4.1554244261450246e-08
3.095040372639035e-06,0.11640260799999998,0.8585084662769803,0.0,0.0,0.30141283628382459,0.11265141001423819,0.0073465940108677465,1.9931721838786504e-17,8.6251935656620119e-05,0.00027711367802916547,4.2544502565767195e-10,1.881933091866055e-05,4.4102566274469936e-07,0.00072859777311940356,1.2861296031617241e-07,2.9019713012814598e-07,9.6079485840354763e-07,2.9804929703802648e-07,3.8643671336412255e-10,3.0169305483812597e-12,3.2909658445030752e-08,1.3878992470097098e-06,0.0052460324566838482,0.030862665820893767,4.224928779099554e-07,1.7016318247029515e-07,4.156266545297123e-05,3.6226405115330922e-09,3.8696944437282923e-06,4.1511241382956236e-08
3.0989891458219652e-06,0.11640260799999998,0.8585084662769803,0.0,0.0,0.30139376585542116,0.1126514116021966,0.0073367753751401128,2.0051971295259976e-17,8.6474814177251591e-05,0.00027706724981400031,4.2739631607565938e-10,1.8868198639641268e-05,4.4162974126707804e-07,0.00072881730424185316,1.2910714721854106e-07,2.9039883960339951e-07,9.6201764283974074e-07,2.9880364183601027e-07,3.8742549235556078e-10,3.031960874504264e-12,3.2887307913316502e-08,1.3926582155486365e-06,0.0052456987626523432,0.03088207886756128,4.2256791316639852e-07,1.7024738472339088e-07,4.155446410818699e-05,3.6316509071767487e-09,3.8688033080100194e-06,4.1468254676344743e-08
3.1029379190048954e-06,0.11640260799999998,0.8585084662769803,0.0,0.0,0.30137472380254293,0.11265141317677319,0.0073269711007303683,2.017268962273214e-17,8.6697827063573823e-05,0.00027702046040214149,4.2935260806888587e-10,1.8917095480728662e-05,4.422331862953089e-07,0.00072903628474054621,1.2960210917477386e-07,2.9060005735024316e-07,9.632377345528057e-07,2.9955848100995339e-07,3.8841419164067e-10,3.0470341388856068e-12,3.2864944323419757e-08,1.3974232368089408e-06,0.0052453655655726452,0.030901463057588306,4.2264283450835571e-07,1.703313357797174e-07,4.1546251897922231e-05,3.6406658067910622e-09,3.8679075619639214e-06,4.1425284427697805e-08
3.1068866921878256e-06,0.11640260799999998,0.8585084662769803,0.0,0.0,0.30135571007661383,0.11265141473517949,0.0073171811632153604,2.0293877433229106e-17,8.6920973740550839e-05,0.00027697331215823407,4.3131390126726565e-10,1.8966021376537287e-05,4.428359980756536e-07,0.00072925471853709433,1.3009784479994127e-07,2.908007854305195e-07,9.6445514035017268e-07,3.0031381336013404e-07,3.8940280753116601e-10,3.0621503500726861e-12,3.2842567987626238e-08,1.4021942974784581e-06,0.0052450328644590158,0.030920818440395625,4.2271764310755671e-07,1.7041503631279554e-07,4.1538028927897283e-05,3.6496851879938913e-09,3.8670072388241306e-06,4.1382330920484182e-08
3.1108354653707558e-06,0.11640260799999998,0.8585084662769803,0.0,0.0,0.30133672462915972,0.11265141627464741,0.007307405538223016,2.0415535336295854e-17,8.7144253634387938e-05,0.00027692580743467145,4.3328019528213912e-10,1.9014976262141208e-05,4.4343817685849707e-07,0.00072947260952892863,1.3059435271263644e-07,2.9100102590171767e-07,9.6566986706139653e-07,3.010696376910758e-07,3.9039133636182884e-10,3.0773095164615817e-12,3.2820179215725315e-08,1.4069713842787734e-06,0.0052447006583284999,0.030940145065300607,4.2279234012588202e-07,1.7049848699212226e-07,4.1529795303175518e-05,3.6587090284546538e-09,3.8661023716439673e-06,4.1339394435188664e-08
3.114784238553686e-06,0.11640260799999998,0.8585084662769803,0.0,0.0,0.30131776741180744,0.11265141779242915,0.0072976442014322223,2.0537663938999722e-17,8.7367666172530665e-05,0.00027687794857164834,4.3525148970639027e-10,1.9063960073071543e-05,4.4403972289830501e-07,0.00072968996158941503,1.310916315349943e-07,2.9120078081694367e-07,9.6688192153770432e-07,3.0182595281153102e-07,3.9137977449042544e-10,3.0925116462981243e-12,3.2797778315025743e-08,1.411754483965332e-06,0.0052443689462009163,0.030959442981517451,4.2286692671760324e-07,1.7058168848651308e-07,4.1521551128165238e-05,3.6677373058975736e-09,3.8651929932967802e-06,4.1296475249428985e-08
3.118733011736616e-06,0.11640260799999998,0.8585084662769803,0.0,0.0,0.30129883837628474,0.11265141928579704,0.0072878971285726801,2.0660263845933958e-17,8.7591210783664037e-05,0.0002768297378972145,4.3722778411456236e-10,1.9112972745314067e-05,4.4464063645358505e-07,0.00072990677856797062,1.3158967989270955e-07,2.9140005222488969e-07,9.6809131065155206e-07,3.0258275753446365e-07,3.9236811829763222e-10,3.1077567476789431e-12,3.2775365590371589e-08,1.4165435833275435e-06,0.0052440377270988534,0.03097871223815752,4.2294140402726124e-07,1.7066464146448414e-07,4.1513296506621184e-05,3.6767699981090977e-09,3.8642791364767687e-06,4.1253573638313798e-08
3.1226817849195463e-06,0.11640260799999998,0.8585084662769803,0.0,0.0,0.30127993747442033,0.11265142075204347,0.0072781642954247759,2.0783335659221257e-17,8.7814886897711288e-05,0.00027678117772732773,4.3920907806297437e-10,1.9162014215306731e-05,4.4524091778684477e-07,0.00073012306429017968,1.3208849641505465e-07,2.9159884216980483e-07,9.6929804129618367e-07,3.0334005067703268e-07,3.933563641869568e-10,3.1230448285525214e-12,3.2752941344157917e-08,1.4213386691888909e-06,0.0052437070000476435,0.030997952884229539,4.2301577318934331e-07,1.7074734658976548e-07,4.1505031541654342e-05,3.6858070829261319e-09,3.8633608336998176e-06,4.1210689874099006e-08
3.1266305581024765e-06,0.11640260799999998,0.8585084662769803,0.0,0.0,0.30126106465814301,0.11265142218848083,0.0072684456778194535,2.0906879978517368e-17,8.8038693945832804e-05,0.00027673227036590687,4.4119537108983567e-10,1.9211084419937251e-05,4.4584056716455295e-07,0.00073033882255790989,1.3258807973489787e-07,2.9179715269146634e-07,9.7050212038518985e-07,3.0409783106057476e-07,3.9434450858466004e-10,3.1383758967202457e-12,3.2730505876346522e-08,1.4261397284070259e-06,0.005243376764075376,0.031017164968639904,4.2309003533114889e-07,1.7082980452525212e-07,4.1496756335733569e-05,3.6948485382381504e-09,3.8624381173043277e-06,4.1167824226135905e-08
3.1305793312854067e-06,0.11640260799999998,0.8585084662769803,0.0,0.0,0.30124221987948191,0.11265142359244128,0.0072587412516380715,2.1030897401014724e-17,8.8262631360425234e-05,0.00027668301810488489,4.4318666271536218e-10,1.9260183296540674e-05,4.4643958485709919e-07,0.00073055405714942485,1.3308842848871996e-07,2.9199498582515137e-07,9.7170355485207653e-07,3.0485609751058825e-07,3.9533254793967772e-10,3.1537499598374421e-12,3.2708059484481498e-08,1.4309467478738758e-06,0.0052430470182128642,0.031036348540192944,4.2316419157058357e-07,1.709120159346734e-07,4.148847099068472e-05,3.7038943419996479e-09,3.8615110194520366e-06,4.1124976961331863e-08
3.134528104468337e-06,0.11640260799999998,0.8585084662769803,0.0,0.0,0.30122340309056606,0.11265142496127684,0.0072490509928122811,2.1155388521446109e-17,8.8486698575120391e-05,0.00027663342322426171,4.4518295244189023e-10,1.9309310782896997e-05,4.4703797113875481e-07,0.00073076877181950189,1.3358954131663163e-07,2.9219234360160859e-07,9.7290235164983075e-07,3.0561484885671602e-07,3.9632047872354177e-10,3.1691670254144141e-12,3.268560246370479e-08,1.4357597145157353e-06,0.0052427177614936538,0.031055503647591139,4.2323824301527206e-07,1.7099398147608634e-07,4.1480175607702238e-05,3.7129444722147377e-09,3.8605795721288481e-06,4.1082148343904248e-08
3.138476877651267e-06,0.11640260799999998,0.8585084662769803,0.0,0.0,0.30120461424362421,0.11265142629235908,0.0072393748773238965,2.1280353932088318e-17,8.8710895024783762e-05,0.00027658348799215705,4.4718423975399118e-10,1.9358466817228722e-05,4.4763572628763339e-07,0.00073098297029954582,1.3409141686239008e-07,2.9238922804703144e-07,9.7409851775049484e-07,3.0637408393272843e-07,3.973082974303012e-10,3.1846271008174805e-12,3.2663135106771652e-08,1.440578615293367e-06,0.0052423889929540035,0.031074630339435472,4.2331219076607666e-07,1.710757018062208e-07,4.1471870287351878e-05,3.7219989069365305e-09,3.8596438071456512e-06,4.1039338635143152e-08
3.1424256508341973e-06,0.11640260799999998,0.8585084662769803,0.0,0.0,0.30118585329098441,0.11265142758307924,0.0072297128812047499,2.1405794222765923e-17,8.8935220145514097e-05,0.00027653321466486312,4.4919052411858549e-10,1.940765133819847e-05,4.4823285058565213e-07,0.00073119665629770123,1.345940537734153e-07,2.9258564118303103e-07,9.7529206014473845e-07,3.0713380157650745e-07,3.9829600057644307e-10,3.2001301932699957e-12,3.2640657704066042e-08,1.4454034372020919e-06,0.0052420607116328817,0.031093728664225592,4.2338603591479166e-07,1.7115717758426708e-07,4.146355512956606e-05,3.7310576242869871e-09,3.8587037561391409e-06,4.0996548093912331e-08
3.1463744240171275e-06,0.11640260799999998,0.8585084662769803,0.0,0.0,0.30116712018507386,0.1126514288308479,0.0072200649805365747,2.1531709980854964e-17,8.915967337464194e-05,0.00027648260548689688,4.5120180498505541e-10,1.9456864284906598e-05,4.4882934431849331e-07,0.00073140983349896942,1.3509745070080605e-07,2.9278158502660952e-07,9.7648298584144157e-07,3.0789400063002998e-07,3.9928358470081331e-10,3.2156763098533768e-12,3.2618170543615968e-08,1.4502341672718824e-06,0.0052417329165719484,0.03111279867036015,4.2345977954267654e-07,1.7123840946279375e-07,4.1455230233658034e-05,3.7401206024375254e-09,3.857759450572639e-06,4.0953776976566148e-08
3.1503231972000577e-06,0.11640260799999998,0.8585084662769803,0.0,0.0,0.30114841487841837,0.11265143003309512,0.0072104311514508751,2.1658101791286799e-17,8.9384254150728169e-05,0.00027643166269105307,4.5321808178535933e-10,1.95061055968888e-05,4.4942520777556597e-07,0.00073162250556532173,1.3560160629935579e-07,2.9297706159013484e-07,9.7767130186727359e-07,3.0865467993934999e-07,4.0027104636453627e-10,3.2312654575081193e-12,3.2595673911108721e-08,1.4550707925674506e-06,0.005241405606815552,0.031131840406137035,4.2353342272472733e-07,1.7131939809199589e-07,4.1446895698326377e-05,3.749187819602946e-09,3.8568109217368985e-06,4.0911025536542062e-08
3.154271970382988e-06,0.11640260799999998,0.8585084662769803,0.0,0.0,0.30112973732364295,0.11265143118727015,0.0072008113701287893,2.1784970236551839e-17,8.9608961913563355e-05,0.00027638038849845553,4.5523935393414314e-10,1.9555375214113735e-05,4.5002044124996807e-07,0.00073183467613580967,1.3610651922756781e-07,2.9317207288131488e-07,9.7885701526628015e-07,3.094158383545841e-07,4.0125838215093629e-10,3.2468976430348142e-12,3.2573168089906073e-08,1.4599133001883373e-06,0.0052410787814107214,0.031150853919753616,4.2360696652713404e-07,1.7140014412678194e-07,4.1438551621645211e-05,3.7582592540719243e-09,3.8558582007509318e-06,4.0868294024821063e-08
3.158220743565918e-06,0.11640260799999998,0.8585084662769803,0.0,0.0,0.30111108747347082,0.11265143229084139,0.0071912056128009645,2.1912315896703427e-17,8.9833796104166685e-05,0.00027632878511861059,4.5726562082885332e-10,1.9604673076980663e-05,4.5061504503844875e-07,0.00073204634882668117,1.3661218814767048e-07,2.9336662090317234e-07,9.8004013309947019e-07,3.1017747472989405e-07,4.022455886654564e-10,3.262572873095148e-12,3.2550653361059364e-08,1.4647616772689954e-06,0.0052407524394071509,0.031169839259307029,4.2368041200522297e-07,1.714806482145622e-07,4.1430198101080727e-05,3.7673348841838352e-09,3.8549013185628128e-06,4.0825582690054538e-08
3.1617746394305553e-06,0.11640260799999998,0.8585084662769803,0.0,0.0,0.30109432625675597,0.11265143323871231,0.0071825724021154381,2.2027335487021112e-17,9.0036254510442496e-05,0.00027628206243848904,4.5909353103007739e-10,1.9649065254669901e-05,4.511496503147942e-07,0.00073223643153193588,1.370679354461746e-07,2.9354131967927753e-07,9.8110272578984261e-07,3.1086335517974861e-07,4.0313396121322694e-10,3.2767173886204621e-12,3.2530382719500653e-08,1.4691302244245174e-06,0.0052404591441287292,0.031186902015752808,4.2374642973622461e-07,1.7155289556074022e-07,4.142267193812413e-05,3.7755065206836703e-09,3.8540365922071415e-06,4.0787159943237819e-08
3.1653285352951925e-06,0.11640260799999998,0.8585084662769803,0.0,0.0,0.30107758740822804,0.11265143414174032,0.0071739505143937083,2.2142742508702886e-17,9.0238814465660441e-05,0.00027623507649149841,4.6092548601033047e-10,1.9693480220552203e-05,4.5168374601023376e-07,0.00073242611646983486,1.3752429304758656e-07,2.9371564627941996e-07,9.8216322697527279e-07,3.1154962102274671e-07,4.0402222387539838e-10,3.2908967801650573e-12,3.2510105290205123e-08,1.4735035061200766e-06,0.0052401662389487021,0.031203942025007227,4.2381236943435431e-07,1.7162494792469154e-07,4.1415138274281303e-05,3.7836815224258875e-09,3.8531685425298609e-06,4.0748753916295778e-08
3.1688824311598298e-06,0.11640260799999998,0.8585084662769803,0.0,0.0,0.30106087089362538,0.11265143499811935,0.0071653399324102659,2.2258537379559686e-17,9.0441475564870954e-05,0.00027618782886443754,4.6276148529506087e-10,1.9737917932063853e-05,4.5221733234853539e-07,0.00073261540622969262,1.3798125998446826e-07,2.9388960215397426e-07,9.8322164183686793e-07,3.1223627143191128e-07,4.0491037422297442e-10,3.3051110523007072e-12,3.2489821273318667e-08,1.4778815130495534e-06,0.0052398737231798042,0.031220959321925864,4.238782318504017e-07,1.7169680577749815e-07,4.1407597179346967e-05,3.791859873747353e-09,3.8522971917401908e-06,4.0710364785332184e-08
3.172436327024467e-06,0.11640260799999998,0.8585084662769803,0.0,0.0,0.30104417667875055,0.11265143580605559,0.0071567406389717661,2.2374720515813224e-17,9.0644237403927065e-05,0.00027614032113661244,4.646015283987091e-10,1.9782378346917795e-05,4.5275040955576974e-07,0.00073280430338614269,1.3843883529186135e-07,2.9406318875018203e-07,9.8427797556586108e-07,3.1292330558287815e-07,4.0579840984127085e-10,3.319360209510536e-12,3.24695308675086e-08,1.4822642359299335e-06,0.0052395815961364892,0.031237953941299156,4.2394401773338599e-07,1.7176846958099937e-07,4.1400048722735668e-05,3.8000415589800441e-09,3.8514225619372056e-06,4.067199272453399e-08
3.1759902228891043e-06,0.11640260799999998,0.8585084662769803,0.0,0.0,0.30102750472946943,0.1126514365637676,0.0071481526169169529,2.2491292332098301e-17,9.0847099579484272e-05,0.00027609255487986588,4.6644561482477387e-10,1.9826861423102208e-05,4.5328297786028948e-07,0.00073299281049920065,1.3889701800729532e-07,2.9423640751213815e-07,9.8533223336337613e-07,3.1361072265388708e-07,4.0668632832986708e-10,3.3336442561896083e-12,3.2449234269972326e-08,1.4866516655013556e-06,0.0052392898571349449,0.031254925917852568,4.2400972782802639e-07,1.7183993980692281e-07,4.1392492973460589e-05,3.8082265625156037e-09,3.8505446751103118e-06,4.0633637906251746e-08
3.1791887291672776e-06,0.11640260799999998,0.8585084662769803,0.0,0.0,0.30101251898403891,0.11265143720130412,0.0071404330199426923,2.2596539629600584e-17,9.1029760992475915e-05,0.00027604934549970453,4.6810874922977342e-10,1.9866915532603721e-05,4.5376185441309147e-07,0.0007331621355179805,1.3930990099159019e-07,2.9439199109061257e-07,9.8627929476624278e-07,3.1422972473733676e-07,4.0748535285121932e-10,3.3465297322589878e-12,3.243096220006982e-08,1.4906043687018929e-06,0.0052390276232454729,0.031270181365787984,4.2406880272088095e-07,1.7190409788680745e-07,4.1385686620613554e-05,3.815595889990674e-09,3.849751810296904e-06,4.059913345370679e-08
3.1820673848176335e-06,0.11640260799999998,0.8585084662769803,0.0,0.0,0.30099904718909987,0.11265143773801953,0.0071334931664965824,2.2691531911769944e-17,9.1194225231330353e-05,0.00027601028003531713,4.6960836973419623e-10,1.9902979871355408e-05,4.5419249116992582e-07,0.0007333142611989468,1.3968191509603257e-07,2.9453176343200149e-07,9.8713021909597569e-07,3.1478709074425668e-07,4.0820439071972847e-10,3.3581508289543243e-12,3.2414513301773212e-08,1.4941650492518724e-06,0.0052387918806008418,0.031283895632497408,4.2412191858681996e-07,1.71961706696386e-07,4.137955594118731e-05,3.8222305626631741e-09,3.8490360045897014e-06,4.0568091608537436e-08
